96,69,136,153
95,60,127,170
94,59,127,171
93,61,130,169
90,60,129,173
89,62,132,168
88,60,133,170
87,62,134,168
87,60,133,171
88,62,133,170
86,61,132,168
86,59,132,170
86,61,133,170
85,60,134,169
85,62,133,170
84,65,135,171
85,63,134,171
85,66,134,171
84,65,133,174
85,63,132,176
86,64,132,176
84,67,131,173
85,68,131,173
83,68,132,174
82,69,130,177
83,70,130,175
80,72,131,172
80,74,131,170
80,73,132,171
79,74,132,171
78,77,132,168
80,77,131,169
76,77,133,172
77,76,132,170
75,78,131,169
75,76,131,171
72,75,133,172
72,74,133,173
71,77,133,168
71,76,131,169
69,77,131,168
68,77,131,168
67,76,131,171
68,78,129,168
66,78,131,167
66,80,128,167
70,78,123,169
70,78,125,171
68,80,123,166
67,77,128,166
70,76,125,166
67,72,129,168
70,73,128,164
70,69,130,163
73,61,125,169
75,62,126,165
77,56,126,167
78,53,126,165
79,53,124,161
78,47,128,162
80,44,125,160
83,41,125,160
83,37,125,161
85,31,124,160
85,30,126,157
87,27,124,153
89,20,124,156
90,16,126,156
89,13,128,153
92,8,122,155
93,6,124,154
94,6,124,152
93,4,124,150
95,4,123,144
97,3,120,141
97,2,117,137
99,3,118,138
100,4,120,137
101,3,121,138
100,4,124,138
101,3,121,140
99,4,126,144
100,5,123,150
101,4,122,153
99,5,124,152
100,6,124,154
97,8,127,157
98,11,123,161
99,18,123,161
99,24,122,166
98,30,123,166
96,39,122,162
99,47,120,158
99,54,121,165
99,60,119,167
98,72,119,160
99,78,117,162
100,82,116,161
99,83,116,162
98,85,115,165
96,85,116,168
96,79,116,175
94,78,117,174
92,78,116,171
90,78,118,168
89,75,119,172
86,75,122,171
85,77,122,171
85,76,125,173
84,77,127,168
84,83,130,169
82,83,133,167
84,88,133,165
88,91,133,165
92,94,138,167
95,98,146,167
102,99,150,168
111,100,143,168
123,103,139,166
124,103,143,169
130,103,139,170
132,106,140,171
144,107,132,177
161,110,117,177
173,110,106,176
178,109,104,176
178,111,104,172
187,114,97,160
200,116,88,164
218,119,71,155
217,113,75,160
213,112,85,158
232,116,81,144
235,119,70,129
242,114,62,86
241,118,68,129
232,111,71,140
233,117,80,125
225,120,91,125
218,113,102,131
102,110,108,180
97,108,117,182
95,101,118,191
93,105,117,188
93,106,117,184
91,100,114,189
91,100,115,186
91,104,115,182
93,100,114,184
92,103,113,183
94,103,111,191
93,104,113,186
93,103,112,193
96,106,115,187
95,109,119,191
96,111,119,184
100,114,117,186
103,117,115,178
102,127,116,175
106,133,115,164
101,108,118,183
97,130,132,179
101,136,118,161
88,124,111,139
105,107,151,165
116,101,156,174
121,98,150,174
123,92,160,187
111,156,163,159
113,147,161,178
209,60,108,146
207,58,108,142
203,55,110,142
187,53,121,141
177,51,122,144
173,50,120,146
163,54,123,149
156,52,122,147
146,56,123,149
131,61,131,141
120,58,130,148
110,62,125,152
96,60,130,159
86,64,128,160
76,70,129,159
67,70,129,161
62,78,127,157
58,82,125,162
54,86,127,161
57,89,123,162
56,88,123,161
57,90,120,161
52,91,125,161
55,91,123,162
59,91,119,160
63,94,117,157
66,92,116,157
71,92,114,154
76,93,112,152
84,89,110,153
90,88,113,154
96,90,114,149
100,92,114,143
105,91,115,145
114,94,111,148
118,96,116,157
125,101,115,156
130,107,112,156
139,111,107,153
145,117,103,157
152,122,101,149
156,125,98,144
160,128,99,143
164,128,98,147
170,131,95,142
172,133,90,139
178,134,83,138
177,132,94,144
180,130,89,144
186,135,76,139
177,134,90,142
183,133,81,143
178,134,93,144
179,133,87,142
181,133,85,146
175,135,90,148
168,132,96,141
165,134,100,145
164,133,94,138
160,136,101,144
159,134,97,137
157,139,100,137
155,134,98,144
153,137,101,142
151,135,99,142
148,136,101,143
143,136,101,140
144,137,102,141
143,134,100,141
143,132,102,144
145,133,99,140
143,133,99,144
144,132,99,144
144,134,102,145
146,134,99,142
145,133,102,148
144,134,102,145
143,133,103,144
145,137,102,145
143,137,101,143
143,138,100,141
142,137,99,141
142,134,97,144
142,133,98,141
142,134,97,138
142,134,100,136
139,133,99,133
140,133,102,133
146,134,101,132
143,133,106,129
144,132,109,133
142,130,112,135
144,127,113,142
156,127,105,134
165,129,101,132
173,130,93,130
180,131,86,129
186,135,84,123
192,135,77,122
190,134,84,126
192,135,75,120
200,134,75,120
202,137,74,122
204,139,75,124
209,142,71,120
212,144,68,118
213,146,66,122
215,148,66,118
215,154,66,117
214,159,67,111
214,164,66,115
212,170,68,111
212,172,68,89
212,171,66,81
211,171,63,73
211,168,64,83
208,168,65,75
206,168,68,77
205,167,70,80
205,166,68,65
201,169,74,103
200,168,78,111
202,170,77,98
201,171,77,90
203,173,72,99
203,173,74,78
208,174,64,77
207,175,65,95
206,173,71,98
205,175,73,105
206,173,72,92
205,174,73,102
204,171,75,92
205,172,75,109
205,171,79,112
205,168,76,103
206,167,76,92
208,165,73,76
205,159,75,91
203,156,80,96
203,151,82,109
202,147,85,112
205,146,81,116
204,145,79,115
206,142,78,126
206,141,76,130
203,141,74,123
208,138,76,134
206,138,73,133
213,135,65,130
215,134,66,136
217,133,68,135
221,130,64,136
220,131,69,139
219,130,71,139
220,128,75,137
219,130,77,134
218,128,76,133
217,130,76,132
214,129,81,136
213,126,81,140
212,125,79,143
214,134,70,138
206,140,76,136
202,144,78,138
200,151,74,134
198,151,84,138
186,152,95,140
177,160,99,134
169,160,98,131
164,164,105,132
166,161,97,136
159,163,101,134
158,161,101,141
157,160,105,137
155,156,107,136
152,153,111,140
156,152,110,133
154,139,121,140
157,139,116,138
159,120,129,156
168,120,107,148
189,129,85,129
202,121,72,141
209,99,83,161
208,100,83,148
220,94,76,166
224,83,80,137
228,79,85,145
233,73,86,107
237,68,86,94
238,63,89,102
240,62,91,101
244,57,92,102
241,55,96,107
245,51,94,107
247,48,94,103
247,46,93,108
249,44,92,110
249,41,92,112
248,39,93,118
252,36,87,120
252,38,87,118
252,39,85,118
253,41,85,122
255,44,83,118
244,48,89,115
239,53,91,116
242,62,84,102
236,70,84,104
233,78,84,95
229,86,85,118
224,89,83,112
218,90,90,135
211,88,90,175
221,61,83,192
227,61,85,167
212,51,93,214
197,128,80,141
209,114,83,152
237,37,82,108
244,38,83,122
197,150,86,137
243,31,92,128
201,154,81,123
196,155,89,128
244,31,96,126
205,151,83,124
241,33,100,125
200,137,82,134
246,39,94,116
206,128,79,137
255,49,75,99
215,111,90,153
213,93,100,159
214,88,99,149
223,79,97,130
227,79,93,122
233,64,90,112
236,56,90,114
241,47,90,118
245,41,90,120
249,34,90,123
252,32,90,122
253,31,91,120
253,31,93,119
256,31,94,123
257,32,94,123
256,35,95,119
258,38,94,117
256,45,93,109
255,52,93,106
257,61,87,101
256,69,85,91
259,81,75,81
256,90,72,76
254,100,68,71
247,105,74,79
241,98,71,122
258,81,59,72
251,82,62,72
256,78,59,68
255,75,58,69
256,72,58,70
253,71,68,101
252,63,67,87
255,61,65,86
188,154,97,127
249,58,73,97
250,54,74,103
242,49,80,107
250,57,78,92
245,62,77,90
245,64,77,93
237,59,80,106
235,61,81,105
238,62,74,114
240,65,72,120
236,62,72,126
234,65,70,124
237,72,70,120
241,95,62,130
239,90,70,89
240,110,77,56
243,106,76,67
241,105,80,73
231,100,94,158
228,108,76,68
218,105,61,159
224,105,61,75
281,111,64,61
217,102,56,176
223,109,56,72
219,113,54,97
216,111,48,110
234,111,88,69
214,111,71,82
205,107,71,166
209,107,86,91
201,114,79,170
202,114,81,143
201,116,84,152
202,119,82,141
208,117,84,160
208,127,78,147
213,126,77,156
213,134,74,126
213,144,72,118
212,148,72,127
211,149,75,156
210,158,75,131
209,168,82,185
209,180,94,174
213,181,64,121
216,166,85,194
214,189,65,120
215,176,71,114
218,178,64,83
217,177,61,70
219,175,58,82
216,243,100,97
217,174,70,87
216,180,66,72
213,179,68,84
214,177,62,71
201,234,101,112
212,176,71,72
215,176,68,100
212,173,73,101
208,175,83,131
211,177,72,79
211,166,76,191
210,169,68,80
217,170,61,98
217,165,62,98
217,162,66,116
215,159,67,91
221,158,63,95
215,153,73,124
209,152,76,116
213,148,76,132
208,146,76,131
213,146,70,103
216,141,67,97
220,139,67,94
219,139,68,95
221,143,65,89
219,135,70,89
218,134,67,99
219,123,70,120
218,122,72,105
220,121,70,116
217,120,73,139
216,119,73,155
215,114,76,157
213,112,77,154
209,106,81,164
204,102,85,166
204,96,82,174
202,83,86,180
193,85,92,181
185,76,98,191
183,82,97,168
163,80,110,160
169,77,110,166
170,75,109,184
163,72,119,199
168,71,114,197
158,70,114,198
146,86,121,174
145,87,122,170
145,83,110,162
141,82,109,171
132,78,113,183
125,72,126,188
122,76,125,190
117,74,127,197
111,77,129,197
103,76,116,192
95,79,118,200
83,85,124,200
77,84,119,191
69,92,118,194
63,92,123,196
56,90,120,198
49,97,123,191
39,99,126,189
32,100,127,187
31,100,124,187
33,98,118,194
27,98,120,196
28,100,118,195
25,100,121,198
29,106,115,176
34,111,112,175
32,111,112,167
30,111,115,175
31,109,114,182
31,108,116,183
31,110,115,177
33,108,114,178
35,113,113,170
33,118,114,171
35,118,109,160
32,119,111,155
35,122,106,155
23,124,118,145
22,120,114,137
18,119,117,127
19,120,112,139
23,115,112,127
18,110,117,136
19,114,118,136
9,111,117,166
10,118,116,146
8,118,122,173
9,122,122,163
8,122,127,173
8,121,120,162
9,123,119,161
8,127,132,166
7,126,137,172
5,129,132,173
2,122,144,197
1,130,136,172
0,121,131,191
0,116,133,204
0,130,133,178
0,129,130,189
0,134,133,177
0,137,134,172
0,138,131,167
0,146,131,164
0,150,128,155
0,151,133,171
0,153,124,156
0,151,125,162
0,150,125,166
0,155,132,158
0,159,130,150
0,161,126,142
2,173,130,128
0,171,128,133
0,179,131,123
0,175,130,130
0,186,130,118
0,179,133,127
0,175,126,138
0,180,122,132
0,186,125,124
0,194,127,121
0,191,131,130
7,201,109,111
0,206,117,110
0,199,122,121
0,205,122,98
0,206,119,106
0,199,125,109
0,196,128,109
0,201,128,99
179,104,104,137
178,103,105,133
0,198,127,106
169,98,112,133
169,90,116,135
169,92,117,135
167,88,120,139
170,86,121,144
0,200,133,111
0,197,127,109
0,200,124,104
189,66,110,145
0,202,130,109
0,199,131,106
0,194,132,118
0,205,132,104
0,192,135,123
0,196,137,123
0,197,138,120
0,199,134,120
0,201,134,112
0,200,130,112
0,208,127,93
221,33,110,127
221,41,118,119
0,219,110,91
0,216,135,94
6,224,140,80
2,221,112,85
207,32,61,134
203,61,63,105
199,38,73,129
200,56,73,107
200,52,74,110
201,56,73,103
201,46,71,110
201,42,70,111
202,46,67,103
203,49,65,99
203,51,61,96
206,58,56,91
208,60,51,92
204,58,52,103
206,62,48,101
206,71,42,89
202,59,41,98
208,65,36,93
213,89,37,65
207,66,44,89
213,76,39,75
212,70,39,83
209,91,49,62
204,94,59,59
201,91,74,62
199,69,81,81
200,75,77,77
194,44,60,108
192,37,77,119
189,35,87,124
180,35,106,124
174,34,91,128
168,36,98,124
165,29,93,134
160,28,96,136
153,30,100,134
144,26,106,138
128,28,115,136
117,30,124,130
105,30,132,127
97,29,133,127
98,32,130,123
96,32,131,124
94,29,130,126
100,34,125,123
99,31,127,127
101,32,125,128
104,31,126,126
107,31,125,125
111,30,124,126
122,29,118,126
144,28,96,128
154,30,90,124
162,29,84,123
168,33,83,118
170,33,80,120
175,34,83,121
182,32,89,122
186,37,104,118
193,37,93,116
191,44,82,112
195,36,61,117
192,39,58,116
171,51,87,115
195,82,51,79
188,68,56,93
193,63,50,102
179,46,68,122
185,54,66,117
186,36,59,136
180,29,61,142
186,40,52,130
187,37,58,140
193,35,57,143
198,65,57,115
196,61,51,104
200,66,50,127
200,65,57,134
200,67,63,134
199,63,65,138
201,58,69,146
204,79,71,129
208,90,75,121
209,92,74,124
211,101,74,124
212,107,74,127
212,111,76,128
213,115,76,127
213,115,75,127
213,118,77,128
212,123,78,122
210,125,81,122
211,125,80,120
211,128,78,118
212,126,80,121
212,126,77,119
214,128,75,120
214,127,74,121
217,129,72,119
217,127,72,122
218,124,72,129
217,122,73,133
217,125,74,123
216,125,73,123
215,125,71,123
211,126,77,122
211,127,76,120
211,126,79,121
213,127,77,120
212,127,77,120
216,129,74,119
217,132,72,120
214,129,78,124
209,122,81,128
210,126,71,125
211,128,76,123
211,125,66,126
210,127,79,122
207,121,76,130
206,120,83,132
205,118,81,132
205,120,81,122
210,120,79,130
212,122,78,130
209,123,78,131
211,124,75,128
210,124,74,132
213,124,72,133
213,125,70,130
210,126,75,129
211,126,75,131
210,125,74,131
211,126,76,128
212,129,75,124
207,131,79,120
211,131,74,123
208,133,77,116
210,134,72,117
211,134,73,119
210,135,72,118
214,136,70,119
211,136,70,121
215,141,67,116
214,140,66,115
218,142,67,110
216,142,65,114
218,145,66,111
217,146,59,109
213,147,67,125
213,152,68,118
211,154,67,123
209,154,73,123
219,161,60,107
215,165,60,113
209,168,69,123
220,170,60,105
216,171,65,109
215,172,64,112
215,169,65,117
43,117,67,174
48,122,70,142
14,131,103,167
9,131,113,167
5,130,124,164
7,126,129,168
10,125,136,165
12,118,137,172
27,105,128,183
32,93,131,188
40,93,133,188
55,89,128,184
79,66,116,196
79,72,129,181
87,73,130,177
92,75,134,181
95,77,143,185
130,86,122,163
137,86,127,186
133,96,137,184
137,109,132,184
124,103,150,192
133,107,122,195
151,131,121,157
187,119,96,142
181,119,97,159
182,110,99,168
186,105,99,175
182,102,101,162
190,98,91,161
177,90,109,178
196,97,90,171
197,84,82,186
197,94,81,168
197,76,103,179
200,67,105,184
201,64,107,183
201,56,111,172
205,49,110,174
207,43,112,167
210,35,107,168
209,33,109,158
203,33,115,151
197,34,115,145
202,5,109,165
199,4,114,161
175,2,137,164
163,6,121,158
173,6,129,156
158,2,136,163
161,4,130,150
162,3,123,143
158,1,122,149
157,1,119,154
150,0,120,146
134,1,134,142
127,2,145,139
119,3,150,145
108,3,156,139
105,1,151,129
101,1,144,128
102,0,128,134
102,3,120,129
102,4,115,136
101,2,121,130
98,2,106,140
100,1,99,145
100,5,98,142
99,2,94,148
100,1,100,157
97,5,105,159
95,7,95,163
96,7,100,162
95,6,94,163
93,9,96,163
92,11,99,159
91,10,90,157
94,6,103,162
92,5,105,170
91,6,99,163
93,6,103,153
96,8,105,159
98,8,104,154
100,9,109,154
100,7,110,160
102,7,106,150
105,6,107,148
103,6,126,154
105,7,130,150
111,6,126,149
111,2,138,161
113,7,129,153
116,6,122,157
117,5,129,158
116,5,132,162
125,6,128,167
121,7,132,152
122,8,132,159
123,9,136,162
121,7,132,162
123,5,131,155
119,4,112,160
117,5,115,158
115,7,113,147
113,7,111,152
111,6,109,151
107,6,112,151
104,6,102,152
102,5,105,155
98,6,104,165
93,8,109,164
90,7,106,155
84,9,109,153
84,8,104,151
81,9,102,151
79,14,99,152
76,11,97,154
75,10,93,161
76,12,89,162
72,12,91,163
76,14,90,147
75,18,88,142
79,24,80,134
73,36,83,126
76,26,91,150
75,23,113,141
75,30,88,135
78,24,102,142
78,34,84,131
211,155,56,99
81,11,105,149
78,25,82,142
207,143,63,110
80,15,82,155
77,21,80,147
73,24,83,153
74,23,79,153
72,28,85,144
70,20,86,149
67,20,89,152
67,17,91,154
64,31,83,133
61,43,80,129
62,44,75,119
62,29,87,120
55,49,75,112
168,130,84,126
161,133,87,124
49,45,87,116
49,28,83,117
55,50,70,111
53,42,71,113
47,70,77,96
52,57,69,100
53,67,65,87
62,70,56,86
57,78,68,79
63,80,64,77
63,81,58,72
68,52,66,103
67,37,75,139
65,62,67,113
74,18,106,148
71,31,97,140
67,74,74,111
177,92,91,145
185,96,85,143
183,97,89,145
185,98,88,149
84,52,76,103
190,100,90,141
198,105,82,140
196,103,86,147
199,104,84,140
197,104,87,139
198,101,87,144
201,101,85,138
199,101,84,144
198,100,87,138
196,96,88,142
201,97,85,138
206,94,79,143
201,96,82,145
188,100,94,138
183,99,98,147
197,97,85,156
182,104,94,155
135,40,114,151
165,112,111,153
168,117,106,151
165,119,111,146
167,122,103,143
162,112,111,157
166,111,104,153
165,107,108,155
166,106,102,156
161,96,105,164
169,94,97,164
173,90,93,163
168,87,102,160
168,82,102,150
168,70,103,155
170,64,102,151
172,60,104,146
174,54,106,144
178,43,109,148
179,40,111,149
179,40,116,144
180,40,118,139
180,36,119,139
185,33,114,140
190,37,109,131
194,32,108,128
199,30,101,128
202,28,96,128
203,29,91,128
206,31,87,123
211,35,79,120
204,36,92,116
213,43,88,111
211,39,62,116
209,47,56,110
208,52,54,107
209,49,54,116
209,54,52,114
210,62,50,109
208,62,48,108
204,66,51,104
199,72,59,96
195,82,66,86
192,81,76,87
191,48,81,123
193,53,80,121
186,58,89,116
177,52,101,123
188,73,73,96
189,65,82,100
186,35,102,131
191,44,85,128
184,38,88,131
175,35,98,133
182,34,92,132
178,32,98,136
184,33,90,137
177,30,96,143
174,28,97,144
177,26,94,145
166,27,104,145
159,32,110,140
163,33,105,141
167,33,103,143
165,31,103,143
169,33,99,140
171,26,97,145
179,31,88,136
183,35,87,140
182,34,89,139
185,35,86,139
189,36,80,139
194,33,75,144
201,33,66,142
203,35,65,141
201,32,66,141
199,31,68,139
187,29,83,141
195,30,75,141
192,31,82,143
193,30,81,140
182,28,95,142
199,30,79,141
213,30,66,137
209,27,69,139
209,27,70,139
200,28,80,134
200,30,81,133
196,29,84,132
197,27,83,134
197,26,86,133
200,32,83,126
201,36,81,122
200,30,81,128
201,34,82,126
200,45,82,117
200,41,83,122
203,40,84,125
205,48,79,118
208,49,78,116
208,45,80,119
210,45,77,120
211,46,79,119
212,44,78,120
212,46,76,118
210,36,76,130
212,47,74,119
215,53,69,114
218,64,70,102
219,82,63,84
217,60,59,106
213,21,59,150
44,45,86,150
39,46,105,156
35,60,118,144
34,47,124,156
35,46,123,162
35,47,124,166
35,45,133,172
39,49,127,177
40,50,133,179
47,53,129,177
52,57,126,177
61,63,131,181
73,64,126,185
78,70,135,184
87,75,129,178
95,80,135,172
99,84,133,171
108,90,125,164
118,90,117,161
118,94,116,162
117,95,119,164
121,98,115,164
121,94,114,159
122,99,116,165
123,99,117,163
125,105,115,158
129,104,116,158
131,111,117,154
130,107,121,159
132,110,122,157
129,112,126,153
126,105,126,157
124,108,128,156
120,106,126,157
120,104,123,159
120,103,126,163
117,99,128,167
115,100,128,166
112,100,134,169
108,102,138,168
105,102,134,170
99,103,138,167
91,100,139,169
87,100,136,168
81,99,137,170
76,100,138,173
73,101,139,170
70,101,127,175
67,104,120,175
62,105,121,170
62,106,117,171
58,106,115,173
54,105,112,182
49,104,112,183
48,103,112,187
41,113,108,183
38,116,113,178
34,124,116,153
24,124,126,169
10,126,130,170
17,126,116,142
6,123,126,163
1,123,135,156
3,126,128,156
0,136,140,170
0,141,136,163
2,147,133,154
0,151,132,151
5,155,125,146
0,155,128,148
3,158,125,143
5,157,119,140
0,155,123,146
0,151,128,153
0,150,128,156
0,150,125,153
0,153,124,149
0,149,126,154
0,151,129,143
0,145,131,149
0,144,133,138
0,147,129,149
0,147,128,141
0,154,120,146
2,155,118,141
0,145,126,142
0,144,125,151
0,144,122,142
0,149,121,137
0,142,125,149
0,148,121,145
0,150,116,146
0,149,124,145
1,157,119,143
3,154,114,145
2,156,114,143
3,156,115,145
5,159,115,141
3,155,113,142
0,143,124,155
4,153,109,146
0,147,118,137
0,148,116,144
0,140,124,142
0,140,127,148
0,147,115,147
0,150,120,149
0,146,122,149
0,146,125,145
0,143,122,144
0,152,118,146
0,148,121,149
0,154,117,142
0,150,123,153
0,153,117,144
0,153,120,142
0,151,120,153
0,151,121,149
0,149,120,152
0,145,122,154
0,143,124,157
0,142,124,156
0,146,121,159
4,155,118,148
4,157,117,146
6,160,119,141
0,156,125,145
0,155,126,143
0,139,132,153
0,150,123,144
1,154,116,142
0,153,119,145
1,152,117,145
0,152,120,149
4,158,115,139
0,152,124,142
0,154,122,145
5,158,110,136
1,160,117,134
6,158,116,138
1,158,124,140
6,157,121,142
4,157,117,141
6,158,115,141
7,157,112,142
4,157,115,141
4,155,117,144
2,156,118,142
2,156,119,142
5,158,118,141
0,157,119,145
5,159,117,140
1,154,117,145
5,157,112,140
0,148,121,146
0,151,112,149
0,148,115,152
0,144,123,142
0,154,122,144
0,132,130,160
0,134,133,157
0,127,147,175
0,121,148,187
0,128,156,175
0,105,161,150
63,94,112,158
52,103,110,160
27,126,140,163
27,142,135,153
33,155,121,143
27,165,123,131
34,166,120,132
39,165,120,136
30,163,119,136
31,165,122,130
32,164,128,140
31,166,125,133
31,166,124,133
52,178,113,128
57,201,108,97
38,172,130,132
60,188,110,116
56,189,121,113
54,187,124,111
53,180,123,118
58,191,115,109
44,172,133,131
47,174,119,130
56,183,112,115
48,174,126,127
55,182,113,119
52,170,111,123
51,163,111,127
27,154,121,134
43,146,119,143
27,141,147,153
37,139,146,150
27,136,159,155
44,132,148,143
74,111,121,155
90,101,107,160
94,97,107,157
101,93,103,154
105,94,102,150
111,94,96,147
124,94,87,143
128,96,87,144
135,97,84,140
145,103,78,135
148,101,74,140
148,103,75,144
150,106,78,148
151,108,85,150
150,109,88,152
152,117,84,143
153,118,77,141
152,112,75,147
154,115,73,144
152,110,77,148
153,115,80,145
152,113,85,146
152,117,81,143
152,118,84,140
153,114,79,145
151,115,79,145
149,123,79,136
148,121,79,140
150,126,75,135
146,123,81,136
149,122,74,139
148,121,76,140
149,121,74,141
149,120,73,141
147,119,74,141
149,116,75,144
147,113,72,147
146,108,70,151
143,106,72,152
141,105,75,153
131,106,87,152
123,102,90,162
131,91,79,173
131,95,79,165
112,99,96,169
57,94,156,176
107,97,97,167
101,101,101,169
95,99,101,172
87,100,105,172
80,103,108,170
52,109,131,168
41,101,136,177
35,94,143,185
31,102,125,178
35,103,111,178
39,120,95,153
32,111,99,168
25,117,104,160
13,113,105,170
10,118,103,169
0,120,97,172
0,121,83,170
0,142,70,153
4,150,69,147
0,138,98,162
1,123,144,175
2,140,74,156
9,149,77,144
10,158,68,123
14,170,66,118
11,175,65,119
10,180,63,111
13,162,75,133
14,181,63,109
2,139,99,155
8,153,86,142
13,157,77,138
11,155,89,141
8,136,116,161
23,113,121,174
12,111,140,179
39,96,117,177
36,91,125,185
37,90,121,193
36,106,131,187
33,107,136,188
43,108,130,186
41,114,124,185
57,105,116,187
66,90,105,179
65,90,109,182
61,111,111,176
82,91,100,176
84,89,98,179
59,91,111,166
57,91,114,162
94,87,103,174
94,86,106,175
94,90,114,171
44,95,140,166
0,165,82,139
3,166,68,112
119,87,101,165
111,83,127,171
0,167,72,128
0,185,73,96
0,188,71,83
4,181,62,86
128,80,102,165
0,165,74,125
0,175,70,81
0,165,68,80
4,174,75,70
145,90,92,166
147,101,93,163
0,162,89,129
145,108,92,158
143,115,100,161
150,125,93,143
2,159,72,128
0,161,63,99
8,181,57,119
5,195,64,95
6,177,60,111
7,177,57,112
7,181,59,99
9,184,56,95
145,135,103,148
149,136,100,155
147,123,100,163
153,122,99,168
151,119,99,168
149,116,98,159
144,113,101,166
0,182,79,128
5,176,65,101
2,186,69,91
147,112,93,166
145,106,97,184
150,116,93,165
146,106,94,178
147,103,91,175
144,105,93,167
134,105,100,180
125,106,106,174
115,104,111,184
114,99,105,191
115,100,101,197
112,99,95,200
115,104,87,193
104,112,90,183
90,121,105,184
81,125,115,186
77,122,120,190
76,124,119,191
68,119,128,194
69,119,124,183
65,119,126,171
71,124,117,157
64,125,124,147
68,126,121,146
66,126,120,155
69,126,117,150
62,132,128,169
73,135,119,176
74,131,119,189
78,130,115,182
77,126,118,182
78,123,115,190
76,119,117,182
69,108,125,184
75,102,119,189
80,98,115,187
82,95,110,189
66,89,126,196
38,89,152,198
33,86,153,196
41,84,140,195
37,78,142,200
35,77,140,203
36,71,135,210
33,70,120,208
35,66,115,215
31,68,116,214
12,75,132,213
7,82,130,206
8,82,120,206
7,96,118,202
11,109,113,190
10,120,112,177
5,120,103,174
6,121,102,172
5,120,104,175
14,120,98,173
11,122,104,172
8,122,107,173
14,121,106,174
18,120,125,171
21,120,123,170
23,120,125,168
8,130,133,163
14,127,138,164
14,131,129,163
15,122,141,166
13,119,128,175
1,113,100,182
5,111,104,184
27,98,147,185
27,103,134,164
38,103,132,161
24,95,171,180
31,94,162,170
10,98,178,184
7,102,163,175
10,100,173,174
2,102,172,169
12,113,124,174
9,118,160,183
4,117,171,183
5,129,160,177
9,129,131,165
8,130,132,166
14,146,123,154
14,153,129,146
11,158,139,144
16,169,139,132
44,180,107,121
51,193,105,113
44,193,108,114
53,197,102,109
49,193,105,113
45,189,112,118
54,186,96,120
51,183,102,124
45,182,102,122
54,185,93,117
42,179,105,122
35,176,108,120
3,169,135,131
11,168,127,129
18,164,119,132
22,168,114,127
16,166,119,126
44,167,94,129
27,164,111,135
17,157,125,138
24,161,112,136
7,161,125,134
6,161,125,138
7,160,124,139
8,163,118,134
10,159,123,137
6,160,121,136
6,158,124,141
5,160,128,137
7,161,123,135
8,160,125,134
9,160,124,140
11,159,118,135
7,160,122,138
13,158,117,136
4,162,123,134
5,163,122,132
8,162,120,134
3,162,125,136
6,161,124,137
6,160,121,134
1,158,125,136
4,158,119,137
4,158,112,139
5,161,113,133
4,160,101,132
3,160,99,130
1,163,96,128
2,162,96,129
2,162,91,132
5,162,88,132
0,161,96,134
6,157,90,134
7,159,89,129
15,152,84,124
26,156,86,129
16,154,95,141
11,153,97,140
9,154,102,140
6,154,104,137
10,157,102,134
9,159,106,134
7,159,114,133
7,161,116,134
11,163,114,132
9,163,115,130
12,162,111,130
9,168,112,126
9,169,111,125
15,168,104,128
8,162,110,134
10,163,108,130
10,162,102,131
7,161,101,134
1,156,101,139
2,156,102,142
4,149,109,147
5,158,111,144
0,141,126,159
0,144,127,162
0,147,116,157
0,140,110,162
0,140,135,152
0,137,119,165
0,148,122,136
0,145,127,146
0,148,137,137
0,151,139,146
4,151,130,143
2,150,129,143
0,145,148,148
0,146,147,150
0,150,132,146
0,137,122,166
0,139,117,156
0,133,144,161
0,139,122,159
0,142,125,166
0,137,181,159
0,137,126,164
0,148,123,147
0,146,117,159
6,153,109,145
7,154,115,143
9,155,109,138
2,152,120,143
10,149,123,140
7,147,126,147
0,129,114,116
159,133,120,139
7,161,112,141
2,163,116,138
8,160,112,139
12,158,110,139
11,158,114,137
14,157,109,138
11,158,111,135
7,156,116,140
11,155,105,141
7,155,115,137
11,156,100,142
9,158,112,134
3,151,107,150
10,156,100,141
10,157,109,136
4,151,108,145
7,154,106,142
5,151,110,144
6,152,118,146
9,153,113,143
9,155,106,141
0,139,138,162
7,150,117,142
9,153,108,140
5,142,130,155
13,150,112,137
10,150,111,140
2,147,124,145
0,137,153,159
4,149,102,133
0,150,96,145
0,140,101,149
0,146,119,152
0,146,99,147
0,138,103,151
0,142,105,159
0,149,100,149
2,152,93,140
3,152,96,140
0,137,92,163
3,151,89,142
4,152,96,140
0,149,94,141
149,111,83,144
150,114,83,140
146,115,90,139
0,136,123,154
0,148,102,150
0,144,105,152
0,140,108,155
0,129,106,161
0,132,111,166
0,132,117,161
0,135,108,157
0,133,116,164
2,149,100,149
0,138,118,163
0,136,114,159
1,150,101,143
0,136,105,157
0,150,101,147
0,140,108,154
0,135,113,160
3,148,99,141
0,145,99,152
0,142,102,152
3,153,92,143
0,140,96,151
0,146,99,153
0,158,105,144
0,140,109,157
0,135,111,165
0,140,112,162
0,142,111,160
0,141,113,157
0,141,115,160
0,143,110,159
0,142,105,159
0,138,103,164
1,145,97,155
0,140,103,159
4,150,93,144
3,152,89,134
1,147,93,140
3,153,89,135
0,141,101,144
0,145,110,147
0,143,110,148
0,149,97,139
5,154,94,134
6,153,88,134
5,150,90,130
4,151,93,135
6,153,92,132
7,153,87,131
6,150,85,130
6,150,84,137
6,149,84,125
2,146,87,137
3,151,92,141
5,153,91,135
0,151,95,138
2,150,88,139
7,153,88,133
0,139,98,154
0,142,100,159
4,150,93,147
0,146,97,149
0,135,107,163
0,139,103,161
0,136,104,151
0,134,104,153
0,140,100,153
0,132,105,166
0,132,105,169
0,136,95,160
4,131,98,165
8,122,96,172
16,118,99,177
13,117,108,176
12,112,106,183
10,112,97,185
12,107,101,186
10,111,96,182
14,103,91,167
8,95,102,173
1,94,119,211
187,125,75,125
181,121,80,130
0,93,123,206
0,104,129,186
0,90,129,207
192,114,78,138
192,117,84,134
12,88,131,201
200,115,75,135
195,118,86,128
202,118,77,130
18,85,137,200
210,116,74,133
208,118,76,135
209,120,73,137
208,118,74,142
200,114,86,145
44,78,141,206
46,72,133,205
213,120,72,143
204,113,80,149
54,76,124,200
50,70,126,208
211,118,76,136
212,119,75,135
210,117,78,147
210,117,77,149
213,116,73,135
212,122,72,128
213,122,72,126
51,85,119,199
39,80,139,204
39,77,140,207
42,76,131,206
212,122,69,132
213,118,66,138
211,119,67,142
207,123,73,131
213,121,70,129
210,118,70,143
7,84,143,205
9,82,134,196
5,79,138,200
17,88,119,185
11,101,122,180
21,106,109,171
23,121,107,152
13,92,121,185
9,87,128,192
6,88,133,196
5,91,132,197
8,96,129,193
10,92,126,199
10,95,124,194
8,90,125,201
11,93,123,197
11,89,123,202
13,91,119,202
17,88,116,201
14,90,120,200
14,93,121,198
15,88,119,201
18,93,118,197
19,93,117,200
19,90,119,198
20,94,119,197
19,91,119,201
22,90,119,198
18,92,121,198
18,90,124,192
17,87,126,201
19,90,125,197
16,85,127,202
14,83,128,206
13,84,126,204
15,84,123,193
21,83,119,198
24,90,112,182
25,85,109,187
21,84,112,189
25,77,108,196
19,80,112,195
16,89,116,190
11,79,125,201
10,74,126,209
11,88,126,195
4,76,136,205
4,75,135,210
5,79,129,209
0,78,127,210
0,85,128,211
8,80,144,216
0,80,149,223
4,77,133,219
8,84,133,219
194,126,81,131
199,127,77,133
200,123,78,137
203,124,75,134
200,124,80,133
202,123,76,134
202,120,80,137
202,119,79,137
202,117,79,142
203,114,78,142
204,113,75,147
201,110,77,146
200,106,82,147
201,103,84,147
196,99,89,155
194,96,90,153
193,93,90,155
191,85,88,158
188,80,90,160
184,71,89,171
181,72,94,171
181,72,91,164
179,65,88,172
179,65,84,174
178,65,83,175
168,64,89,174
137,64,112,190
128,63,118,175
122,69,121,171
120,69,114,160
109,68,119,203
100,72,121,176
91,76,128,176
82,78,136,172
75,78,124,158
57,87,146,153
51,87,133,154
42,88,137,163
34,89,136,166
22,87,144,166
20,91,141,165
21,93,132,166
22,95,129,167
26,98,128,168
26,99,137,172
28,100,155,173
29,103,181,169
31,105,177,169
37,104,198,171
48,105,192,170
54,107,180,172
57,105,173,175
59,104,168,178
62,104,157,177
61,104,145,176
59,104,148,181
63,104,138,173
71,104,130,171
78,101,125,168
87,96,121,168
89,99,126,173
89,97,137,173
88,94,145,178
118,92,125,173
142,93,111,169
164,91,98,170
166,95,100,163
170,95,96,162
174,94,98,162
178,95,92,162
185,100,92,156
198,104,81,151
200,107,80,148
207,112,77,146
210,110,75,149
213,110,74,149
219,112,70,150
15,83,121,202
223,119,76,144
221,116,76,156
222,115,75,156
224,117,72,152
226,117,69,146
224,119,73,142
223,120,72,140
222,118,71,137
220,118,72,135
215,118,72,135
212,117,77,135
207,117,79,138
203,116,80,139
198,120,80,137
196,122,77,135
192,119,75,137
184,124,76,136
172,123,85,135
177,119,74,135
186,120,60,131
176,117,66,135
169,118,62,136
151,96,89,195
97,90,134,204
99,88,133,211
100,90,146,209
106,95,151,211
105,94,159,213
94,92,172,211
72,91,173,194
65,93,169,182
65,96,111,158
58,95,111,160
49,95,116,157
43,95,120,159
36,95,123,157
28,99,125,154
24,99,122,153
21,105,120,149
19,104,121,148
20,103,118,151
19,106,121,146
17,106,122,148
19,108,122,147
21,107,125,150
23,105,128,151
31,103,126,155
34,106,128,147
44,103,122,152
55,104,115,149
63,102,115,155
77,102,114,157
82,100,133,157
80,107,158,184
112,108,152,211
114,107,151,229
121,106,142,232
124,113,135,227
123,117,130,223
118,114,130,217
113,115,135,225
104,112,139,227
109,112,139,233
100,112,136,228
93,109,145,232
83,103,143,243
76,101,132,231
74,99,124,229
67,98,131,252
61,92,135,263
50,98,141,223
46,101,142,216
49,96,138,215
50,97,134,205
47,100,134,207
39,102,140,203
38,102,134,204
39,96,129,207
28,98,137,215
36,93,124,199
34,95,118,198
23,101,120,197
26,103,112,193
9,111,123,196
6,100,122,203
9,108,120,196
5,104,119,202
7,107,118,196
5,114,118,194
0,118,121,187
2,135,114,170
3,144,117,158
7,155,111,145
0,153,116,146
5,149,114,150
2,142,106,158
0,115,103,178
0,111,98,180
3,101,94,191
4,101,98,195
4,96,99,203
1,95,95,202
0,105,96,186
0,110,91,187
0,123,91,170
0,123,92,172
0,127,91,167
0,139,96,151
0,150,90,145
0,150,91,147
0,157,95,142
0,149,91,146
0,150,89,148
0,150,89,150
0,151,93,149
0,156,91,139
0,154,88,148
0,152,86,141
0,145,84,158
0,148,90,152
0,146,92,152
0,151,88,147
0,145,87,151
0,141,85,157
0,145,91,152
1,151,88,144
1,142,89,160
2,155,90,143
6,155,84,147
2,135,84,170
6,135,81,163
5,134,84,164
4,147,87,151
1,153,93,146
6,159,86,135
4,136,90,167
3,144,87,148
1,133,90,158
0,147,94,150
1,145,89,148
2,137,89,152
7,150,81,142
0,139,88,163
6,147,81,145
0,155,89,144
3,158,84,140
0,144,90,156
6,159,83,133
0,143,87,151
0,131,94,159
0,148,94,145
1,140,92,148
3,137,90,149
5,145,89,148
1,132,92,165
0,138,93,156
0,150,94,145
7,147,82,141
