377,202,64,80
380,195,58,89
380,196,59,87
380,195,59,89
380,196,59,87
380,195,59,89
380,196,59,87
380,197,60,86
380,195,59,88
380,196,59,87
380,196,59,87
381,196,58,88
380,195,59,89
380,196,58,86
380,195,58,89
380,196,59,87
380,197,59,87
380,197,60,87
380,195,59,87
380,196,59,88
380,196,59,87
380,197,59,87
380,196,58,88
380,196,60,88
380,196,59,86
380,196,59,88
380,197,59,88
381,197,59,86
380,195,59,89
380,196,59,87
380,196,59,89
379,196,59,87
380,196,59,89
379,196,59,87
380,196,59,87
380,196,59,87
380,196,59,88
380,196,59,88
380,196,59,88
380,196,60,87
380,196,59,86
380,195,58,90
380,196,59,87
380,196,58,88
380,195,58,88
380,196,59,88
380,197,58,87
380,195,58,89
380,195,58,88
380,195,58,89
380,195,58,88
380,195,58,89
380,195,58,89
381,196,58,87
380,195,58,89
380,196,59,88
380,196,59,88
380,196,59,88
380,197,58,87
380,194,58,89
380,196,59,88
380,196,59,88
381,195,58,88
381,196,58,88
381,195,58,90
380,194,58,90
380,196,59,88
381,196,59,86
380,200,60,83
379,199,63,82
379,196,64,84
379,196,64,85
380,195,62,85
379,193,63,88
378,190,63,92
378,193,62,91
379,193,61,90
379,195,62,90
377,196,62,90
377,196,62,90
374,195,65,92
370,195,67,93
369,197,65,93
366,198,65,96
361,198,64,96
354,198,67,99
351,199,65,100
344,201,67,100
336,202,71,102
327,203,74,102
324,204,70,103
320,205,67,101
316,203,66,102
310,203,68,103
302,202,67,105
295,202,71,104
293,204,70,103
292,207,69,98
287,208,72,97
296,206,60,100
278,210,78,92
290,204,65,98
282,205,74,102
281,202,73,100
280,200,74,99
283,203,70,98
277,200,76,102
288,202,64,99
277,201,77,103
292,202,60,100
284,196,71,108
295,198,58,105
290,197,65,109
289,196,65,110
285,197,70,106
279,199,75,103
293,204,59,101
284,207,71,96
289,206,65,98
287,206,68,100
289,207,65,97
286,205,68,100
290,202,65,101
287,206,67,100
294,209,60,94
289,206,69,97
290,201,68,102
287,200,70,102
291,199,65,102
291,196,64,110
291,195,63,110
287,194,65,113
290,196,64,109
278,194,75,113
276,197,72,110
276,195,75,114
276,197,74,113
263,194,91,115
278,197,74,106
264,195,91,112
273,193,81,113
246,197,107,106
268,203,85,98
258,202,95,103
263,209,84,96
256,207,90,98
258,206,92,99
252,208,98,94
265,210,81,93
271,210,77,94
276,213,71,94
274,213,81,95
263,211,89,97
252,210,106,98
248,208,104,103
243,205,108,102
239,204,113,102
235,203,120,102
244,203,110,102
231,202,121,84
234,200,108,95
239,200,102,89
238,196,103,101
240,191,107,107
237,189,115,120
242,186,112,119
235,187,119,118
237,186,120,117
239,186,115,116
239,188,109,106
236,189,110,102
244,192,100,104
240,192,110,108
237,191,111,103
238,190,112,107
242,189,106,102
239,188,99,84
236,189,113,128
247,179,106,112
243,184,98,92
242,188,109,122
243,182,109,120
245,192,108,104
248,197,100,91
251,201,99,106
251,203,92,88
251,203,97,108
257,209,89,93
255,205,90,95
252,209,95,94
253,210,90,84
258,206,87,96
253,208,93,88
248,206,96,97
254,209,94,95
250,206,107,109
251,211,86,74
250,212,106,102
250,214,86,60
243,214,109,83
245,214,108,75
248,211,105,80
252,208,102,80
252,206,97,86
244,205,114,99
242,202,113,86
241,199,114,96
245,197,109,92
241,195,116,99
237,193,121,100
240,191,114,101
239,188,115,106
242,186,111,107
238,184,113,110
237,178,111,116
250,174,97,125
232,164,118,157
233,116,123,200
209,121,145,197
203,137,149,173
202,144,156,172
198,133,169,169
181,184,168,116
146,190,199,82
239,206,108,101
117,154,86,101
102,152,86,108
82,153,90,110
69,154,89,107
55,152,91,108
39,150,79,106
18,149,84,117
10,148,76,114
2,147,74,110
0,153,63,105
245,208,93,42
246,211,87,36
245,212,89,35
246,212,87,37
246,211,90,34
246,212,87,33
246,213,86,35
246,212,87,36
246,212,88,37
244,210,95,40
247,209,86,40
243,210,92,40
245,211,86,40
243,210,91,43
244,210,83,36
243,210,90,36
242,211,93,37
242,209,97,55
245,210,84,34
244,212,93,43
248,210,90,59
248,212,88,74
257,214,79,74
258,209,82,75
250,205,92,74
252,203,91,72
250,200,91,70
258,199,83,69
260,190,84,69
258,187,85,67
260,185,84,63
244,186,102,62
244,183,101,67
245,183,102,68
247,183,95,67
247,186,89,65
245,182,92,67
244,182,92,69
247,176,90,75
254,170,79,79
260,163,77,86
257,154,81,95
263,189,78,59
226,190,118,58
238,203,101,46
234,187,104,62
237,132,102,118
242,115,99,130
262,105,87,137
277,97,86,134
270,95,91,123
297,107,67,122
292,110,71,108
312,110,60,103
320,112,65,96
232,89,136,109
234,92,139,112
235,97,144,83
243,101,113,97
367,94,66,68
373,93,71,78
382,90,68,82
262,208,70,41
254,210,83,39
261,209,74,38
243,208,86,41
247,209,86,37
249,209,86,38
245,210,89,37
249,208,84,39
244,209,89,38
247,211,86,35
245,208,89,40
246,209,85,38
245,207,89,42
246,208,87,37
246,208,89,40
248,210,82,37
246,207,90,42
244,207,88,39
245,207,87,39
245,210,89,37
246,209,88,39
245,209,89,38
248,211,86,36
245,208,88,40
249,210,82,36
244,208,89,40
247,210,86,37
247,210,87,39
245,210,89,37
243,210,92,38
246,210,87,37
246,209,91,39
253,207,80,42
249,208,85,38
258,208,78,40
270,210,62,39
245,208,93,41
246,209,90,39
256,209,79,39
245,210,88,39
243,210,91,37
243,210,90,37
243,211,91,37
241,210,91,37
242,211,90,36
243,211,89,36
242,211,96,37
243,212,92,35
243,210,93,37
244,212,90,35
244,211,91,37
246,209,88,37
245,211,91,37
244,209,90,38
244,210,89,37
246,211,87,35
245,212,88,36
244,211,90,37
243,210,90,37
244,210,90,37
243,210,90,37
244,210,91,37
242,210,93,37
241,211,93,36
243,209,94,39
243,213,89,33
242,211,93,37
242,211,91,36
243,209,92,39
242,212,91,35
243,208,97,41
243,208,91,40
242,209,92,38
242,211,91,36
241,209,95,40
243,209,94,38
240,210,96,37
243,206,92,42
247,209,88,36
245,209,93,40
250,210,84,38
249,209,87,39
250,212,84,34
248,211,90,35
250,206,87,42
244,208,90,39
241,206,94,42
241,186,95,68
243,133,100,121
245,155,94,99
240,141,98,107
240,149,96,95
243,151,93,93
241,154,94,94
238,158,96,90
237,163,96,86
235,165,97,83
235,165,100,85
233,170,102,77
234,168,102,80
235,171,101,78
236,168,100,80
236,169,99,81
234,168,102,84
232,167,106,82
235,169,101,80
234,170,102,79
233,169,102,81
233,170,101,79
229,172,105,81
231,174,102,78
231,177,102,74
233,183,102,79
235,189,100,77
236,191,101,79
250,196,91,73
243,194,102,78
250,196,95,78
255,193,93,78
260,197,90,70
267,191,85,73
260,192,94,80
256,194,102,95
242,197,115,95
265,198,92,96
251,199,106,104
269,200,87,100
248,203,109,103
249,205,105,104
251,206,98,102
264,205,85,103
267,206,79,102
270,211,75,96
271,212,73,101
272,215,72,100
270,217,74,99
267,218,75,99
266,218,76,99
264,219,76,102
268,220,71,100
262,221,78,100
265,220,78,109
266,217,77,112
265,216,79,118
267,218,76,118
264,214,79,125
266,212,77,130
267,216,77,127
266,220,79,125
267,210,81,140
270,212,77,143
273,226,83,130
274,233,82,123
273,231,85,123
276,234,85,123
275,235,86,122
272,237,86,119
269,233,96,123
277,230,82,123
270,231,85,122
275,238,79,118
276,232,78,121
280,236,78,119
273,233,89,122
268,229,93,129
272,230,83,124
266,221,98,137
274,217,90,137
274,229,94,128
274,221,89,135
273,218,91,137
271,222,93,134
271,219,92,138
274,229,94,126
275,224,82,131
272,225,83,134
271,226,85,131
263,223,92,134
266,224,86,131
257,224,91,128
258,222,81,131
256,217,81,136
250,207,81,144
242,214,95,135
244,222,66,123
240,212,64,137
236,220,64,129
232,228,61,118
228,223,61,120
224,222,64,121
220,223,67,117
222,221,64,120
220,225,66,116
221,225,66,116
219,223,67,118
220,222,67,118
219,220,68,119
219,220,69,119
219,219,69,123
218,221,68,119
219,220,68,120
219,220,68,120
219,219,68,120
219,219,67,119
220,219,67,121
218,217,70,121
219,220,65,121
219,220,68,119
217,218,71,121
220,220,69,120
219,219,68,122
219,217,73,125
220,219,72,124
220,221,70,119
220,220,69,120
222,220,65,123
222,218,66,124
220,218,70,123
220,222,68,120
222,219,67,123
220,216,74,127
220,220,76,120
221,221,70,120
224,219,64,125
223,219,66,123
222,216,67,126
220,208,71,135
225,216,67,123
220,223,68,114
215,196,81,149
219,177,97,157
227,148,112,151
216,140,127,158
216,165,122,162
218,143,126,162
213,173,119,160
213,156,126,173
216,157,121,168
213,184,109,159
225,145,137,169
218,163,119,177
217,162,123,176
224,141,149,165
218,162,114,160
209,197,100,132
219,199,86,138
223,228,67,103
222,225,65,107
222,222,64,106
221,223,61,106
221,221,64,105
219,219,61,91
222,224,66,114
220,221,69,113
219,221,67,112
218,220,68,110
218,227,72,109
214,225,72,101
215,229,76,102
213,226,76,96
214,229,75,100
213,231,76,96
221,230,67,92
222,229,65,103
220,232,68,98
213,229,77,96
219,228,67,97
212,231,80,101
209,230,83,103
202,224,95,104
201,227,89,100
196,224,98,100
197,222,90,86
189,221,97,103
200,221,83,75
192,220,87,90
181,220,96,85
205,220,73,61
179,218,97,85
198,220,75,75
198,218,76,90
194,218,79,82
187,219,84,73
174,218,93,95
177,219,86,91
182,217,76,101
177,218,81,98
176,218,78,96
171,217,83,99
177,217,77,94
176,217,77,99
180,218,73,97
178,217,79,98
186,217,74,96
186,215,81,97
196,217,74,89
191,214,105,95
209,217,70,83
207,215,94,93
210,217,82,88
219,217,78,91
222,218,79,88
225,217,82,81
225,218,80,84
228,217,82,90
222,218,90,85
228,216,80,87
204,216,107,88
226,216,77,84
219,215,87,88
230,215,81,84
215,214,96,90
227,216,84,85
232,215,81,77
229,216,78,92
240,217,67,81
238,216,65,90
238,215,61,91
237,214,61,91
236,214,63,90
238,215,61,90
235,216,63,89
235,215,63,88
233,214,65,89
239,214,60,90
230,213,69,89
241,213,62,85
234,211,67,91
239,210,69,80
239,209,60,90
239,208,62,92
239,206,64,89
236,206,67,88
235,206,64,86
234,204,61,88
231,202,72,87
233,205,62,83
231,203,58,88
229,203,68,87
230,205,74,74
232,204,57,84
232,203,66,86
231,205,69,71
231,205,62,77
231,203,78,74
232,204,66,77
231,203,69,75
231,204,70,76
230,204,84,68
233,203,61,82
226,205,85,72
230,203,62,82
229,205,87,66
232,204,65,77
230,205,81,66
231,204,89,64
233,204,68,74
230,205,86,61
234,205,72,73
233,205,77,67
232,205,82,67
232,203,62,79
228,205,60,76
222,205,69,80
228,205,57,77
228,206,60,78
226,207,62,75
229,206,61,74
230,207,57,77
224,206,66,77
225,207,68,64
227,207,61,78
230,207,55,74
223,207,63,78
225,204,62,77
225,204,62,68
218,206,65,78
228,206,63,78
226,204,60,78
225,203,57,77
219,203,65,82
225,207,64,78
217,205,77,65
221,201,66,80
220,203,74,77
221,204,72,75
225,206,68,61
221,206,68,73
225,205,61,51
224,205,65,77
230,208,56,72
229,205,58,75
233,204,55,76
235,202,53,77
236,198,53,82
238,201,53,78
241,200,54,79
243,203,54,76
245,202,53,75
244,199,55,79
245,202,54,74
245,199,56,78
245,198,55,79
245,202,57,74
243,206,61,68
245,198,58,77
244,201,58,74
242,205,60,69
244,207,59,66
242,199,60,77
243,200,60,76
241,197,63,80
242,197,60,80
243,199,59,78
243,200,59,75
242,200,61,76
243,201,61,76
244,201,60,75
242,198,64,76
243,199,64,77
244,200,63,74
243,200,65,75
243,199,65,77
244,199,64,79
245,198,64,81
246,200,65,78
245,199,66,80
247,201,64,79
246,198,69,82
246,197,72,82
247,198,70,82
248,199,67,81
247,201,67,78
248,201,66,77
247,201,71,76
248,200,69,77
248,201,68,76
248,199,67,77
249,201,66,76
249,200,65,75
250,200,62,77
248,200,61,77
246,202,65,76
247,202,66,76
246,202,62,75
246,202,65,77
244,199,67,81
243,200,69,81
241,201,69,79
241,201,67,80
242,201,65,81
242,201,64,80
243,202,61,78
244,203,58,77
247,203,56,77
249,205,53,76
250,201,53,80
247,203,56,80
246,203,58,78
247,202,57,78
248,203,55,79
247,203,58,80
247,200,56,82
247,200,57,82
246,201,56,82
246,202,55,81
246,203,57,81
248,203,55,79
246,205,56,78
246,205,56,79
247,205,54,80
247,203,54,82
247,204,54,77
248,204,55,78
246,202,56,79
245,203,58,79
248,202,55,77
247,203,55,79
246,203,55,80
245,201,56,83
247,197,54,88
247,202,56,82
246,203,57,82
246,204,57,81
249,202,55,84
246,202,57,84
248,201,54,84
244,199,58,87
245,202,56,83
245,199,57,87
245,203,57,81
244,203,61,80
242,203,59,81
244,204,61,79
246,204,58,79
245,205,58,81
248,203,55,84
245,185,64,104
245,148,81,147
244,150,78,132
242,189,77,98
245,204,63,81
248,192,67,92
244,191,80,94
246,199,65,88
243,199,70,89
244,199,71,90
246,200,74,88
243,202,80,85
242,201,84,82
240,202,82,94
240,203,80,86
239,205,77,90
238,206,77,92
239,207,75,93
237,209,75,92
237,209,72,90
238,210,70,91
238,211,69,95
238,213,71,96
236,215,78,94
237,216,76,92
240,216,76,96
241,216,77,96
244,218,77,95
247,218,77,95
253,217,76,99
260,217,75,98
269,217,74,96
262,218,92,91
288,220,79,94
306,218,76,99
325,218,70,96
336,210,71,102
346,209,68,102
357,213,65,96
363,216,69,91
370,210,68,94
375,209,69,93
377,206,70,91
378,204,71,92
378,205,72,89
380,203,70,90
376,203,74,89
380,202,68,89
377,200,72,89
379,201,67,88
376,201,68,85
374,201,67,84
374,200,65,83
373,199,64,83
372,199,61,82
371,200,59,80
369,197,57,82
368,197,55,83
365,196,57,83
362,194,56,84
358,193,58,86
353,196,61,84
345,197,65,83
342,199,63,80
334,198,63,80
327,199,63,79
321,199,61,81
314,200,59,82
306,199,58,83
288,201,67,78
282,203,65,74
273,199,66,80
260,203,70,78
249,200,75,76
240,200,90,77
237,202,79,77
230,202,68,78
222,201,70,79
215,200,70,81
206,202,68,83
193,204,72,80
183,177,74,110
178,193,70,93
169,194,81,92
164,194,73,91
159,185,82,99
157,182,75,103
154,193,75,90
150,199,74,84
150,200,71,83
150,201,68,81
149,200,71,82
149,200,70,82
147,177,75,105
149,191,67,90
145,193,75,89
145,197,70,84
146,199,67,84
148,199,64,82
148,201,63,81
145,201,67,82
143,200,68,83
138,200,72,82
140,201,71,81
139,202,73,81
144,203,68,80
148,205,63,79
142,202,70,81
146,205,65,79
147,204,65,78
149,204,63,77
145,205,66,76
145,204,67,77
143,204,68,77
143,204,68,77
142,201,69,81
146,202,65,80
143,200,69,81
144,202,67,80
143,203,70,78
146,198,67,84
146,199,67,84
149,197,65,82
143,194,72,88
143,194,71,90
144,193,73,89
149,194,68,91
146,196,71,90
149,193,70,94
149,196,71,93
153,197,71,93
158,199,68,93
159,202,70,91
166,200,68,95
167,202,71,87
171,199,72,90
177,195,72,97
187,186,66,115
192,200,85,94
195,203,95,88
205,205,72,99
206,207,79,89
211,199,81,101
215,197,85,101
218,195,80,104
221,191,83,93
224,156,86,139
232,157,79,116
232,154,97,118
229,126,94,133
232,121,108,129
233,116,108,132
237,122,106,120
246,125,98,117
263,99,85,131
259,99,93,140
265,97,85,129
270,95,81,126
272,93,81,122
274,98,82,125
276,91,83,128
279,90,80,135
278,93,79,130
280,94,79,120
285,95,70,118
284,100,69,110
283,100,69,103
282,100,66,104
283,102,61,99
282,101,60,100
285,108,58,93
285,117,57,81
282,121,54,76
277,120,58,70
276,120,60,81
275,119,58,81
268,121,65,73
276,121,53,74
271,121,58,71
273,120,53,68
280,120,49,77
270,120,58,74
273,121,54,67
269,122,60,74
269,123,57,66
270,123,59,76
268,124,58,70
270,126,56,65
275,125,53,76
273,126,52,67
273,128,55,74
267,128,60,76
268,131,60,75
270,130,61,84
272,131,59,71
261,133,69,75
247,132,85,84
244,133,81,52
237,134,91,79
245,136,75,49
240,135,83,67
241,137,74,42
232,209,106,38
239,206,99,40
234,206,104,39
235,204,107,42
238,208,100,40
232,206,110,41
235,209,104,39
228,209,113,37
209,142,92,83
202,142,78,85
197,143,102,89
190,145,80,85
191,149,74,75
182,154,67,60
170,157,73,61
156,159,69,57
146,159,69,59
137,163,67,51
125,167,68,47
110,169,79,53
97,170,80,82
78,174,88,79
67,176,79,91
59,177,72,93
58,179,67,99
54,179,66,90
53,180,69,91
58,182,74,89
65,183,78,86
76,181,87,87
95,180,78,85
114,179,66,84
131,172,63,88
150,171,65,84
152,171,70,68
238,206,100,44
187,169,65,102
227,207,113,45
234,206,109,41
237,170,95,78
235,165,109,84
236,146,122,97
263,154,108,86
278,128,115,116
311,145,82,95
336,158,78,82
346,163,70,77
333,150,76,84
347,148,61,93
314,133,70,85
305,131,74,89
295,128,73,97
284,127,78,96
250,114,100,129
240,99,104,132
232,92,96,95
236,88,79,100
243,198,90,51
244,205,90,42
247,204,90,40
249,214,86,31
247,212,85,33
246,212,87,34
245,213,87,35
247,213,85,35
248,212,87,36
245,211,89,37
242,212,97,35
245,212,88,35
243,210,93,40
244,210,90,38
243,210,90,37
239,208,96,39
241,208,95,40
242,206,94,42
242,207,93,41
241,207,96,40
241,209,93,39
244,209,89,36
242,209,92,39
243,208,90,38
242,208,90,38
242,207,90,39
242,208,94,39
243,210,93,37
241,209,96,39
248,206,86,42
251,207,84,41
248,208,89,39
241,211,92,36
240,208,100,39
250,209,88,40
244,210,90,37
243,208,95,40
240,209,99,38
243,207,95,42
240,205,98,43
242,205,96,44
241,204,95,46
242,204,98,45
241,205,98,45
240,206,99,44
240,205,98,45
244,207,92,43
245,205,90,45
243,197,89,55
237,193,86,60
235,174,64,82
237,186,82,69
235,141,66,108
233,150,82,99
228,146,80,102
233,152,76,91
236,160,78,89
240,170,76,82
246,177,69,76
244,181,73,78
244,185,74,76
243,191,79,70
243,194,77,70
245,197,73,65
240,198,81,70
246,198,67,74
245,197,65,89
245,203,61,85
237,204,67,86
240,200,59,76
244,201,56,90
241,202,55,93
247,203,48,91
245,205,53,91
243,203,54,95
246,204,53,92
244,206,56,86
238,205,57,92
237,207,52,93
234,206,53,90
234,205,53,94
236,207,49,91
238,207,52,90
237,206,51,92
238,206,48,91
237,205,48,93
237,206,48,92
