96,69,136,153
89,66,139,164
90,57,135,173
87,54,139,174
82,60,139,168
86,65,138,162
83,59,137,172
84,66,138,159
85,65,138,163
84,67,136,159
85,67,141,153
81,63,138,165
88,61,137,166
83,66,141,163
77,67,140,162
83,59,140,178
80,69,141,168
74,70,142,166
77,65,146,165
85,65,136,172
81,68,136,171
77,70,138,167
80,75,135,162
80,73,136,167
74,79,136,163
79,77,130,163
76,69,137,176
71,72,137,168
78,82,134,161
79,80,132,163
71,82,138,157
71,82,134,163
73,85,141,158
68,77,135,165
71,83,136,163
66,80,135,165
68,76,139,167
65,79,137,163
64,91,137,151
62,83,138,159
62,80,136,163
64,81,139,162
64,79,139,164
60,84,140,158
57,82,140,163
61,80,138,163
62,83,133,161
61,78,135,166
60,77,134,168
61,75,137,167
59,81,138,162
66,76,134,163
65,77,129,156
61,75,134,157
61,75,136,153
71,65,131,159
66,68,129,151
72,59,132,157
76,56,129,155
73,53,128,151
79,43,130,157
76,39,129,157
82,38,129,156
81,37,126,148
83,31,131,149
82,31,134,148
85,23,129,151
83,25,127,148
88,16,129,153
87,13,129,150
90,14,133,143
94,7,122,147
93,8,127,148
96,8,124,141
98,9,128,137
97,9,129,137
96,7,124,138
102,5,124,135
98,9,131,132
98,6,129,138
100,10,126,132
98,8,126,135
101,10,127,140
99,9,125,150
100,6,130,151
96,12,126,152
103,12,125,157
95,20,130,156
91,19,132,165
95,18,140,173
94,24,126,175
92,33,131,174
94,48,130,161
91,59,124,163
94,67,123,158
90,72,125,164
91,79,128,162
90,81,124,161
90,87,124,162
94,88,121,161
89,85,120,171
90,91,124,157
88,86,120,164
87,80,123,169
85,80,125,169
79,79,125,170
82,78,124,170
84,76,129,169
80,81,131,165
80,80,138,165
79,81,138,167
81,82,138,167
84,86,142,170
87,92,140,166
89,92,146,168
95,96,148,169
107,105,139,160
115,103,142,171
123,104,147,174
121,105,159,179
133,105,150,174
134,111,145,176
146,110,137,174
159,107,124,180
165,107,120,185
169,111,121,166
168,114,122,165
180,116,114,154
199,115,99,145
212,117,87,142
217,111,85,145
217,111,85,145
217,111,85,145
217,111,85,145
117,139,103,150
117,121,104,167
113,112,112,175
112,107,113,177
106,102,118,184
104,107,115,178
101,104,118,182
101,98,118,194
97,103,120,181
93,98,123,192
96,94,120,196
95,91,118,203
91,94,124,196
93,95,124,195
96,92,116,204
95,91,122,199
94,94,120,195
97,94,115,194
98,96,115,197
96,101,121,190
99,99,116,196
96,104,126,190
102,105,121,190
103,115,122,185
108,110,118,191
104,116,124,187
109,116,123,191
105,119,128,187
111,120,118,184
113,115,116,194
117,120,110,188
122,116,107,194
126,120,105,187
128,114,108,197
131,119,107,194
132,121,107,186
216,55,102,166
204,55,111,156
197,54,114,150
190,54,123,147
181,49,123,152
171,49,127,152
165,45,126,152
155,42,126,164
147,35,126,170
142,42,122,172
124,45,129,163
108,45,134,177
99,58,127,171
92,65,124,162
75,69,135,159
68,68,132,168
60,79,134,156
45,79,142,157
51,87,135,155
51,79,128,159
43,85,134,160
50,88,132,156
47,91,127,156
50,86,131,153
45,91,128,157
58,93,128,152
66,92,120,153
73,91,120,156
77,90,112,153
84,89,111,152
85,93,114,144
94,89,115,143
98,91,112,142
105,94,117,142
114,98,114,143
118,107,111,138
128,106,110,147
127,119,117,137
135,115,117,145
146,119,106,151
152,120,103,149
156,124,103,148
159,127,102,151
166,130,99,144
165,129,105,143
170,131,99,144
173,130,98,143
172,133,102,141
174,129,100,145
175,130,102,141
172,134,106,142
174,131,103,148
178,128,93,149
172,131,99,145
172,133,99,145
170,133,98,143
171,130,94,148
166,133,99,145
162,136,101,139
162,137,99,141
159,133,100,146
156,134,101,145
152,132,103,144
150,135,101,143
147,136,104,141
144,131,102,148
144,133,104,145
143,128,105,149
142,134,106,145
145,134,101,143
143,134,103,143
142,134,106,143
141,133,102,144
143,134,104,145
143,131,105,148
142,129,106,148
143,131,106,147
143,137,104,141
142,135,105,144
143,132,102,146
139,134,106,143
138,136,108,139
137,135,109,141
139,133,104,141
142,132,98,137
140,133,101,137
136,137,108,132
139,134,105,131
143,132,106,130
140,132,109,134
143,131,113,131
146,127,113,134
150,128,114,134
161,130,100,127
166,129,102,127
173,130,99,121
180,132,93,120
187,130,91,118
189,128,86,123
192,134,87,114
194,135,85,116
195,134,88,117
204,142,81,110
205,142,81,111
209,146,76,108
210,145,76,111
212,146,73,114
213,149,71,111
212,155,73,107
212,158,72,112
213,163,67,112
211,170,66,110
211,172,63,105
209,170,65,110
210,170,64,106
208,168,64,105
208,167,62,107
207,168,61,108
207,166,62,109
205,165,64,108
202,169,66,105
200,166,69,111
198,170,73,112
198,171,74,105
198,171,77,109
197,170,78,109
201,171,75,110
199,170,78,111
199,171,81,113
199,171,81,110
200,171,80,112
201,169,80,113
199,169,80,112
200,170,80,112
200,170,81,112
201,169,81,109
203,165,79,112
205,165,79,112
203,163,84,110
204,159,82,114
206,156,80,113
203,154,85,112
203,152,88,111
201,149,92,110
206,145,88,115
209,139,84,119
210,139,84,120
212,137,80,121
213,137,84,118
215,139,78,114
218,135,77,117
219,134,72,120
222,134,73,122
223,130,72,126
221,129,74,126
221,129,75,129
221,121,74,137
220,126,73,132
219,126,75,128
217,129,73,125
215,132,75,126
211,131,78,129
209,132,79,137
205,137,82,138
202,141,82,140
198,147,87,131
192,147,92,141
180,145,103,144
172,156,106,134
161,157,115,136
161,158,110,137
152,154,115,142
146,150,118,146
144,147,116,152
149,149,114,144
145,146,120,148
147,144,122,149
148,146,122,139
147,142,127,138
149,132,128,140
158,133,124,133
178,128,102,132
190,123,98,127
203,113,85,135
206,102,95,139
214,88,93,154
219,87,94,155
224,85,91,162
227,79,97,178
232,68,91,189
233,63,97,198
234,56,105,206
235,61,107,204
235,54,110,211
238,55,109,207
237,50,109,211
238,44,112,219
240,41,108,219
245,38,106,230
242,39,109,225
248,33,102,231
238,29,109,239
237,23,113,243
235,38,110,225
236,35,110,225
233,41,108,221
226,42,114,219
220,53,117,207
221,61,112,192
219,69,103,181
219,73,103,178
218,77,97,173
219,85,92,159
215,86,96,159
218,70,91,175
218,63,93,190
222,50,95,209
219,48,100,217
222,46,104,216
228,40,100,218
206,68,83,217
190,118,102,178
183,140,108,150
190,151,97,130
189,153,95,130
197,152,89,128
200,149,89,132
198,150,90,124
198,149,93,123
203,142,87,128
207,135,86,127
214,127,78,125
213,122,79,126
215,111,85,133
218,101,81,135
224,88,90,141
228,80,94,152
232,76,89,164
238,65,86,187
239,52,90,206
240,43,97,222
241,38,100,228
244,32,98,233
242,25,104,242
246,23,101,237
249,20,98,246
244,23,109,245
246,28,107,236
246,28,109,237
245,35,109,233
249,43,106,220
251,47,103,215
255,58,94,209
251,65,94,197
245,69,101,192
243,81,97,182
236,90,98,170
240,96,92,160
238,95,89,159
238,81,83,174
235,73,87,193
235,65,91,201
239,60,88,207
228,60,105,209
227,56,107,213
247,52,89,212
204,75,109,204
196,118,124,162
196,126,89,160
196,137,92,141
197,136,90,137
197,136,90,131
201,133,89,133
201,132,94,132
207,125,87,133
210,124,86,132
216,123,87,132
221,121,78,133
225,123,74,133
231,120,70,130
237,123,72,129
240,120,79,130
236,115,91,141
236,116,94,134
229,110,102,140
224,109,108,146
229,106,106,151
226,106,107,150
225,103,115,156
220,110,120,148
219,111,125,149
216,112,120,147
216,112,127,150
213,117,130,144
211,112,122,147
213,112,136,148
207,118,134,142
202,114,129,144
206,111,144,149
203,119,141,140
200,116,113,146
204,113,91,150
204,121,80,147
206,118,89,154
210,121,85,148
211,126,84,148
209,134,86,144
209,137,83,151
211,144,78,162
209,151,82,168
207,160,85,177
209,164,83,190
211,162,83,193
213,152,79,203
213,165,78,186
214,163,74,190
213,166,79,182
219,157,69,184
215,169,76,177
215,170,76,179
214,171,78,172
213,172,81,179
211,169,81,171
211,173,79,170
209,172,83,166
209,172,81,155
209,172,81,168
209,170,82,163
210,170,77,155
210,171,77,153
207,171,86,160
209,168,80,172
211,164,74,164
213,161,74,161
211,160,75,160
213,157,75,163
210,152,79,169
210,150,80,162
210,147,80,172
213,149,78,167
212,143,81,177
213,142,79,179
209,138,84,158
213,135,76,151
213,134,77,148
215,131,76,156
215,127,77,164
219,124,73,172
216,118,78,177
218,111,74,184
216,109,77,188
217,109,78,189
217,114,78,181
215,114,78,182
213,113,79,164
209,104,86,160
208,97,85,162
200,92,93,172
198,86,94,177
194,75,95,188
189,75,100,185
186,69,104,188
180,71,106,196
176,64,108,201
175,67,112,195
171,67,114,198
171,63,116,211
160,63,119,214
152,54,127,224
147,59,125,219
144,56,125,218
144,63,121,204
140,56,117,207
138,57,109,209
129,58,117,210
123,54,117,212
116,51,120,220
105,49,127,231
100,52,123,235
90,50,120,242
85,54,124,240
79,60,115,225
66,79,121,210
65,63,120,228
54,74,126,219
51,79,121,206
44,82,125,202
41,84,123,202
33,91,127,193
27,88,128,199
33,97,118,189
26,98,124,188
31,99,118,193
24,107,119,186
20,107,126,186
21,108,121,188
25,109,117,186
20,105,122,191
21,105,121,187
16,111,129,180
18,111,126,184
21,113,122,184
28,114,111,179
23,116,113,157
13,115,121,179
18,123,114,161
14,122,110,164
9,118,117,173
12,122,113,137
9,120,119,136
8,120,121,120
4,129,127,142
6,118,119,138
7,115,115,158
8,113,111,175
8,119,111,165
4,117,118,157
5,120,117,155
5,119,114,162
2,124,114,145
3,127,108,161
1,123,107,152
2,121,104,168
2,115,107,172
2,115,107,174
1,120,104,166
1,122,103,162
2,125,101,161
2,126,102,164
3,131,101,148
4,132,94,156
2,135,99,150
3,138,94,151
2,143,99,143
-1,144,97,148
5,146,97,147
1,148,100,145
2,151,99,138
1,148,103,153
0,149,108,151
0,158,106,135
6,166,99,123
4,162,93,135
1,162,104,136
0,164,104,134
0,168,105,131
0,165,98,135
4,174,100,121
9,188,96,103
4,203,105,79
5,210,106,73
14,213,99,65
7,214,106,63
1,215,115,70
7,216,109,62
3,218,115,61
2,217,116,61
2,218,117,57
2,218,117,58
1,220,123,58
2,219,119,60
2,220,121,57
1,220,125,64
2,219,124,64
2,219,127,71
3,220,115,68
4,219,128,68
0,219,118,68
6,217,110,68
2,220,116,69
0,220,118,66
2,221,120,73
2,221,120,67
0,222,123,73
4,220,110,74
3,220,107,75
0,221,118,72
1,222,118,68
2,222,111,71
2,223,112,68
0,223,115,72
2,224,114,63
0,223,114,70
1,223,113,70
0,223,111,72
3,225,109,69
-2,223,118,75
1,227,124,65
3,227,139,65
-2,225,137,61
5,225,153,68
-1,224,166,72
-6,225,183,66
-3,224,174,70
0,227,172,65
-3,227,174,64
-4,225,171,69
-4,227,175,65
-11,226,181,67
-14,224,181,72
-45,224,160,72
3,226,161,67
-2,226,174,66
-2,226,173,62
-2,224,171,71
-4,224,170,72
-12,225,150,67
2,227,162,60
-1,226,171,68
0,225,172,68
-9,225,185,70
-7,225,178,75
2,228,162,65
-4,226,173,66
-24,225,178,66
3,228,162,61
-2,226,168,68
-11,226,163,66
0,227,163,57
-1,226,165,69
-8,226,162,69
-2,226,158,66
1,226,153,61
6,226,144,56
1,227,158,62
-2,226,149,59
2,227,156,53
-1,226,167,61
-19,226,151,64
0,227,135,51
6,227,122,57
4,226,124,60
5,227,114,52
4,226,121,55
3,226,117,52
8,226,117,58
10,227,107,55
12,227,103,48
9,226,106,46
5,228,109,47
27,231,131,54
7,228,122,50
6,228,109,49
35,229,126,58
20,229,141,57
3,226,129,55
3,226,129,65
3,227,117,73
5,227,112,62
2,227,115,64
8,227,109,56
8,227,107,51
31,230,113,50
6,227,105,55
36,232,129,54
35,230,132,54
20,229,147,60
3,228,149,57
13,228,153,61
3,229,164,59
-2,228,168,61
6,228,158,59
1,226,164,67
8,228,161,64
4,227,166,67
-3,227,173,68
2,227,167,67
0,228,169,65
-8,228,180,67
-1,229,171,63
0,229,170,61
8,228,158,65
0,227,169,65
1,228,165,62
0,228,166,60
2,227,161,57
5,227,166,62
2,228,166,60
0,227,166,61
3,227,161,62
5,228,157,60
6,228,156,58
3,227,159,62
1,228,161,63
8,228,156,59
1,228,163,62
6,228,160,61
3,228,162,58
2,227,167,61
0,227,168,65
3,228,167,63
0,227,165,65
4,227,161,62
5,228,160,56
6,227,160,57
5,227,162,58
5,227,166,59
2,227,168,64
0,226,171,64
5,227,165,59
10,227,161,62
3,226,167,61
6,226,164,63
2,227,164,63
1,227,160,62
4,226,169,58
4,227,165,57
4,226,165,56
10,227,157,57
5,227,164,58
3,226,165,63
1,227,168,59
5,227,164,62
3,227,167,66
0,228,168,66
3,227,158,61
7,227,158,57
5,226,166,60
3,228,166,59
9,227,156,61
27,229,144,57
9,230,158,58
13,230,159,55
29,228,142,64
2,229,146,69
1,229,167,67
5,228,160,64
6,226,162,63
4,226,167,61
7,225,162,63
8,224,160,65
17,225,149,64
18,226,148,63
21,228,146,60
17,230,149,54
11,229,153,58
23,228,145,58
20,226,144,56
7,212,162,68
3,206,166,74
8,239,162,62
21,247,149,53
-1,218,169,51
4,242,164,54
8,241,169,37
5,239,166,40
-4,169,142,45
-4,176,116,44
41,244,121,32
41,244,121,32
41,244,121,32
41,244,121,32
-2,204,116,35
1,196,121,42
2,176,138,52
-3,166,154,65
0,159,163,72
3,156,166,81
35,108,146,101
49,103,142,105
56,89,148,127
65,85,148,159
73,71,153,183
93,68,137,185
102,54,137,209
122,72,134,195
125,88,141,185
119,89,153,194
121,102,155,194
113,109,173,191
96,70,192,229
134,86,153,215
142,89,140,209
162,98,123,194
167,103,120,187
162,99,127,186
164,99,128,180
164,99,128,180
164,99,128,180
164,99,128,180
164,99,128,180
164,99,128,180
156,76,157,172
165,73,148,166
167,68,148,171
151,54,165,178
155,48,162,181
155,48,162,181
155,48,162,181
155,48,162,181
155,48,162,181
155,48,162,181
155,48,162,181
155,48,162,181
155,48,162,181
155,48,162,181
155,48,162,181
128,137,134,156
128,137,134,156
128,137,134,156
128,137,134,156
128,137,134,156
128,137,134,156
127,3,150,155
118,1,155,147
110,4,167,147
97,4,169,145
93,5,166,143
97,8,148,123
96,7,135,123
93,7,149,129
96,6,141,145
99,6,137,133
89,6,144,137
90,7,131,139
96,6,110,141
96,5,105,148
97,8,104,150
91,4,122,162
90,2,152,177
88,5,155,175
90,5,137,176
88,5,125,170
86,3,149,177
87,4,149,168
86,3,154,178
86,4,156,173
85,3,158,173
91,5,148,164
90,5,138,153
90,5,145,163
94,6,133,161
96,6,149,169
96,8,131,156
97,6,130,156
102,5,139,154
104,9,136,145
108,5,128,152
110,7,130,159
114,4,125,153
109,4,137,164
108,9,142,155
103,6,153,164
101,10,157,160
112,9,151,152
114,10,149,153
113,10,153,154
115,9,144,156
115,6,144,158
113,10,143,151
113,5,137,151
107,5,150,157
104,5,156,165
105,9,135,158
101,4,146,171
101,7,109,156
94,6,113,161
93,6,113,161
91,5,112,156
88,7,110,158
85,7,109,147
81,7,110,154
78,9,121,159
73,7,146,178
72,6,155,176
68,9,147,166
70,9,154,175
69,6,163,171
65,10,152,160
72,14,145,152
69,13,150,153
71,14,156,153
68,15,154,157
71,10,155,165
75,15,148,164
73,11,151,161
72,14,152,163
74,11,153,160
74,7,151,162
74,15,143,165
73,7,150,169
74,7,144,165
73,9,141,169
70,8,148,168
72,7,135,169
71,9,130,154
70,6,139,170
69,5,127,164
66,6,142,165
67,2,126,171
64,5,140,171
64,2,136,172
64,2,117,166
59,5,107,158
55,15,106,147
55,12,110,156
54,12,106,155
52,9,104,154
51,5,110,160
55,3,117,153
140,115,108,136
142,114,104,132
49,44,110,141
62,3,115,151
56,2,116,166
66,3,104,168
60,6,106,168
62,16,96,164
64,12,108,180
68,11,106,173
70,2,107,178
76,9,99,174
76,4,107,175
81,6,106,174
82,12,103,167
86,3,105,174
92,8,96,172
99,3,95,177
102,2,92,178
104,1,95,182
105,6,99,172
108,7,97,176
116,4,87,175
117,5,87,178
123,3,81,180
193,90,98,153
196,90,95,146
191,94,102,141
187,92,109,144
188,89,103,144
118,12,95,160
122,5,86,170
125,4,81,176
120,4,90,178
124,4,90,182
123,9,110,172
124,7,153,162
127,14,153,142
119,14,165,138
132,11,146,121
108,38,176,148
125,15,156,131
136,12,147,114
154,121,123,128
154,111,115,144
164,102,110,146
159,90,111,156
138,13,137,159
140,55,134,174
137,38,138,182
138,23,137,187
137,23,135,183
154,36,127,163
149,25,143,164
143,24,152,161
156,28,146,157
175,21,129,155
168,24,132,156
176,28,124,143
180,25,124,140
194,30,115,136
194,26,106,132
194,26,106,132
125,36,88,149
113,0,99,127
119,16,86,103
118,20,69,83
211,58,64,95
210,57,60,97
208,44,57,113
208,45,55,116
207,46,55,118
207,51,54,120
207,58,54,117
204,61,53,115
201,64,54,107
198,66,58,105
146,3,57,101
146,3,57,101
146,3,57,101
146,3,57,101
146,3,57,101
146,3,57,101
146,3,57,101
146,3,57,101
161,3,72,97
158,18,82,106
157,27,111,115
126,31,151,120
135,33,142,136
145,16,134,150
142,19,132,151
138,17,133,154
142,17,129,154
142,25,131,148
130,26,143,145
128,28,143,145
128,23,140,150
135,29,136,142
126,34,144,138
132,32,136,138
131,33,140,143
129,32,140,143
135,36,134,139
130,34,140,132
120,39,149,135
131,29,137,144
147,36,128,132
141,30,127,141
126,31,143,142
137,32,135,144
145,33,121,139
137,26,137,145
150,29,123,137
151,27,123,140
157,27,120,139
141,20,136,144
141,28,139,138
125,18,155,149
127,8,151,154
126,14,157,146
127,7,156,154
128,14,154,147
133,7,151,148
123,13,159,142
125,20,158,135
132,19,155,136
126,22,158,134
128,19,156,139
131,17,153,147
129,12,155,156
132,7,155,161
124,24,161,148
120,21,167,151
111,12,180,162
102,18,193,161
110,21,191,149
92,29,205,151
106,11,200,166
89,13,206,180
81,14,218,183
79,14,213,175
78,17,214,168
102,12,187,170
63,23,217,166
57,18,229,179
53,18,222,171
39,20,241,212
36,22,229,204
28,22,239,209
35,23,225,181
30,22,237,191
33,25,223,184
31,24,222,193
35,30,215,191
38,40,212,185
41,22,212,206
55,21,194,210
61,29,179,203
71,36,170,195
82,48,143,208
81,73,144,179
90,75,137,174
95,74,137,181
102,75,130,179
104,82,131,183
105,87,134,169
114,85,126,175
113,82,128,184
113,84,125,176
120,91,127,170
118,85,123,181
115,91,134,174
121,92,128,175
119,91,130,180
116,90,139,181
117,103,138,172
116,100,140,170
117,94,140,169
115,100,137,163
115,92,132,166
113,89,134,177
112,86,138,183
112,88,128,177
112,85,135,190
109,86,132,185
106,85,138,189
98,87,141,189
93,88,145,182
89,91,141,178
85,98,142,168
81,93,146,180
76,92,137,181
72,102,139,168
66,104,137,167
65,104,127,170
59,100,133,173
58,103,124,174
56,104,117,174
54,100,113,180
52,103,109,182
51,104,100,183
41,116,106,175
36,120,110,178
24,123,123,176
15,132,125,163
13,127,122,170
8,123,128,170
9,121,118,171
7,127,118,159
6,134,117,131
6,131,116,154
6,140,120,147
1,143,135,151
2,153,134,142
0,154,133,141
1,154,122,145
2,149,111,150
5,158,106,125
1,158,107,117
1,159,108,125
4,157,101,135
2,154,106,132
1,155,108,133
2,159,106,120
2,159,113,125
2,160,106,128
3,156,103,129
2,160,102,117
1,160,107,118
4,159,100,125
2,161,106,117
2,160,109,131
3,160,112,120
1,160,104,118
3,161,104,120
2,159,104,124
1,161,109,124
4,161,98,125
4,154,98,140
3,157,106,133
4,157,101,134
1,154,108,135
3,156,103,131
3,160,104,125
2,157,107,130
3,158,104,132
2,153,108,145
3,158,105,133
1,161,107,117
2,160,105,126
1,160,111,138
1,158,111,136
4,159,106,126
2,161,107,134
2,160,110,134
4,153,102,145
1,161,107,135
3,157,105,138
3,160,107,131
2,156,108,146
1,160,106,124
1,157,112,138
3,157,107,136
1,162,112,131
1,158,109,132
2,161,111,131
2,162,113,127
2,162,105,135
1,161,108,135
1,158,110,138
1,161,113,134
0,159,113,137
0,157,110,136
0,157,107,134
1,157,106,130
2,161,110,131
2,163,110,129
3,159,105,128
1,163,108,127
0,155,110,143
1,163,113,134
2,163,115,133
1,161,112,127
2,166,109,123
1,158,110,137
0,158,113,141
1,163,115,131
5,163,110,132
3,159,109,138
2,164,110,129
3,162,109,133
2,161,109,131
2,165,110,124
1,157,109,135
1,160,109,136
1,161,105,137
0,157,110,139
1,163,108,127
1,161,105,128
2,162,106,134
1,156,107,139
3,159,102,135
2,158,105,130
2,156,105,139
3,162,96,121
2,156,99,141
2,156,93,132
2,156,87,121
2,158,83,128
0,160,85,132
0,162,84,134
3,160,71,124
1,154,49,131
2,138,59,116
0,152,54,105
8,155,77,108
11,158,95,106
34,160,87,103
43,159,69,103
6,157,49,88
0,161,51,90
7,162,41,98
2,163,47,106
9,162,47,108
24,161,39,108
12,165,43,98
15,173,44,87
13,175,45,88
37,172,31,84
11,177,42,88
23,168,40,90
6,179,42,84
4,164,44,91
6,165,41,94
7,164,42,106
11,161,48,107
31,165,43,107
4,160,48,108
7,167,56,99
6,168,71,92
1,164,79,94
2,162,78,92
2,160,71,89
3,162,64,106
2,165,74,118
4,168,81,126
6,165,75,135
5,163,81,136
2,165,91,129
2,163,90,131
1,163,94,127
2,160,90,132
0,162,94,131
4,158,92,139
3,164,100,119
3,163,100,125
3,164,102,119
2,165,102,124
4,163,99,124
4,160,96,139
3,159,95,133
2,159,100,138
4,160,98,138
1,162,101,130
2,162,93,136
2,161,94,136
1,164,94,122
1,164,97,126
1,163,94,136
3,160,92,140
3,161,94,134
3,163,92,137
2,160,94,138
2,164,94,129
3,160,95,142
0,161,113,138
1,157,105,133
0,156,109,141
0,151,102,140
0,149,98,142
5,143,90,147
3,134,88,162
6,131,80,164
11,124,88,169
9,123,86,160
6,118,98,156
6,112,100,156
9,106,103,161
9,106,108,163
11,102,99,165
13,100,102,166
13,106,97,154
14,102,95,152
16,105,91,149
17,106,87,148
57,105,127,162
28,105,156,168
26,103,155,172
29,107,143,173
29,105,131,171
30,106,123,168
24,112,115,169
27,109,106,166
30,116,92,165
19,110,94,180
13,115,86,168
5,124,84,166
0,129,80,152
4,141,69,156
3,149,65,149
6,153,62,145
6,157,63,138
4,143,63,153
3,143,67,154
1,149,69,147
3,151,68,146
6,153,61,151
5,156,62,146
7,157,62,147
7,162,65,141
5,171,69,133
5,146,66,157
6,150,51,152
5,150,52,155
6,154,50,152
7,162,49,141
6,160,52,143
5,162,55,140
9,164,58,137
4,157,64,143
5,156,59,145
6,162,58,140
7,163,53,139
6,150,52,142
5,161,54,143
6,162,55,141
6,158,55,146
6,161,55,142
5,155,56,148
7,159,55,146
6,160,55,144
7,161,56,141
8,159,54,144
9,155,54,149
4,156,58,149
6,157,57,146
6,158,57,147
5,160,57,144
7,163,55,140
6,159,56,144
6,162,56,141
5,159,58,143
6,158,55,146
7,161,56,143
7,162,56,141
7,158,56,145
5,155,58,151
8,157,57,146
7,159,59,144
6,157,58,147
5,164,59,138
6,163,58,139
7,158,56,145
8,158,57,146
6,162,57,142
6,160,58,143
6,161,56,143
8,162,56,142
5,165,57,138
6,161,58,141
6,161,57,143
6,164,56,139
6,159,58,144
7,159,57,145
6,164,57,141
7,159,56,144
4,167,59,137
6,155,57,149
7,156,56,150
8,151,57,152
8,159,56,147
7,164,55,141
6,162,57,142
6,158,56,146
7,155,56,148
8,153,54,153
9,155,54,149
7,155,57,149
6,155,57,151
9,158,54,147
8,157,54,148
6,158,57,148
8,157,54,147
7,158,57,147
6,155,57,146
8,156,55,149
5,154,58,147
6,155,57,150
6,155,55,148
7,148,56,154
7,151,54,153
5,148,56,155
5,150,58,149
6,151,60,152
6,153,61,145
5,154,64,148
5,149,55,153
7,152,57,152
6,152,61,151
7,147,59,157
6,141,63,162
6,143,63,157
7,143,70,159
11,142,69,148
14,131,68,154
26,128,56,160
11,115,72,158
8,113,79,148
12,109,75,144
11,102,77,149
17,98,67,150
20,97,63,148
27,103,54,161
0,121,73,161
64,88,84,184
53,86,116,185
31,72,137,204
27,66,135,214
29,69,127,213
23,69,127,219
15,77,128,206
13,77,128,210
12,79,118,218
10,93,109,197
5,109,110,184
12,114,97,166
8,118,97,167
8,111,98,172
8,116,96,169
5,118,100,167
1,120,111,154
2,122,112,159
4,120,114,166
8,125,107,169
7,120,121,156
6,126,129,133
0,132,110,137
2,126,126,149
3,120,144,142
-6,117,137,155
4,115,151,146
-8,114,132,149
4,115,116,152
6,115,114,147
9,114,116,134
11,116,92,128
5,117,99,118
4,124,107,136
5,119,109,131
8,115,104,144
9,116,109,150
11,117,114,152
10,117,113,163
9,118,122,160
4,126,131,146
-1,131,138,146
2,129,136,149
0,138,136,153
2,148,130,144
10,153,122,144
5,157,139,138
3,170,149,129
4,176,154,121
3,184,157,110
2,188,156,117
8,191,152,113
6,190,152,114
1,191,159,108
7,184,145,115
4,184,153,109
7,185,150,98
5,179,145,112
2,175,138,120
3,174,132,121
1,170,139,120
0,170,130,122
-1,164,134,116
0,162,131,133
1,163,108,115
2,165,131,120
5,156,123,131
4,158,126,126
0,159,133,120
2,160,127,120
4,160,124,118
3,163,119,112
0,163,126,102
0,166,131,104
3,167,124,99
2,167,128,104
3,169,125,106
4,166,122,111
3,166,127,115
4,165,124,126
0,163,126,129
-1,165,125,126
1,164,121,117
0,164,126,113
-1,164,128,114
-1,163,129,123
-1,166,127,119
0,161,121,131
1,165,121,119
1,165,116,105
1,166,109,115
-1,160,110,133
1,158,105,142
8,160,95,139
3,160,97,137
2,161,97,134
5,163,92,126
4,159,91,132
5,162,90,128
6,164,87,122
3,157,93,132
4,158,95,124
1,157,99,128
6,155,96,126
4,151,100,125
4,149,99,139
1,150,108,132
0,153,111,135
0,157,112,122
3,155,110,120
4,156,111,127
3,159,116,127
6,158,113,132
4,157,119,130
5,164,118,118
6,159,115,118
3,161,116,119
4,162,116,112
6,165,110,109
3,161,112,113
4,164,110,100
2,165,110,107
0,165,114,109
4,164,110,101
2,167,113,101
3,168,109,113
1,165,114,110
1,165,115,95
2,164,113,101
2,164,111,89
2,162,109,79
0,166,114,83
0,166,109,73
2,164,114,72
2,168,112,66
0,166,107,73
1,163,112,79
2,164,108,82
2,165,107,75
2,164,110,80
4,163,105,89
1,160,109,87
2,160,108,85
3,160,113,87
4,162,110,90
4,161,111,95
2,159,115,112
6,160,112,110
6,161,115,108
1,161,119,108
5,159,114,113
5,158,115,109
6,162,116,110
4,160,118,110
4,159,118,108
4,160,119,109
5,161,119,108
5,163,120,109
4,162,121,111
2,163,125,109
0,159,125,108
1,161,123,105
1,162,123,105
0,158,124,112
2,160,123,110
2,160,120,106
0,158,123,111
4,158,116,109
5,158,113,116
4,158,113,114
4,157,112,122
1,157,118,117
1,158,117,112
3,160,116,108
3,160,116,106
1,159,117,117
1,155,120,117
3,158,121,109
2,158,121,118
1,158,123,111
0,156,123,105
1,155,121,105
2,156,117,114
2,157,115,119
4,152,108,119
3,155,107,129
3,152,102,128
3,153,98,123
5,150,97,131
2,151,95,126
2,151,97,125
2,152,97,128
3,151,96,126
2,149,92,131
3,151,94,130
3,152,94,129
4,151,95,130
5,153,92,126
6,154,91,127
2,150,98,142
7,149,91,135
6,154,93,127
5,153,93,131
3,152,95,121
4,151,93,126
3,151,96,126
5,150,92,129
5,149,92,129
3,148,92,131
2,148,95,129
1,148,95,130
11,154,83,125
5,151,89,135
5,149,91,141
11,154,81,120
5,152,90,132
6,155,91,121
4,153,92,128
4,151,93,128
4,152,92,131
8,154,90,125
3,153,92,128
4,152,90,129
3,151,94,133
9,151,84,130
4,150,93,130
8,153,85,128
7,152,85,128
3,152,95,132
6,154,89,121
4,148,92,134
3,152,92,124
4,153,91,124
2,149,92,135
1,149,94,133
7,155,88,122
5,150,88,139
6,151,87,137
4,151,89,130
2,150,95,132
5,149,88,133
6,153,88,128
5,151,88,134
5,146,90,135
3,148,91,132
4,146,90,135
2,149,92,128
5,151,90,129
3,142,92,148
6,149,87,128
4,147,90,133
4,143,92,147
6,147,88,138
5,154,93,126
5,154,89,132
7,154,90,124
3,158,95,125
2,156,95,134
2,151,95,145
5,155,93,134
7,154,91,123
4,153,93,130
3,152,96,127
3,147,93,131
2,149,98,132
1,148,97,139
3,148,97,126
2,148,97,125
4,142,95,136
2,143,96,131
3,138,95,132
4,136,92,141
7,135,92,137
5,130,92,145
8,128,92,146
4,128,95,129
2,127,100,106
4,125,102,104
6,120,97,98
6,125,100,109
4,113,102,110
2,127,110,111
3,113,108,121
6,111,115,123
6,109,117,105
0,115,126,122
3,100,118,145
7,99,118,133
8,97,115,136
9,91,116,165
9,88,126,191
7,86,132,196
10,74,132,214
13,71,135,215
10,73,139,206
15,70,137,208
16,73,135,201
18,71,139,203
20,77,141,191
40,75,122,195
32,76,141,193
40,80,129,184
40,77,134,191
46,76,120,191
51,75,121,190
50,72,122,196
51,70,126,198
49,74,120,195
50,75,116,197
50,76,111,186
46,78,120,193
45,77,120,192
43,76,123,196
44,75,120,197
42,78,128,197
36,80,132,191
37,83,129,192
34,79,134,202
36,77,130,202
39,77,122,203
36,78,124,205
18,82,141,185
17,84,137,178
18,81,133,193
13,83,139,181
8,84,145,191
10,79,138,196
14,80,133,204
11,82,133,184
8,83,132,192
10,85,124,194
11,83,126,196
14,89,122,183
8,89,130,186
8,90,134,185
9,84,131,201
10,86,133,196
12,89,127,195
16,89,118,190
16,88,116,195
15,87,121,190
12,91,123,196
17,87,115,198
16,88,117,187
20,90,114,185
21,87,109,198
26,90,107,190
25,86,105,203
26,82,108,210
20,87,118,198
24,90,116,191
22,92,118,193
21,86,118,200
22,87,118,202
21,84,118,205
19,84,121,206
20,81,121,211
18,81,123,206
15,79,128,205
14,77,128,210
19,72,120,207
13,72,125,209
14,69,122,216
14,70,121,209
18,76,116,202
18,75,118,197
16,76,118,195
15,79,124,193
11,77,129,196
11,78,131,202
6,73,138,201
5,75,133,207
4,77,136,205
0,81,136,196
12,73,120,215
5,80,132,202
10,80,121,203
7,85,123,197
10,88,120,191
12,88,120,200
10,92,121,197
9,93,123,196
11,93,119,193
8,92,124,195
6,89,126,193
5,91,128,200
6,96,128,189
7,95,127,186
2,96,138,184
5,93,133,193
10,93,128,192
14,93,124,192
16,92,123,187
15,93,128,189
17,92,129,188
18,91,131,192
24,91,131,186
16,95,143,176
23,89,140,177
33,85,134,194
56,75,111,211
57,78,115,214
64,85,113,202
69,89,108,202
74,87,103,207
81,91,96,203
87,84,123,208
95,66,149,216
99,62,139,217
109,66,125,217
100,63,128,214
91,70,132,207
81,71,140,179
76,72,142,168
71,78,140,157
65,74,136,157
49,79,146,166
33,89,167,158
33,89,143,162
23,92,147,156
22,95,146,163
21,95,143,160
23,97,134,164
23,97,135,167
22,101,138,162
25,104,138,164
30,105,155,158
28,110,162,160
34,105,196,169
36,108,188,169
36,104,183,169
37,107,187,171
43,105,180,179
47,101,168,172
46,108,167,173
59,102,150,173
61,100,142,170
74,97,142,172
74,101,131,158
87,97,130,168
87,92,134,172
86,92,143,171
86,93,153,164
60,84,190,175
67,96,192,157
23,99,211,160
30,90,245,163
14,98,263,162
4,101,289,154
-4,97,292,165
20,92,277,171
10,81,290,188
8,84,282,180
7,79,303,182
-2,83,312,186
-12,77,336,184
-31,75,334,193
-110,68,302,200
4,38,311,229
-5,21,287,248
-46,41,258,217
6,57,202,211
-54,61,190,222
-2,74,146,215
5,74,119,214
11,77,112,209
12,75,113,217
12,81,122,204
1,83,134,191
1,84,142,191
1,84,142,190
5,86,146,184
4,90,154,174
7,91,151,197
7,88,158,208
10,91,163,212
15,89,165,219
27,92,160,221
38,94,167,216
57,89,164,223
70,90,157,226
80,94,139,216
87,91,142,215
93,96,144,208
104,89,143,213
96,97,156,202
100,97,153,195
87,92,171,209
66,89,200,201
52,97,221,192
41,104,232,172
24,109,254,150
9,104,271,158
16,103,268,171
5,103,285,154
-4,109,293,138
-18,103,313,152
-13,102,303,138
-15,107,308,133
-47,102,338,147
-4,105,299,144
-10,106,304,152
8,106,280,160
8,115,277,140
5,116,268,134
10,115,274,152
18,118,261,149
30,115,245,162
61,112,214,166
79,104,190,190
82,106,180,197
102,109,154,201
108,108,149,198
105,113,148,200
114,115,139,200
118,119,127,195
116,116,124,203
108,116,129,202
105,117,127,195
103,116,129,202
98,115,136,200
92,110,143,215
88,112,141,210
80,110,142,208
74,101,146,220
72,95,134,223
62,103,144,210
59,96,135,220
59,88,133,230
57,92,135,216
49,96,144,209
39,99,145,203
35,102,145,209
29,95,145,218
28,100,141,209
30,97,133,207
25,98,136,203
20,99,137,200
17,99,134,203
18,99,122,191
11,100,122,180
10,104,118,187
13,104,109,185
6,101,113,195
6,105,106,182
3,104,108,188
4,111,102,184
3,115,99,182
2,121,100,180
0,126,101,172
-1,130,102,168
-2,133,97,162
0,123,91,175
0,118,88,178
4,111,73,167
7,102,71,180
8,97,87,184
11,89,86,199
7,91,91,199
7,92,89,197
5,78,90,216
5,77,84,206
4,98,83,189
1,109,74,179
0,110,76,185
0,119,70,173
0,122,73,175
0,137,75,160
1,132,77,162
3,140,64,148
2,137,70,164
2,138,71,157
0,135,75,163
2,140,74,156
3,150,72,145
4,147,70,147
2,143,70,151
1,142,73,151
0,133,74,159
0,125,74,170
1,132,77,161
0,130,77,163
1,126,77,170
3,128,76,170
3,122,76,168
2,121,75,169
2,120,78,176
2,120,77,168
2,116,76,168
3,119,77,174
3,117,78,176
4,119,76,181
4,125,78,176
2,125,80,172
5,127,76,159
4,123,77,165
4,123,77,166
4,125,78,159
4,126,80,158
5,131,79,154
3,129,80,159
4,130,80,160
3,127,82,170
6,129,77,164
4,127,77,160
4,126,77,164
3,128,80,161
2,124,82,162
4,123,77,158
3,123,77,163
4,122,75,161
3,121,77,164
3,117,79,170
2,117,78,173
5,121,76,180
3,127,79,169
