408,156,66,85
411,154,61,84
411,155,61,82
410,154,61,82
410,154,61,81
409,155,61,79
408,153,61,81
407,149,62,83
407,153,61,78
406,141,60,89
408,146,59,82
406,138,60,91
407,140,59,88
405,133,61,94
405,135,60,90
405,133,60,88
405,133,60,88
403,128,62,90
403,129,62,90
400,126,63,89
401,127,62,89
399,124,62,87
399,123,61,87
399,120,60,86
399,120,60,85
398,117,60,87
398,117,59,88
396,115,60,88
396,115,60,87
396,113,60,88
395,114,59,87
395,111,60,90
394,111,60,89
394,109,61,89
393,110,61,88
393,108,61,90
393,108,61,90
392,105,63,90
392,105,63,90
393,105,64,90
394,104,64,90
393,102,64,90
394,102,64,91
392,98,65,94
392,99,65,94
391,96,64,97
390,95,64,97
390,107,61,86
390,95,61,98
389,95,59,99
388,95,59,100
384,87,59,112
381,88,61,110
375,106,62,97
374,116,63,85
369,125,65,82
369,125,65,82
365,128,65,88
364,130,64,88
362,141,59,85
363,144,57,89
359,158,61,87
359,158,60,92
354,163,60,92
354,170,60,89
349,178,63,88
347,186,65,86
350,190,60,88
344,198,66,85
344,204,64,85
344,203,63,87
339,209,63,89
337,211,64,89
334,212,64,90
331,213,65,89
331,210,62,91
328,210,64,89
328,210,63,87
328,209,63,84
338,188,54,98
337,183,56,101
334,176,66,95
337,173,62,93
335,152,71,100
342,140,67,109
334,133,80,98
339,141,75,86
335,110,78,98
336,113,80,94
346,78,68,110
349,92,70,92
350,64,78,104
349,78,74,87
351,27,77,126
346,66,80,80
357,11,78,130
355,22,80,118
363,12,76,121
361,13,76,116
365,15,74,107
371,13,69,107
366,7,73,109
373,5,65,111
362,5,76,113
360,7,77,114
360,8,80,113
368,11,72,108
368,7,72,112
364,8,74,119
362,21,83,114
363,26,72,110
364,73,66,73
335,32,93,114
341,66,88,84
350,76,72,91
362,83,60,84
354,98,66,90
352,111,67,87
352,123,60,81
350,119,62,99
349,142,56,78
346,128,57,102
347,168,52,71
350,158,46,81
341,200,49,50
342,175,49,74
331,188,51,69
329,190,54,66
318,187,56,71
319,189,54,69
314,190,53,69
314,191,52,68
310,180,50,82
308,177,50,88
307,183,49,83
306,178,50,91
305,186,49,81
304,190,48,78
305,198,47,62
305,186,48,79
304,202,49,58
304,195,48,68
305,180,48,81
305,183,47,74
304,183,48,72
305,183,46,72
305,176,45,77
305,180,46,70
304,173,46,71
305,172,46,70
304,168,47,65
303,162,48,66
303,148,48,69
303,137,48,78
305,122,47,79
304,118,49,82
303,122,52,68
304,113,51,74
304,88,50,86
303,91,51,83
305,87,48,76
305,81,48,82
306,73,47,79
305,72,47,77
304,64,48,81
305,62,46,83
305,57,46,78
305,55,46,78
304,53,47,76
304,54,47,75
305,50,45,76
305,50,45,73
303,55,47,65
305,52,44,68
305,50,44,71
304,52,46,66
305,53,46,69
305,53,46,68
305,53,46,69
304,55,47,69
305,54,47,78
306,56,47,75
305,63,47,82
306,64,46,84
306,72,47,84
305,74,48,87
305,92,46,79
305,91,47,83
307,116,45,70
307,117,45,69
305,134,46,66
304,134,45,67
304,139,41,75
304,142,41,72
304,156,41,70
304,153,39,75
306,166,36,70
304,172,39,64
306,176,39,70
306,185,40,62
307,185,38,66
307,189,39,61
308,195,39,61
308,194,39,61
306,196,40,65
307,194,39,65
307,195,40,66
307,195,39,66
306,198,39,65
306,200,39,61
307,201,40,61
307,201,41,60
310,199,40,58
310,200,40,56
312,182,40,72
313,186,39,64
316,186,39,61
317,183,38,61
321,167,36,65
321,169,36,61
324,159,36,58
324,154,38,62
329,135,38,68
329,131,39,70
335,123,40,66
336,119,41,67
338,104,46,66
339,102,44,66
345,78,45,77
343,76,49,79
349,69,48,74
347,64,52,79
353,59,47,76
354,57,48,77
358,52,45,72
358,48,46,75
364,49,41,69
363,47,44,69
367,48,43,69
367,49,43,69
368,48,44,68
368,49,44,67
369,49,45,72
368,51,46,67
365,53,53,74
365,53,53,74
365,59,54,75
364,59,57,77
365,64,55,79
367,66,53,81
366,80,53,77
367,79,48,80
386,111,51,67
373,109,60,74
366,120,94,73
380,146,48,51
393,152,42,56
395,164,40,49
399,171,42,46
406,181,39,45
406,176,39,53
362,281,73,62
416,182,36,63
419,157,36,29
427,161,31,37
421,159,42,84
433,182,38,60
438,177,36,63
447,190,34,54
445,192,38,54
451,182,40,69
459,182,34,68
462,187,38,55
460,182,42,69
469,190,41,66
467,194,46,62
474,192,49,70
477,196,48,64
483,191,49,69
482,189,48,71
490,198,46,61
492,193,46,66
489,194,49,62
489,194,49,62
486,190,52,65
483,189,61,63
485,185,49,65
483,183,49,67
488,184,40,65
486,185,43,58
486,179,39,61
486,175,37,63
485,176,33,62
486,183,32,54
484,189,32,45
491,191,22,38
466,176,41,60
396,173,25,61
393,172,28,55
392,172,30,59
392,178,34,51
395,178,32,49
452,147,58,45
519,185,36,40
529,179,32,46
533,182,31,44
537,185,30,43
541,186,26,41
529,185,38,43
540,187,28,43
525,184,38,50
526,198,37,46
529,203,31,97
527,205,34,103
537,191,32,72
542,195,28,36
538,197,34,40
543,192,36,37
543,196,36,34
555,182,29,47
563,189,27,37
566,179,25,45
565,181,27,43
573,175,27,45
561,101,37,116
571,165,31,54
578,177,26,40
580,172,26,39
578,171,28,39
578,148,26,60
574,168,30,39
575,115,27,92
560,105,41,95
436,120,36,110
505,285,68,74
438,121,31,114
500,281,67,77
437,129,34,113
439,120,34,121
443,118,36,124
438,124,38,131
438,150,37,96
439,180,34,60
438,179,33,63
440,180,30,61
454,91,54,88
444,162,32,86
447,175,29,58
447,174,28,66
449,159,29,83
448,173,32,66
453,154,31,84
452,168,32,66
459,151,35,80
458,159,32,73
462,162,35,68
465,169,35,59
469,143,33,77
469,149,37,72
476,136,33,84
471,64,47,92
471,60,48,109
469,65,52,104
467,61,57,121
466,60,56,109
469,66,52,98
473,153,63,75
474,256,77,62
475,259,70,58
472,155,56,72
473,152,54,76
473,161,58,65
480,165,46,60
482,159,40,68
480,167,42,57
480,177,38,50
478,118,29,69
473,135,31,52
472,147,26,41
465,159,22,31
464,159,23,31
456,162,22,39
454,161,24,35
447,200,37,35
448,201,34,36
435,166,31,74
439,160,26,68
421,192,39,46
420,197,40,42
411,196,39,43
411,196,38,44
404,194,38,47
404,188,38,54
397,185,38,55
396,182,39,58
392,171,39,68
392,183,38,55
386,187,39,46
386,188,35,45
384,186,35,44
384,188,35,41
382,184,34,43
382,185,34,44
379,182,35,44
379,182,35,46
377,177,35,48
378,179,34,51
375,178,34,46
375,179,35,48
374,180,33,46
374,181,34,45
372,182,35,47
372,181,33,45
369,183,37,47
367,184,38,44
367,183,38,46
363,182,43,48
359,177,46,57
365,174,44,58
363,176,42,55
362,172,44,61
358,187,45,49
355,189,47,45
357,189,45,45
354,190,45,45
354,190,42,42
352,190,41,43
351,190,40,44
349,189,41,44
351,190,37,42
350,191,36,41
346,189,37,43
345,189,37,43
343,187,36,44
343,186,36,45
340,184,38,47
338,179,40,51
338,179,40,51
337,178,40,52
335,185,39,47
335,184,40,46
336,186,37,44
335,184,37,44
333,187,37,43
333,187,36,43
332,189,38,43
333,189,37,41
332,192,36,40
332,191,36,40
329,193,38,40
329,192,38,41
328,195,37,39
327,195,37,40
326,197,36,41
326,198,36,40
327,202,34,40
327,201,35,43
326,207,35,47
327,204,33,47
327,209,36,49
325,209,38,49
327,217,42,43
328,217,45,43
331,222,42,44
332,222,40,46
335,225,46,46
336,222,44,50
342,222,43,51
343,222,41,53
350,222,43,53
351,221,42,57
356,222,45,56
358,222,44,56
363,219,47,59
365,218,45,59
369,217,46,61
371,217,45,62
375,215,49,60
376,214,49,61
377,215,53,60
378,212,53,64
380,214,53,59
380,213,53,61
386,212,52,62
388,213,49,60
391,216,50,58
391,216,50,59
392,216,53,60
394,215,51,61
395,215,53,60
396,215,51,61
398,215,55,62
398,216,53,61
401,216,56,62
400,218,56,61
407,215,58,64
407,215,58,64
414,217,58,65
414,218,57,63
422,217,61,64
423,217,60,65
432,216,60,68
433,215,59,67
440,215,62,67
441,216,61,67
447,215,62,69
449,213,60,71
454,212,60,72
454,212,61,72
461,210,61,74
461,213,62,71
466,211,62,73
465,212,63,72
469,214,62,72
469,213,63,74
473,214,65,74
473,215,66,72
478,214,66,73
477,214,66,73
481,213,68,72
481,213,68,71
487,208,67,71
487,206,67,72
492,197,66,75
491,198,67,72
495,192,65,71
496,190,64,71
503,182,61,70
502,181,61,68
505,169,63,71
508,167,60,70
510,158,63,76
508,147,71,86
511,152,65,80
510,148,74,82
512,150,70,81
511,152,72,81
511,152,71,82
508,152,75,85
510,152,73,88
508,167,69,82
507,165,72,86
502,175,70,83
493,186,74,84
493,188,73,82
483,202,72,75
483,201,71,77
472,207,69,75
469,206,70,76
455,205,68,81
454,207,67,78
442,209,65,76
432,208,62,75
429,207,60,73
413,207,65,74
414,207,64,77
405,208,60,73
403,208,59,73
395,206,59,70
394,206,59,70
392,203,59,71
391,206,58,69
389,202,59,72
390,206,55,67
390,199,53,76
388,200,56,75
389,201,54,74
388,200,56,76
388,202,55,75
388,206,52,73
388,204,44,71
388,203,43,76
389,208,39,60
389,205,39,69
389,215,34,58
389,209,33,66
388,216,29,57
388,218,28,60
386,214,24,63
383,207,24,70
383,212,22,59
381,207,20,69
379,213,21,58
376,211,20,69
375,214,20,67
371,214,21,63
370,213,22,65
367,210,24,60
366,216,25,55
360,214,26,52
354,215,28,49
355,215,28,50
346,212,33,52
346,211,33,52
338,209,38,52
339,207,35,55
330,207,38,52
331,207,37,54
321,207,40,52
315,205,40,54
314,204,39,55
312,202,38,55
311,202,38,53
303,194,44,61
302,193,42,61
294,187,43,67
293,185,45,71
285,180,46,76
276,179,47,74
273,179,49,75
266,179,52,76
267,179,51,75
257,176,52,80
260,174,50,80
252,175,50,83
252,174,50,84
246,179,52,80
245,179,52,83
239,187,50,76
228,189,56,76
230,193,53,69
223,196,56,71
223,199,54,68
217,201,53,73
216,201,55,76
209,206,57,74
210,207,56,70
200,204,60,84
194,212,63,84
192,210,64,91
188,216,62,88
172,216,78,90
158,220,87,87
168,222,74,90
159,222,80,93
155,221,85,96
146,221,92,94
149,225,83,84
150,222,80,87
145,217,79,93
149,218,79,90
145,211,76,95
145,210,78,95
146,199,73,95
148,203,70,87
145,200,69,82
140,188,71,86
140,189,67,79
137,178,76,83
138,180,68,74
132,161,79,86
131,162,77,79
130,154,72,76
130,148,76,78
126,122,74,93
124,109,76,97
124,111,73,90
126,87,81,101
128,92,77,92
130,86,81,85
130,74,80,95
131,63,81,97
133,67,81,91
140,51,77,95
142,45,75,99
153,38,70,97
158,30,74,99
159,33,74,93
171,33,72,88
168,27,77,95
179,33,72,87
178,21,76,100
184,30,78,93
185,29,75,94
192,25,77,103
202,29,75,108
205,24,74,115
214,50,76,93
216,36,76,109
227,41,77,112
228,44,80,109
242,59,79,106
247,72,76,93
259,78,78,101
273,85,79,104
273,97,81,94
289,97,79,103
291,101,79,102
304,104,85,107
306,105,80,106
317,115,82,106
320,118,83,104
328,136,92,96
331,117,92,116
333,117,92,115
338,120,89,110
339,128,91,105
338,129,94,97
337,125,95,101
339,130,94,90
338,123,97,96
335,124,96,90
334,124,97,89
330,118,93,85
327,114,83,75
326,112,84,80
322,104,78,75
321,104,79,75
312,96,78,75
313,95,77,78
305,88,75,76
303,89,76,75
296,82,74,70
291,76,70,73
290,76,70,70
284,75,67,71
284,75,65,69
279,78,63,64
280,79,57,64
279,89,66,56
280,90,57,58
281,101,62,54
280,129,66,37
277,121,68,44
279,127,62,48
279,136,67,38
280,128,61,53
281,132,62,49
283,130,60,54
283,129,61,55
285,151,64,28
288,124,62,44
288,130,58,38
290,97,65,55
291,106,63,44
296,87,48,51
297,82,48,53
307,77,47,57
307,76,46,65
313,82,59,52
321,100,51,46
322,105,50,42
326,117,56,51
329,122,53,65
337,148,64,53
343,150,47,55
348,166,83,49
352,167,82,50
359,174,77,50
362,174,76,53
370,180,79,53
376,184,67,49
377,183,77,54
382,185,65,49
379,185,73,51
384,185,67,45
383,184,64,44
384,182,61,43
384,180,59,42
384,177,60,39
383,163,59,41
384,161,55,39
379,145,69,41
379,143,74,40
375,116,73,31
373,96,77,48
361,85,75,43
354,61,89,68
364,56,58,57
364,41,61,58
363,38,63,59
362,36,58,60
360,36,60,62
359,41,58,66
350,46,87,81
348,67,64,68
349,84,58,63
352,123,69,39
354,144,74,49
358,155,60,41
358,176,54,42
357,178,57,47
357,191,57,42
356,191,57,47
357,203,54,37
358,201,52,37
360,211,53,31
360,207,54,35
360,198,57,46
365,202,53,41
364,196,56,48
366,195,55,46
366,193,54,48
368,193,56,40
367,190,57,43
368,185,53,39
368,185,51,34
369,172,51,33
373,159,52,27
373,145,52,34
371,131,58,27
361,106,79,47
360,64,99,74
360,76,85,65
358,67,72,61
359,65,76,54
370,58,52,41
372,55,52,44
372,56,52,41
373,60,52,42
372,61,54,47
371,72,57,57
368,76,58,62
372,88,52,44
371,93,54,62
379,99,70,54
383,157,52,30
384,158,63,31
387,168,48,32
386,168,47,34
383,172,57,35
385,173,51,35
381,172,54,36
381,173,54,36
374,172,46,29
368,170,56,31
366,170,52,28
361,164,66,27
363,161,60,29
360,148,32,35
358,127,46,42
321,241,58,25
400,290,24,46
400,285,24,48
400,285,23,47
398,286,25,47
398,311,25,23
397,283,27,55
397,282,28,51
398,284,26,48
398,280,24,55
323,175,34,20
386,115,35,53
390,134,59,41
400,146,51,37
412,162,48,48
412,166,50,44
422,173,48,50
420,174,53,49
436,176,44,52
436,176,43,50
446,179,45,47
445,178,45,48
455,177,41,48
454,176,42,46
457,174,42,46
465,170,36,47
464,171,37,46
466,167,36,47
466,168,36,46
469,167,33,46
468,167,35,46
468,166,35,46
468,166,35,46
468,166,36,47
468,166,36,47
468,166,35,47
466,166,36,48
465,165,36,49
460,168,39,46
459,166,39,49
445,166,48,48
448,166,45,50
434,166,55,52
423,164,58,53
424,165,56,53
415,166,55,54
413,167,57,56
407,167,53,60
406,167,54,58
398,168,58,59
397,168,58,58
389,169,55,57
384,170,50,60
379,170,55,59
373,172,47,59
370,171,51,57
363,175,46,54
362,175,42,53
355,178,40,50
354,177,42,52
349,184,34,46
342,183,36,47
343,186,36,45
330,173,51,55
329,180,48,49
323,169,52,50
322,170,55,46
318,154,52,49
315,152,59,46
309,134,59,55
305,118,55,47
304,103,55,58
305,90,50,55
303,82,52,57
301,70,61,52
304,67,57,50
314,64,51,48
314,62,53,51
317,60,52,50
319,60,52,52
324,69,51,51
335,89,51,56
338,104,55,63
340,126,52,68
342,131,51,72
354,154,63,64
355,156,66,64
370,177,65,51
374,178,67,51
402,188,65,42
423,189,52,39
424,190,56,39
440,188,55,41
441,186,56,42
453,179,59,46
460,176,55,47
472,166,53,42
472,165,54,42
484,152,55,43
497,128,49,55
484,126,62,50
489,102,61,63
495,97,54,54
501,74,50,60
494,64,57,62
499,42,53,66
497,35,55,68
496,19,55,69
491,9,57,79
489,7,59,74
484,5,54,70
485,6,54,69
473,10,57,74
469,13,62,82
462,24,60,77
458,40,64,79
452,49,60,87
441,69,62,75
443,71,60,71
434,86,60,71
433,88,59,70
421,98,63,71
419,99,64,72
408,115,64,63
407,115,63,63
393,117,63,66
394,116,63,65
381,118,60,63
368,117,58,65
368,119,56,62
354,115,58,70
354,116,59,70
339,118,61,75
337,119,64,74
324,130,65,71
324,135,63,66
311,143,65,67
297,150,67,65
297,148,67,67
286,156,68,64
287,154,66,68
279,161,67,64
279,160,66,64
272,163,67,64
272,162,66,64
269,161,68,63
268,162,66,60
268,157,66,64
269,156,66,65
269,157,66,63
270,152,65,68
271,152,63,66
272,151,62,66
272,149,63,68
272,149,63,65
275,148,64,66
276,148,63,66
284,149,61,66
283,149,61,66
295,149,56,68
291,149,55,69
304,147,56,70
302,148,57,68
315,148,55,70
318,146,58,72
331,145,53,77
344,154,56,75
344,152,61,78
364,146,66,88
374,153,63,85
387,170,67,80
400,173,65,80
414,185,72,76
430,185,61,83
436,194,76,86
455,179,86,106
458,190,88,102
479,209,74,83
478,209,82,89
489,208,90,95
488,212,91,92
497,214,88,92
497,215,90,93
501,217,83,90
500,218,85,90
501,219,83,89
498,221,70,83
497,220,70,81
491,216,72,82
490,217,71,81
487,216,64,75
485,214,66,75
474,210,62,73
462,206,62,75
461,206,57,74
456,205,49,67
453,201,46,71
449,204,38,55
446,202,32,52
437,195,28,48
436,194,32,47
428,180,25,50
418,180,29,45
408,180,23,39
426,229,21,22
428,234,34,16
428,238,28,17
419,230,32,28
422,226,24,31
422,228,22,26
409,227,32,25
409,227,32,25
422,283,28,36
421,287,32,45
420,287,29,42
416,287,32,45
408,239,29,27
404,231,21,26
404,236,16,20
394,233,32,26
399,233,19,26
396,231,37,29
398,231,32,33
407,236,27,25
407,236,27,25
