469,181,54,28
470,179,55,30
469,180,57,29
472,181,56,30
472,180,62,33
471,179,63,34
474,180,63,34
476,180,59,30
478,180,58,30
480,180,58,31
482,179,57,25
482,177,57,27
485,179,58,29
486,177,57,27
489,178,56,30
492,177,57,31
492,175,57,31
493,175,60,32
496,174,60,32
501,173,58,33
502,174,57,32
502,175,58,30
503,175,60,34
501,176,64,33
505,176,62,35
502,177,63,36
503,175,60,36
501,174,61,36
499,174,61,35
496,172,61,34
495,174,61,36
494,174,60,34
492,174,58,34
489,176,61,37
489,179,62,35
487,180,62,36
486,183,63,36
486,191,64,35
488,198,61,34
486,203,66,34
488,207,63,33
484,210,66,34
486,211,67,34
484,213,67,33
481,213,63,35
476,213,65,34
470,209,62,33
467,202,63,33
457,196,61,33
451,185,61,29
442,175,56,28
434,160,51,28
428,144,49,30
421,129,48,27
416,117,48,27
410,109,46,29
402,100,46,30
396,94,47,30
392,90,44,30
386,87,41,29
380,86,42,31
375,86,39,32
369,88,39,34
362,93,37,33
357,99,36,34
352,108,34,33
347,117,33,36
341,126,32,35
336,139,31,37
330,153,31,39
323,169,30,41
323,169,30,41
323,169,30,41
264,172,34,47
263,172,37,55
263,172,37,55
263,172,37,55
262,172,33,48
262,172,33,48
262,172,33,48
262,172,33,48
262,172,33,48
262,172,33,48
266,180,36,37
267,182,35,39
298,171,35,31
267,187,37,34
299,181,38,25
301,185,35,27
301,185,35,27
301,185,35,27
301,185,35,27
270,197,36,32
268,195,37,37
265,194,41,36
267,192,37,38
266,190,38,38
264,186,39,37
265,184,35,35
266,181,35,38
264,178,37,47
266,172,36,48
263,172,37,54
261,166,37,53
262,166,40,50
259,164,43,49
257,164,50,59
259,160,42,53
257,161,46,52
287,185,46,36
257,161,44,40
256,158,43,41
256,161,49,39
252,158,47,44
253,162,51,44
250,158,53,48
245,162,59,46
240,163,61,42
243,160,58,47
244,162,54,46
242,159,56,47
238,160,60,46
237,158,60,45
235,157,60,49
235,157,57,45
236,156,53,43
235,156,50,53
231,153,51,53
233,155,61,49
230,154,71,48
229,157,67,49
226,157,64,49
230,158,59,50
227,158,61,49
227,158,63,52
225,157,62,54
225,160,61,52
226,159,60,53
225,159,63,50
223,160,62,46
223,159,62,48
225,158,62,45
222,159,64,47
222,159,67,52
222,162,64,49
224,159,64,52
224,160,64,51
222,160,66,53
220,158,69,50
223,156,67,52
223,163,71,52
224,160,73,61
225,157,72,64
226,154,72,64
225,154,76,57
225,151,74,54
222,154,77,43
225,155,72,50
223,156,71,53
224,158,72,50
224,158,73,40
224,159,74,45
225,157,73,48
223,156,73,61
222,155,73,64
223,155,73,64
222,153,70,66
223,150,70,68
225,147,67,65
224,146,67,72
223,140,69,73
223,143,61,78
224,134,68,73
222,135,70,69
225,134,65,76
224,130,68,75
225,141,66,70
222,144,76,71
221,131,60,81
218,130,54,84
213,128,61,87
210,132,64,81
209,130,70,85
211,129,69,87
207,127,74,91
214,124,66,93
227,122,55,103
216,125,70,105
220,124,64,103
227,121,59,107
231,123,54,97
233,122,55,103
230,124,56,93
226,125,64,97
221,122,67,106
229,114,64,108
235,106,58,117
241,120,51,116
236,119,54,95
242,157,51,86
245,131,49,84
245,118,45,96
246,118,39,97
246,118,45,94
246,119,41,99
248,120,37,96
248,123,37,95
246,122,40,95
245,132,48,100
243,121,42,104
244,120,41,100
242,123,42,99
244,139,48,99
241,132,52,95
235,158,65,78
232,158,68,65
231,160,65,56
232,160,60,55
230,161,57,57
236,161,50,55
239,164,46,53
236,161,46,56
236,161,46,54
234,159,53,53
232,160,54,57
235,162,52,57
233,161,52,55
232,163,54,54
232,162,56,59
233,161,55,59
240,157,45,58
243,161,43,54
237,162,47,52
237,159,53,60
237,158,57,59
239,159,55,58
238,158,58,69
240,157,54,64
243,155,48,65
244,160,54,63
243,158,56,61
245,157,54,61
245,164,58,55
247,158,54,59
247,155,56,61
246,160,65,58
246,156,57,52
245,158,53,45
247,160,57,44
247,156,51,53
246,154,47,51
247,154,50,51
245,158,57,48
245,158,48,50
246,156,43,55
245,155,41,61
244,153,40,58
240,154,42,54
239,156,38,54
238,153,37,56
236,156,37,55
234,155,46,56
230,155,51,55
230,153,58,62
233,163,67,56
233,168,70,53
232,160,75,52
235,159,75,52
233,156,79,55
234,156,83,44
230,156,89,50
231,164,93,42
222,173,106,43
219,168,112,50
213,179,110,39
209,173,105,53
228,165,92,73
235,158,84,83
233,155,75,87
236,126,68,101
239,136,63,105
231,135,69,104
240,129,69,109
245,126,61,105
245,128,68,108
249,128,62,105
252,128,63,98
253,131,70,112
256,130,63,98
261,137,54,98
263,132,60,104
261,133,69,116
269,135,62,115
271,132,62,110
263,135,70,114
264,165,56,133
266,140,63,157
259,178,65,146
268,143,70,165
275,151,49,150
277,138,66,160
278,157,50,143
284,156,48,138
286,155,42,147
300,132,55,135
289,136,68,134
290,149,55,147
293,140,66,141
294,157,55,137
305,136,66,114
289,169,62,102
298,166,57,95
303,167,52,87
309,167,62,84
305,173,63,95
328,142,58,115
313,154,64,114
317,143,70,125
309,171,57,130
332,137,60,126
322,146,67,141
314,163,55,142
311,156,60,150
309,152,74,156
311,153,63,160
317,156,58,151
316,160,59,139
318,160,65,142
319,162,67,146
321,161,63,138
320,168,72,146
319,164,70,150
321,167,66,143
324,157,60,151
325,164,56,129
325,164,58,135
323,168,59,124
324,187,56,112
324,180,55,111
325,181,52,117
326,168,48,134
326,182,53,132
324,181,57,134
326,181,57,138
327,181,58,128
328,181,58,120
334,180,52,118
334,182,56,119
337,182,52,124
342,182,44,119
346,181,41,120
349,183,37,116
350,176,41,124
351,183,42,117
353,189,40,112
354,192,42,107
359,183,43,117
359,188,37,114
360,184,40,119
360,196,43,105
363,206,42,95
364,205,43,97
367,211,47,90
367,215,52,83
370,209,59,92
370,211,55,94
374,211,50,82
375,220,48,77
402,203,52,80
395,175,54,75
382,225,56,76
383,225,59,69
385,224,58,71
387,226,60,73
387,229,61,70
390,236,61,62
392,238,61,63
393,240,65,61
393,243,68,59
393,241,79,54
392,226,84,66
398,225,73,67
406,238,64,57
410,201,59,63
413,247,55,49
416,245,57,51
411,240,64,58
411,233,63,64
419,239,55,58
422,246,51,48
421,248,57,50
417,254,60,45
412,275,55,34
400,232,57,29
416,265,62,35
419,258,59,40
424,264,56,36
420,261,59,41
419,251,61,50
422,244,59,59
426,241,58,61
423,237,58,68
419,235,60,69
418,231,59,73
421,239,57,62
419,243,59,66
416,249,56,57
411,261,57,45
411,262,58,40
482,249,44,34
416,273,44,34
397,221,39,32
414,266,44,39
410,262,49,46
409,257,50,56
414,248,45,63
410,247,47,65
407,234,52,76
409,238,50,78
407,231,51,83
406,233,51,80
403,238,54,77
403,236,55,82
398,226,61,91
404,230,52,87
384,222,70,92
379,224,76,90
389,236,61,80
395,223,53,90
389,230,58,86
382,237,64,79
378,232,65,83
377,230,63,86
379,243,61,74
379,240,54,76
367,251,63,65
357,235,69,80
365,228,63,87
357,223,66,91
355,227,66,89
351,215,65,101
343,210,69,107
338,209,70,109
334,207,69,114
330,204,71,115
325,206,72,114
321,194,73,124
312,198,79,121
309,206,76,113
301,207,79,109
303,199,75,115
296,194,76,120
297,193,75,125
295,189,71,129
298,217,64,109
293,222,65,97
295,221,59,91
284,122,65,97
288,206,56,107
284,217,53,90
282,149,64,80
277,220,53,78
278,265,46,86
274,219,49,75
272,220,51,69
286,156,64,65
264,218,52,72
267,208,46,86
263,214,48,86
265,152,48,73
265,152,45,64
264,153,50,57
264,153,41,46
263,157,49,50
262,154,50,57
260,155,51,58
260,154,51,59
256,157,53,59
257,156,49,64
256,158,50,65
255,159,48,63
251,157,48,65
250,156,49,64
249,158,49,59
245,156,51,56
246,159,47,61
245,155,50,66
244,154,43,63
243,152,40,66
240,152,42,65
240,152,38,62
239,152,38,62
238,152,39,60
237,153,40,59
235,155,38,55
235,153,39,60
234,155,41,56
232,154,43,56
232,154,46,51
231,157,52,44
231,159,51,45
231,158,53,52
228,160,52,52
229,157,53,60
230,158,50,60
231,157,48,64
238,157,40,59
235,157,43,54
232,158,45,53
233,158,45,55
231,157,47,55
229,156,50,46
230,157,48,44
234,156,46,50
235,157,46,55
234,156,46,60
235,158,49,61
235,157,50,64
237,155,49,63
239,154,50,65
239,157,52,63
240,157,61,76
240,155,56,67
244,157,56,66
243,160,55,63
245,158,54,63
246,156,55,62
249,156,59,64
248,157,58,63
250,160,62,62
251,153,59,63
253,159,61,63
256,155,61,68
255,158,68,75
256,153,63,78
256,153,67,93
256,153,69,93
257,153,69,87
259,157,68,86
257,154,70,75
260,156,65,66
261,152,54,62
261,152,51,51
262,155,52,43
263,154,49,41
263,153,49,42
263,153,46,41
261,154,44,39
261,154,48,36
262,155,48,37
261,155,49,36
260,154,50,36
259,156,48,33
258,155,49,36
256,154,48,41
255,156,54,44
253,151,50,52
252,149,53,59
249,152,51,61
248,154,52,55
243,157,55,53
241,161,57,49
240,163,55,50
240,161,57,51
238,159,57,49
236,150,54,57
234,151,53,52
234,153,57,51
231,155,57,50
230,155,54,49
229,150,56,53
229,149,55,58
228,149,56,55
229,151,54,54
227,149,53,56
226,151,59,59
224,149,60,59
224,152,68,57
223,152,74,62
222,153,71,63
222,154,70,62
220,153,70,64
220,152,71,63
222,153,67,61
221,153,70,58
223,152,69,66
226,151,67,70
224,153,68,66
226,158,69,62
229,161,66,48
225,170,71,41
227,170,74,44
227,169,68,50
230,154,70,68
231,150,71,76
235,150,71,68
239,152,73,69
235,156,70,61
240,150,76,67
240,152,80,71
240,154,76,70
242,156,69,67
245,158,68,71
246,163,61,71
246,159,61,64
253,151,70,73
253,158,60,73
257,150,69,70
256,152,69,76
258,149,70,68
261,141,66,61
262,145,65,71
262,123,55,77
264,112,45,90
264,107,42,95
269,143,50,94
267,110,54,96
266,114,57,96
266,111,51,98
266,116,48,95
265,114,57,96
266,113,64,108
261,114,61,108
263,113,67,100
265,119,70,93
263,125,68,93
267,137,72,77
266,149,72,73
270,153,57,58
270,152,54,48
268,155,58,46
272,152,55,53
273,155,54,54
273,151,52,55
274,155,53,63
278,152,51,64
279,151,49,69
280,153,50,66
281,153,53,63
283,155,51,60
286,154,48,57
289,156,44,53
292,155,44,46
294,157,45,43
293,155,45,43
297,156,48,43
298,159,57,43
299,158,60,43
302,157,56,40
305,157,57,42
307,157,57,45
309,161,56,47
311,163,61,45
311,169,61,52
318,170,53,38
328,190,45,33
323,185,46,42
329,181,39,50
331,181,39,47
329,179,40,48
330,181,39,50
330,178,41,55
333,182,36,56
332,175,34,60
331,172,39,61
333,171,30,65
331,168,27,65
328,164,33,63
326,160,41,65
318,153,50,72
314,156,53,63
309,158,60,59
308,160,60,52
305,157,59,50
304,153,58,53
301,156,59,47
301,156,58,49
298,151,57,50
295,152,58,56
293,150,59,55
292,151,56,56
289,150,59,55
289,147,58,61
287,149,45,67
286,145,48,69
284,151,51,64
281,159,48,59
277,152,52,57
274,151,53,55
273,152,53,55
271,147,53,58
271,147,51,58
268,147,54,55
266,145,51,57
262,148,57,52
260,146,54,56
257,153,61,51
256,153,65,57
250,151,77,61
248,152,81,66
244,151,79,69
243,152,81,72
241,154,73,70
241,150,73,78
238,154,65,79
241,161,74,73
238,156,68,81
241,153,71,86
237,154,71,88
239,155,65,86
240,152,63,88
236,153,67,93
239,154,65,89
235,151,64,86
238,153,64,80
236,154,64,77
238,151,63,79
238,152,57,70
235,153,62,62
237,152,62,53
238,152,65,51
234,153,72,49
234,151,76,48
233,150,78,42
235,149,81,52
235,149,82,55
232,147,88,67
229,149,81,65
235,152,82,64
230,157,79,56
229,161,93,49
229,169,94,41
228,165,95,46
226,169,100,49
221,174,103,44
217,161,104,61
221,166,95,62
218,158,83,75
225,157,74,69
224,154,54,64
226,149,47,60
227,153,43,55
228,160,45,44
227,152,46,55
228,155,46,50
229,157,46,46
227,151,47,54
230,151,44,57
227,151,46,55
226,151,48,60
227,150,46,56
224,150,48,59
222,148,49,55
223,150,53,57
223,151,55,55
221,151,57,52
220,151,56,51
222,153,58,56
226,152,53,52
218,150,61,52
222,152,61,53
217,150,62,53
221,152,63,68
219,155,63,65
217,150,66,68
217,152,64,63
220,150,63,65
219,151,62,60
215,149,66,63
218,151,66,57
217,155,65,54
214,150,69,67
214,153,75,64
213,146,79,70
209,138,65,78
206,136,64,73
205,130,65,82
209,139,64,76
207,115,68,92
202,112,71,100
204,111,71,102
200,111,74,101
207,108,68,102
217,108,58,108
226,107,49,106
221,105,53,111
225,141,49,102
225,118,51,98
228,126,48,106
228,100,46,113
231,98,45,116
231,101,45,127
231,103,46,134
230,99,43,135
230,100,46,139
230,102,45,140
232,102,44,140
231,104,48,139
232,105,45,139
233,104,47,130
231,104,44,137
231,106,51,130
231,107,48,126
230,110,47,128
230,134,49,111
231,135,50,101
229,149,54,91
228,149,49,89
229,149,45,88
231,147,46,82
227,151,47,77
229,149,47,70
231,148,42,62
228,151,45,71
228,151,45,66
230,152,45,74
230,149,45,75
228,149,46,67
233,151,43,69
232,151,42,67
233,151,43,69
234,150,41,72
234,152,42,79
234,148,40,73
235,152,41,66
235,151,42,65
235,153,42,64
236,151,42,60
237,154,44,61
237,154,46,60
237,155,44,56
236,156,46,55
237,157,44,53
237,155,45,60
236,152,46,68
236,155,48,66
237,153,45,67
237,153,45,66
238,153,42,64
239,154,43,68
237,152,44,68
239,151,43,63
238,158,43,59
237,154,45,59
239,153,42,55
238,153,45,56
239,154,45,54
239,155,43,48
238,155,45,47
238,154,46,51
237,153,50,51
236,151,46,47
238,155,46,47
237,151,54,45
237,152,46,43
239,153,43,42
239,151,38,37
239,152,37,31
241,152,34,28
240,153,30,27
241,149,35,29
241,150,35,32
242,153,35,37
242,150,37,46
241,151,44,52
239,149,46,50
236,150,48,59
239,151,50,71
236,150,50,76
236,147,50,76
237,151,49,76
236,152,51,77
235,151,54,76
238,151,52,72
235,152,53,70
230,154,63,71
229,152,58,72
230,149,57,68
230,149,57,65
233,147,53,60
237,146,53,62
241,146,43,55
244,146,41,63
245,145,41,61
245,150,44,61
246,153,43,61
245,150,42,63
247,153,42,64
246,149,43,64
251,147,39,63
252,152,34,58
255,147,35,61
254,145,38,61
253,149,40,71
256,147,36,75
257,147,41,70
262,151,37,64
265,148,38,62
267,149,41,59
268,152,44,57
272,149,40,59
275,150,41,69
277,148,43,70
280,147,44,75
284,149,42,80
289,146,41,69
290,146,42,75
289,147,45,78
292,150,48,90
293,149,49,101
300,148,54,111
302,140,53,118
304,146,61,113
305,123,71,125
311,124,60,137
315,132,52,143
312,123,73,163
544,127,70,164
464,112,46,162
321,126,63,141
324,128,61,142
526,79,67,149
330,131,60,128
330,131,60,128
339,133,63,115
342,138,66,116
343,135,62,101
343,137,73,115
345,136,74,109
344,133,77,108
345,139,84,108
344,140,78,109
351,140,87,112
352,143,87,110
353,149,85,99
355,151,92,101
354,151,93,100
356,150,97,108
355,149,98,118
493,140,115,118
493,140,115,118
492,124,115,78
347,158,109,101
355,157,106,115
356,155,104,138
360,161,97,152
356,159,112,163
351,153,121,167
348,155,128,160
346,156,126,163
344,155,128,167
352,162,123,155
356,160,108,159
365,159,104,158
375,165,91,149
371,170,90,151
373,166,89,149
377,173,84,138
371,166,89,150
345,169,122,146
343,157,118,160
342,174,112,141
365,165,89,141
370,169,85,145
363,177,88,132
340,179,113,134
357,173,101,142
379,198,69,129
371,172,73,137
370,168,74,139
366,172,81,138
364,179,82,129
370,167,71,144
371,171,70,142
376,163,66,152
377,161,62,158
375,163,65,147
372,165,66,144
361,168,80,145
376,164,66,146
366,165,75,142
362,163,73,145
365,173,72,138
368,172,66,138
371,175,68,148
371,171,70,141
374,174,66,134
386,239,52,124
374,178,65,118
377,178,66,126
376,175,65,141
378,176,67,129
379,177,65,133
380,178,65,137
379,175,68,139
378,169,74,141
379,171,70,141
380,168,74,134
382,171,71,142
382,169,69,138
384,170,69,135
383,168,74,131
386,166,65,141
387,171,65,144
387,164,71,149
384,162,72,145
384,167,70,136
382,164,72,134
387,170,66,136
388,171,64,140
388,167,61,134
383,170,64,137
383,173,66,136
380,174,69,132
380,177,67,133
375,174,64,122
376,179,66,127
376,175,64,131
374,176,64,125
370,173,64,129
366,167,64,139
364,175,66,130
361,179,69,124
356,183,70,128
358,185,68,134
359,183,66,125
356,189,72,123
355,188,68,115
354,185,70,112
357,184,65,116
356,183,68,121
353,182,66,124
355,171,71,135
351,175,68,141
354,168,70,153
351,172,76,171
352,167,79,163
352,164,83,159
349,166,98,150
350,161,98,151
347,163,97,148
348,169,92,140
348,170,91,143
351,167,90,149
345,169,91,146
346,162,84,153
343,166,82,152
342,154,80,160
342,155,76,161
336,153,77,164
337,151,74,162
334,138,72,175
336,130,71,177
336,123,68,177
337,117,65,150
339,114,67,140
328,176,72,155
329,151,76,166
331,102,78,149
322,134,87,143
319,100,86,141
324,99,75,135
323,104,85,123
319,100,83,129
317,96,86,124
315,148,66,131
310,94,59,132
315,91,55,128
309,180,71,142
302,139,70,174
300,92,69,202
297,93,76,229
290,101,84,225
294,96,77,227
296,96,65,220
291,95,73,239
290,98,77,234
287,97,71,229
290,94,70,233
287,95,71,227
286,87,79,240
285,91,81,231
286,92,77,233
284,95,76,230
283,96,79,230
287,98,71,227
279,103,73,226
285,98,69,223
282,96,67,224
283,94,70,227
280,95,69,225
285,96,69,221
283,107,59,212
281,110,58,214
282,103,53,217
283,101,54,224
282,103,52,219
283,102,53,216
278,101,56,221
280,102,51,216
280,103,51,220
278,104,54,212
278,104,51,215
274,113,54,205
276,111,53,204
272,122,57,196
272,122,52,198
271,117,54,205
274,111,50,214
274,109,50,221
270,106,54,212
267,108,55,219
267,109,56,228
263,110,57,228
263,105,55,218
262,109,56,212
260,108,57,221
256,106,61,205
259,107,57,208
260,106,56,213
255,108,58,215
252,109,62,211
254,109,59,206
251,114,58,205
250,107,60,210
248,110,63,209
240,110,65,202
245,110,63,200
246,108,62,206
242,117,65,201
246,116,62,197
237,129,73,193
242,108,65,203
242,103,61,208
243,101,56,210
242,106,62,208
236,108,63,214
236,104,66,211
238,109,64,217
238,104,61,209
239,106,59,216
242,108,56,204
238,106,59,206
236,109,62,204
238,104,62,205
233,108,64,203
233,117,70,203
235,123,67,194
232,133,73,177
235,127,66,193
237,109,64,198
235,109,64,200
239,114,62,200
243,119,59,191
245,122,54,187
247,119,54,191
244,112,55,200
246,113,56,198
249,110,52,199
248,111,53,214
250,113,53,214
248,115,56,217
255,123,49,221
248,120,57,236
254,120,54,223
256,121,61,210
255,126,58,209
253,129,55,220
261,123,56,194
262,128,61,181
262,133,53,181
263,138,52,171
268,122,54,189
268,131,43,184
268,121,58,193
268,126,60,188
270,130,50,199
272,124,57,199
270,127,54,208
273,123,69,198
273,127,58,190
278,137,53,175
281,152,48,153
280,158,53,151
279,154,53,148
287,154,44,150
291,132,44,176
293,130,42,181
295,134,39,183
295,130,43,191
291,126,54,196
298,129,43,193
302,138,40,180
304,133,42,181
307,132,44,177
309,144,41,169
314,136,39,173
315,145,42,165
318,154,41,159
315,158,44,150
320,157,42,154
321,160,41,153
324,158,39,145
325,161,40,147
328,159,40,149
329,161,42,145
332,159,42,149
332,157,45,148
333,158,47,161
334,159,47,158
336,153,49,161
336,144,46,164
340,145,45,169
339,138,47,177
346,149,41,164
347,141,45,170
347,149,51,169
354,128,46,183
348,159,51,168
352,154,67,166
349,158,59,158
356,156,55,152
356,163,58,147
358,162,57,149
360,157,56,152
362,158,53,151
366,160,52,156
362,162,59,156
366,151,52,152
372,159,47,145
368,158,50,149
368,162,60,147
369,160,58,146
370,163,58,148
371,162,63,150
376,164,49,150
374,159,57,159
375,162,54,147
375,158,60,157
374,163,64,150
376,166,57,145
377,162,60,150
376,163,67,151
377,161,67,153
383,160,59,157
384,164,56,155
384,166,59,149
385,168,59,146
384,164,61,151
383,163,65,152
386,160,63,159
385,159,65,161
383,161,66,155
386,170,64,151
386,165,68,153
387,161,71,162
386,162,73,159
387,161,78,154
386,160,79,162
384,156,76,169
385,160,76,159
383,160,77,155
384,162,77,148
386,161,74,154
385,161,75,153
383,159,74,166
387,159,68,170
383,162,71,173
383,160,70,162
385,164,67,157
385,161,65,154
384,159,69,156
386,160,65,150
387,161,63,153
387,164,64,153
386,164,64,153
388,164,61,157
389,164,62,158
389,161,62,148
387,164,59,154
388,165,59,148
390,161,57,152
390,163,60,148
388,166,63,143
387,165,65,141
386,164,68,142
387,163,65,150
387,168,65,164
388,164,60,171
384,168,76,155
385,167,75,146
383,165,74,145
384,164,76,152
386,167,76,146
387,165,75,141
388,162,65,149
391,167,69,145
390,164,64,148
392,166,64,145
388,166,69,141
390,164,66,142
389,164,69,146
395,164,62,148
393,165,67,141
392,165,68,149
396,163,66,149
392,162,71,142
392,161,73,144
400,157,65,143
402,158,65,151
403,159,66,143
408,165,66,144
409,165,65,141
414,172,63,150
410,172,70,147
414,171,67,151
417,153,63,151
418,174,61,132
420,167,62,144
423,150,61,158
426,144,60,164
426,152,59,184
425,147,68,202
427,142,60,216
428,137,61,216
429,140,59,216
425,143,61,206
426,147,70,210
425,136,83,220
421,140,80,198
422,131,88,194
422,154,71,163
429,157,59,158
428,173,64,155
426,170,60,155
424,155,61,159
424,159,60,167
419,149,60,168
421,163,64,152
413,133,60,172
413,140,62,180
412,138,63,191
407,129,67,188
403,126,65,186
401,129,69,188
402,136,65,182
399,132,66,187
396,130,69,190
391,141,70,178
392,154,66,162
389,147,67,167
386,151,70,162
386,156,68,155
389,156,65,156
384,157,66,156
393,161,57,154
388,157,62,161
385,158,58,163
383,161,60,162
383,158,56,160
384,156,54,162
378,154,57,163
374,157,58,167
369,148,65,172
365,140,65,180
360,149,70,172
353,162,72,163
352,163,68,169
350,152,73,170
344,155,75,171
346,151,73,174
343,152,73,175
341,151,75,173
335,157,76,167
337,153,74,167
332,153,75,164
331,154,73,157
327,151,72,162
325,149,75,170
319,149,74,171
318,145,70,173
314,149,72,173
318,150,68,167
313,150,72,169
310,146,73,171
305,143,75,179
298,145,77,177
296,145,78,171
292,150,79,169
295,144,73,177
292,143,72,184
289,146,75,174
286,146,74,171
284,150,73,164
283,150,73,165
278,149,75,164
278,149,72,163
276,150,73,170
274,150,73,170
271,150,76,166
271,151,73,159
270,150,67,180
269,148,67,170
271,148,65,170
270,150,59,160
272,150,53,174
271,147,56,170
269,153,57,189
267,149,62,189
270,137,50,188
266,148,49,179
267,147,46,181
267,135,47,189
267,142,44,182
264,144,43,178
263,131,47,191
266,117,42,205
263,113,43,217
261,111,46,229
261,114,47,217
260,113,48,216
260,112,45,226
258,112,48,228
258,113,49,225
258,116,48,215
258,128,47,205
258,119,47,214
259,114,44,203
259,119,43,209
258,112,46,217
256,118,45,217
257,113,46,215
257,112,46,221
257,115,45,208
255,110,47,209
257,120,46,209
257,112,45,211
255,129,46,200
255,114,50,207
257,123,51,201
260,128,44,202
255,140,44,194
256,143,48,181
260,146,54,175
257,150,64,172
259,147,46,180
260,142,44,183
261,142,46,186
261,148,51,181
262,145,51,178
263,151,49,174
264,152,52,174
263,147,51,176
264,137,55,188
264,138,54,189
267,141,53,182
266,141,52,188
268,144,52,181
267,144,56,180
269,150,56,175
268,149,59,176
270,147,57,176
269,144,53,182
271,148,59,175
270,151,61,171
273,144,61,176
274,146,59,178
272,140,66,187
273,142,68,182
274,146,66,179
274,141,68,188
272,144,69,192
274,142,70,184
276,147,67,175
277,141,67,184
277,145,66,185
278,141,66,184
279,144,65,182
283,145,61,176
286,147,63,180
290,154,61,182
296,147,59,173
297,145,62,180
298,148,65,177
304,147,60,173
305,149,60,177
308,145,60,184
313,148,58,178
315,148,56,176
318,148,55,180
318,149,55,178
322,150,55,170
321,148,56,176
318,148,60,176
323,147,56,179
325,148,58,172
328,147,57,174
326,148,57,174
325,146,63,179
327,146,61,172
325,148,71,180
322,147,76,175
325,148,71,177
335,148,61,197
343,150,55,206
339,148,61,200
338,149,64,196
344,146,59,185
344,149,60,200
349,144,60,203
346,147,62,183
347,143,62,191
347,147,64,194
346,142,69,192
348,140,71,197
348,141,75,194
344,142,83,194
343,141,90,194
350,135,84,207
343,137,97,204
346,134,96,201
348,139,96,203
351,141,92,191
351,140,94,201
353,140,91,198
353,145,90,186
357,139,87,199
346,139,98,192
353,138,93,202
351,142,94,204
363,155,82,190
361,165,89,187
364,158,84,196
362,154,82,198
365,139,84,210
362,144,84,209
362,134,81,218
365,138,77,211
363,135,77,216
368,128,70,225
363,135,68,220
366,125,69,226
367,132,67,220
365,125,69,231
364,132,68,220
363,134,68,216
362,133,70,219
360,135,72,218
359,136,73,214
359,131,71,222
359,135,71,216
355,138,76,214
355,140,76,215
352,144,80,211
353,141,80,211
354,137,77,218
354,133,80,217
355,140,72,210
357,143,63,206
358,133,70,217
362,133,67,218
363,137,66,211
359,138,67,214
359,134,64,214
360,138,59,221
356,135,60,218
357,131,63,223
353,138,63,215
350,136,63,216
349,143,65,207
345,133,67,218
342,135,67,211
339,138,72,210
336,144,73,199
334,139,82,200
326,138,83,203
323,146,96,187
316,161,95,172
314,141,105,189
318,136,94,197
319,125,91,201
310,129,99,194
314,124,95,195
317,130,89,199
314,129,93,196
315,128,92,197
321,116,83,212
323,114,81,211
320,119,83,209
322,128,81,203
323,132,79,205
325,127,80,212
322,131,86,203
323,128,80,200
332,142,75,201
330,129,75,206
331,137,72,199
334,144,72,203
330,142,70,202
336,140,65,208
335,139,69,199
335,138,66,208
337,135,61,211
338,136,64,219
335,132,61,215
332,132,60,207
335,124,58,220
339,129,55,202
336,142,54,184
338,142,49,182
342,142,44,185
340,148,44,179
338,147,45,180
340,147,46,181
338,150,46,174
335,147,47,173
334,146,49,174
333,150,52,172
333,146,50,175
333,147,52,178
331,149,53,171
333,149,50,171
330,149,55,178
332,149,49,175
329,148,55,177
326,146,54,179
327,148,54,176
328,147,54,175
323,152,58,169
320,149,56,173
319,153,56,170
319,152,60,168
318,149,57,177
314,152,59,174
312,148,58,174
309,149,60,176
312,148,57,181
305,149,64,174
304,152,61,170
306,149,60,177
306,148,59,168
299,148,65,173
295,151,70,175
294,148,72,177
291,145,74,179
295,147,69,176
292,145,70,173
291,149,70,173
292,148,65,174
290,148,66,168
289,144,70,177
289,148,68,172
290,146,66,169
291,143,66,179
288,147,67,178
289,146,65,172
293,143,60,178
293,146,60,176
292,139,61,189
291,142,61,186
293,148,60,179
293,150,61,184
292,146,62,178
293,139,61,188
294,146,62,180
292,147,63,186
295,144,62,181
289,147,68,177
289,150,67,174
292,153,64,172
290,158,65,164
287,168,70,158
287,161,70,159
287,163,70,157
287,161,68,162
289,150,63,165
291,150,61,172
290,144,62,172
288,147,60,174
289,148,56,172
287,145,53,173
287,145,53,176
289,147,49,175
286,155,47,168
285,149,48,174
284,151,47,169
285,150,47,172
281,147,49,163
279,149,47,175
278,152,51,174
275,153,53,170
272,152,52,171
272,154,49,169
267,156,51,168
265,157,53,164
265,157,53,167
259,153,53,170
257,150,53,171
261,155,48,187
254,149,55,183
251,152,57,175
248,151,62,170
244,155,62,151
248,156,63,164
251,151,53,173
253,148,55,162
256,150,50,170
255,151,59,168
252,150,59,169
252,147,54,172
251,150,56,171
249,150,59,165
246,155,57,165
245,148,65,171
243,152,67,173
244,150,65,170
241,150,68,172
245,147,61,175
244,145,60,179
243,145,61,181
241,143,61,183
242,149,63,175
239,145,60,175
241,147,59,180
245,143,58,177
241,159,63,160
239,152,67,170
239,146,69,171
239,138,69,188
242,134,68,183
240,143,67,184
245,139,66,182
238,147,71,182
243,151,69,172
240,142,71,179
240,149,73,171
237,149,78,171
245,146,72,172
241,153,76,165
242,143,76,176
247,150,71,168
246,161,77,163
247,152,75,169
248,157,74,165
248,149,72,173
252,156,70,168
253,165,73,164
256,160,73,172
257,154,69,176
264,146,69,183
267,145,67,181
273,153,63,175
275,158,66,168
283,146,61,177
287,143,62,182
292,143,59,180
298,139,55,189
302,143,59,182
309,153,56,176
314,145,52,180
314,142,56,184
319,147,58,182
317,136,65,194
318,127,72,211
320,125,69,197
326,123,68,203
328,123,71,211
328,121,75,210
332,133,78,193
338,132,75,191
339,126,74,194
341,135,75,192
339,130,82,215
339,132,85,218
350,133,80,206
351,138,79,201
371,138,64,202
363,145,83,192
371,145,72,202
364,142,86,198
368,145,91,194
370,146,91,190
371,143,95,182
373,143,94,197
371,146,103,190
375,145,101,185
376,144,102,181
379,147,98,174
377,142,99,182
377,140,103,179
385,145,93,186
385,143,94,185
384,140,100,187
379,142,106,183
396,137,84,194
396,140,88,193
398,139,82,199
396,139,85,191
394,139,91,189
414,147,71,188
411,147,75,199
401,140,89,194
382,142,114,184
362,144,146,183
342,149,167,161
365,144,141,184
371,142,142,187
370,145,142,182
371,150,135,183
370,143,138,185
375,152,132,169
388,153,113,174
401,154,100,184
410,157,86,186
417,158,80,182
426,166,67,183
414,164,81,178
413,173,84,165
402,161,87,188
401,169,88,169
394,156,90,180
391,159,96,183
403,164,78,177
401,158,80,186
395,162,86,177
392,162,85,178
384,160,90,178
382,154,89,186
378,157,91,188
382,158,83,174
380,165,82,168
376,176,81,151
375,173,76,150
360,166,85,155
370,173,73,164
366,160,81,173
356,156,88,166
355,153,88,167
357,158,86,163
355,155,82,166
358,156,78,184
358,154,79,177
360,157,77,169
354,156,79,166
356,155,75,157
358,149,70,165
355,147,75,170
356,148,73,168
353,148,79,169
351,148,77,176
353,148,75,166
356,145,73,174
355,143,73,180
361,140,70,187
361,155,69,193
359,145,71,203
358,141,74,203
354,135,79,205
352,134,82,197
353,131,86,185
354,148,90,184
356,158,82,165
354,152,91,167
351,156,75,167
353,150,70,178
353,145,67,178
348,121,71,196
348,122,73,205
344,120,74,199
341,117,73,207
339,122,71,212
339,126,73,213
340,117,70,214
335,144,73,197
334,148,74,185
330,139,80,193
325,145,84,186
327,152,79,183
322,151,78,181
321,155,69,176
321,151,66,178
319,154,65,173
312,149,68,181
311,151,65,176
308,147,67,182
306,143,69,186
298,133,73,194
300,129,64,215
300,124,63,206
297,114,71,210
292,107,79,207
287,113,87,212
286,125,78,207
284,130,65,205
281,143,66,181
280,140,65,181
276,148,66,175
274,150,61,181
271,156,63,182
272,147,66,184
261,167,72,170
262,160,68,170
258,166,63,163
257,150,66,177
255,154,67,174
253,149,67,180
252,153,68,174
252,152,69,176
249,147,65,181
250,142,67,194
246,144,70,192
246,141,68,203
249,142,68,194
243,141,74,197
243,139,76,195
241,147,74,193
240,143,75,188
239,152,73,187
243,151,77,178
240,146,80,192
237,141,89,189
237,147,80,189
236,139,91,193
241,150,84,179
246,156,72,171
246,153,71,178
245,149,71,179
244,168,73,158
243,168,72,161
244,164,70,165
241,158,79,171
240,162,86,163
237,175,68,147
229,177,72,159
235,168,70,166
239,171,64,173
226,167,78,171
230,172,71,157
234,174,68,157
239,177,62,146
239,182,60,143
240,171,63,153
240,172,65,152
246,170,59,152
241,180,66,142
250,165,86,145
241,166,94,147
240,168,101,144
239,168,100,142
243,169,103,143
238,163,109,152
236,167,79,156
240,182,62,147
244,187,57,139
244,188,58,143
241,190,62,144
242,185,60,144
241,183,63,150
241,178,62,155
244,169,61,163
245,169,60,159
242,171,62,155
241,176,64,153
240,163,66,167
246,171,63,163
241,157,65,180
242,150,65,181
243,143,65,186
241,142,70,189
242,138,66,190
239,143,70,196
237,143,72,186
240,151,64,176
241,147,66,186
241,140,68,189
243,140,64,189
240,140,67,191
240,144,69,186
242,141,68,191
238,148,72,181
239,158,72,174
233,148,78,183
234,160,76,164
233,148,78,180
234,141,77,186
236,139,74,187
239,146,73,184
240,139,70,191
238,137,73,194
240,141,73,189
242,146,74,184
241,147,76,188
241,149,77,184
239,141,74,184
240,148,76,179
244,145,69,190
239,145,74,186
245,139,70,188
240,145,74,183
244,141,69,188
242,141,73,190
245,139,70,189
243,146,71,182
246,141,67,186
242,139,67,193
246,137,66,196
247,144,65,182
245,155,65,186
244,142,68,189
248,143,64,186
244,146,68,187
245,144,68,188
243,143,69,186
245,137,64,190
245,148,65,187
245,162,64,174
241,149,66,181
242,152,65,176
243,155,66,177
238,161,71,166
242,150,65,182
238,146,66,185
238,140,67,192
232,141,70,196
235,143,70,187
234,140,71,185
233,148,73,179
236,134,69,195
237,145,69,186
238,144,69,188
237,143,66,187
238,147,69,189
237,142,67,197
239,142,68,190
237,148,69,189
236,143,73,195
233,140,75,204
236,148,71,189
237,142,73,188
239,148,74,185
236,153,88,185
234,151,71,186
237,153,84,181
235,154,89,190
237,135,93,191
234,152,96,174
236,166,95,163
235,170,98,165
234,163,96,179
234,173,98,176
230,180,103,164
236,187,96,156
233,196,97,149
235,205,99,142
243,213,94,137
237,225,101,116
228,230,111,106
232,225,109,117
229,217,116,109
232,210,107,132
240,221,97,127
230,232,112,114
224,245,122,108
232,248,110,103
232,253,114,100
229,249,119,101
229,255,118,99
229,253,117,100
228,255,116,99
232,253,114,101
229,254,120,100
233,255,113,100
237,255,111,99
234,254,111,99
236,254,108,98
235,253,107,99
235,253,111,103
232,252,116,103
232,252,117,104
242,250,103,103
237,248,107,103
234,255,110,101
237,252,109,104
235,251,108,104
236,250,105,104
237,250,107,106
238,249,108,104
236,251,107,103
235,252,106,103
