375,92,103,115
374,90,96,121
375,91,95,121
375,91,95,119
375,91,94,119
375,91,95,119
374,92,95,119
375,91,94,120
375,93,94,118
373,92,93,118
372,91,93,119
369,91,94,120
369,89,95,122
369,90,94,122
367,89,93,121
364,89,93,121
364,89,93,120
363,88,96,122
364,86,93,121
364,86,96,124
364,90,97,124
358,98,100,123
353,106,97,123
345,106,96,118
338,108,95,111
336,104,94,114
330,103,92,117
327,105,94,118
324,110,96,120
320,114,98,124
318,119,93,124
317,123,92,122
320,124,91,121
324,126,89,119
329,127,90,119
336,126,92,121
351,125,91,122
371,125,95,125
381,126,98,116
397,121,95,123
409,120,94,123
417,121,96,122
416,124,96,120
413,128,96,120
414,131,94,119
412,134,88,114
407,135,95,113
403,137,96,118
396,140,94,112
397,139,92,112
389,140,95,115
383,140,92,113
378,136,99,112
383,133,93,108
380,130,97,112
377,123,100,121
394,120,94,118
397,118,95,117
403,113,95,118
425,113,91,114
433,105,102,111
456,95,102,124
481,81,116,119
497,72,112,130
505,71,107,128
500,68,115,122
500,66,112,120
501,62,113,127
498,65,113,123
503,68,115,128
502,75,113,134
502,77,109,133
488,80,120,133
485,83,113,131
481,83,105,131
477,86,103,125
474,89,105,130
468,96,107,125
461,99,98,122
447,101,96,125
429,110,101,121
412,110,101,128
394,115,98,130
376,120,99,126
360,124,95,130
342,132,91,123
327,129,95,122
320,128,94,122
309,128,94,128
296,127,94,123
297,129,94,116
289,127,97,123
292,127,95,123
298,127,96,122
304,126,96,126
307,124,99,125
308,121,98,124
309,119,100,128
314,121,103,128
322,123,103,127
334,122,107,127
364,119,101,118
414,121,91,122
438,119,116,128
438,116,121,133
442,112,133,130
445,99,127,134
439,97,116,129
428,98,102,125
418,91,109,128
406,83,111,127
398,80,108,121
392,80,101,113
379,81,109,116
366,81,118,117
346,77,115,115
334,73,108,115
317,74,104,114
306,76,103,110
303,81,101,109
302,88,102,106
305,98,101,106
308,108,96,102
310,116,95,99
313,119,94,103
313,124,93,103
311,127,91,102
314,129,89,100
314,129,90,100
319,129,88,101
319,132,89,100
318,133,90,101
318,135,89,99
315,134,91,99
318,130,96,103
319,124,99,98
319,115,100,101
323,104,102,102
320,91,105,106
306,90,104,113
291,89,116,110
289,76,107,110
296,58,114,119
303,47,116,121
310,36,112,122
319,25,103,125
322,21,107,129
328,16,113,136
343,16,110,139
356,13,122,138
368,16,112,132
355,16,120,140
344,18,114,144
337,29,115,135
340,39,111,132
344,60,112,123
352,75,106,118
357,82,100,121
350,82,98,109
337,72,106,104
324,39,106,117
321,20,106,116
325,4,108,113
331,0,111,106
345,0,94,97
360,0,99,84
376,0,96,85
393,0,87,83
407,1,86,79
419,0,89,82
432,2,94,83
431,1,95,84
448,1,111,104
456,3,106,117
451,15,109,115
451,28,102,115
447,41,100,110
445,52,99,107
444,62,101,108
443,69,98,111
439,82,101,106
440,89,100,109
441,90,96,109
441,91,96,109
442,91,95,106
442,91,95,108
443,90,97,106
444,90,96,109
443,91,97,106
445,94,94,107
445,97,94,108
448,98,94,107
449,98,95,109
449,99,97,109
450,103,97,109
451,105,96,107
454,109,97,106
456,111,96,105
459,117,95,105
463,122,97,106
470,127,91,110
474,128,95,111
477,131,103,111
483,135,100,113
492,138,97,113
499,142,100,109
503,143,105,113
507,149,102,111
507,156,103,110
508,158,105,113
506,162,106,114
506,165,103,111
507,168,99,106
509,165,98,109
510,163,98,110
509,163,102,110
507,159,105,111
512,153,102,112
514,151,101,113
513,149,104,114
518,147,99,115
519,148,102,116
522,149,102,113
522,149,104,113
529,151,97,114
525,150,102,114
521,149,101,117
513,151,102,117
501,152,110,112
497,154,92,112
486,155,95,110
481,156,95,109
473,155,90,113
462,156,90,111
449,156,83,111
440,155,85,103
427,153,84,107
418,152,86,103
411,152,85,102
402,152,81,109
392,154,87,107
386,157,84,105
380,158,79,108
370,164,85,107
363,166,82,108
361,169,75,97
363,167,76,100
366,169,77,99
362,170,75,98
361,170,78,98
366,169,76,91
364,169,74,96
365,169,74,94
360,168,76,98
358,168,76,94
361,167,75,94
366,165,75,98
371,161,74,98
372,160,75,97
376,160,77,98
380,162,76,95
383,164,76,97
390,169,77,95
393,178,75,100
389,186,77,98
388,190,78,97
394,193,78,101
402,194,76,98
407,193,74,99
414,189,73,99
422,186,74,101
422,183,80,97
424,180,76,101
421,182,83,100
424,182,78,102
427,187,78,99
428,190,78,97
433,192,76,101
433,193,79,98
432,194,80,99
437,194,81,103
447,196,77,92
446,197,79,103
453,201,80,96
457,199,77,104
461,199,81,104
470,199,76,102
471,194,84,108
470,190,97,105
495,199,111,98
502,199,90,104
502,195,111,102
526,183,94,110
518,173,100,111
527,162,97,103
525,145,98,112
524,138,85,106
520,128,93,109
514,126,95,115
505,125,95,120
489,123,98,119
473,119,99,112
458,113,97,109
453,97,93,106
441,87,91,110
434,79,91,113
423,73,92,119
413,78,93,116
403,81,95,117
390,85,91,118
377,86,95,123
373,89,90,123
364,91,92,117
364,96,94,118
356,101,92,114
343,96,92,113
344,93,97,123
347,95,92,124
356,94,94,127
360,97,91,125
367,96,98,124
381,101,97,124
389,103,101,124
388,105,105,128
373,106,99,123
345,102,95,124
318,99,94,127
291,100,94,121
268,101,105,122
248,99,105,129
226,100,112,125
210,100,118,130
196,100,121,136
227,97,118,132
237,100,125,135
234,105,122,140
211,106,135,136
195,103,127,140
185,100,132,134
171,96,135,134
165,95,136,132
163,98,137,133
166,100,135,131
173,106,136,135
173,110,137,129
185,113,131,130
189,123,152,135
212,136,145,139
226,146,152,134
256,160,139,135
270,182,153,121
288,184,133,122
299,185,143,122
313,184,140,122
320,177,139,119
329,171,144,123
342,163,142,131
358,158,137,129
367,154,145,132
372,150,146,131
377,145,146,127
385,142,150,129
394,146,146,122
389,143,150,126
385,137,152,127
386,133,145,127
389,130,147,129
385,130,145,129
381,131,138,128
363,139,153,134
355,151,144,125
346,151,138,118
312,141,147,126
302,137,130,125
276,137,139,128
270,139,144,123
266,130,127,113
247,155,145,130
270,179,114,126
259,180,134,125
252,176,144,126
188,162,211,137
137,172,162,131
52,195,192,154
72,184,146,125
38,163,167,123
45,146,150,128
47,143,149,129
51,141,154,129
46,139,172,131
54,132,207,109
85,107,171,97
91,75,187,124
155,62,128,102
161,52,142,113
204,47,123,114
217,43,130,113
222,44,141,114
249,38,139,123
278,39,134,120
297,32,121,106
307,25,129,110
313,25,124,105
314,21,121,112
316,24,122,108
313,28,124,110
314,31,121,111
300,32,127,111
290,36,128,119
260,44,147,128
254,58,129,117
239,67,129,117
222,75,134,120
207,81,132,115
201,83,130,113
188,87,132,113
183,88,130,115
174,93,123,111
163,91,134,108
169,88,118,112
172,87,113,104
153,85,135,109
153,81,127,116
141,79,140,115
133,75,147,123
135,66,136,118
146,61,122,115
130,58,139,116
121,55,146,120
129,54,137,115
115,55,147,121
116,55,139,116
115,57,141,120
104,58,144,124
109,59,129,123
112,63,130,128
100,69,140,125
97,69,143,126
84,73,160,128
97,73,145,131
93,79,147,128
88,78,153,131
102,79,142,128
93,87,154,128
103,91,135,123
107,93,134,122
101,100,145,123
89,104,160,134
74,109,174,133
83,125,165,137
92,132,153,129
84,137,161,140
75,142,169,133
74,144,171,130
74,145,168,136
90,145,151,134
78,143,163,133
98,142,143,131
83,144,158,131
79,144,162,128
77,142,164,124
72,141,170,127
82,139,164,126
77,137,168,126
64,134,183,129
82,134,168,127
69,131,180,124
69,121,179,126
72,113,178,126
44,100,206,129
63,92,186,129
65,78,187,132
57,67,199,131
66,59,189,133
78,49,185,134
87,40,177,139
89,34,176,140
96,30,174,140
99,31,174,138
97,27,174,139
101,28,171,140
105,29,173,138
107,29,173,139
109,31,173,141
115,36,175,141
126,45,168,135
126,49,169,133
133,56,162,132
107,62,176,141
86,64,171,144
80,69,172,140
77,77,174,144
69,93,249,169
123,119,152,138
142,123,165,142
154,126,155,137
183,142,155,139
203,146,140,136
221,143,156,133
229,134,147,129
245,131,142,130
254,129,139,124
253,127,142,126
254,127,141,127
257,127,144,131
261,125,142,130
248,124,116,130
225,120,146,134
212,117,130,141
191,113,135,141
169,104,132,149
129,100,138,146
103,94,161,142
113,79,158,142
111,68,156,150
102,54,158,145
106,52,155,141
108,39,161,143
131,27,147,157
141,27,147,153
156,25,135,158
168,35,136,151
170,46,136,148
181,59,134,142
184,64,141,145
204,68,129,145
201,81,135,130
183,98,141,148
180,105,129,151
179,113,130,141
174,121,132,145
169,125,126,144
155,128,133,151
150,133,136,153
145,143,131,152
142,150,129,148
142,154,128,146
143,153,125,146
142,150,130,143
125,143,141,141
119,131,136,142
127,119,132,141
127,111,128,142
124,106,128,140
128,103,130,139
128,93,135,135
142,76,126,140
148,68,124,140
160,63,125,140
176,56,120,144
186,46,118,143
193,40,116,144
199,38,114,142
200,38,112,143
196,37,114,139
200,33,115,142
215,31,112,138
221,32,115,139
227,34,115,141
233,34,115,142
240,36,112,141
241,38,111,141
243,39,111,142
245,36,111,143
251,39,107,143
259,45,108,143
271,49,104,142
283,50,108,138
293,57,110,140
301,61,108,136
309,60,105,135
314,64,105,132
319,69,106,131
325,72,106,131
331,77,108,134
342,82,102,135
351,87,100,132
358,92,100,128
366,97,105,128
375,100,106,132
384,105,110,129
400,109,109,129
414,111,107,132
418,115,109,127
421,116,108,126
422,120,105,123
420,124,102,119
421,119,106,121
427,119,106,115
433,113,111,119
438,112,113,118
444,104,126,123
456,102,108,131
453,106,109,122
458,105,106,124
461,104,113,121
463,99,116,124
468,98,111,118
469,96,125,115
484,92,119,122
494,87,117,123
505,80,118,128
510,78,118,138
513,78,118,131
518,78,116,128
518,77,117,134
518,77,115,130
516,80,116,135
514,87,115,132
511,93,119,128
504,93,122,136
504,94,117,147
500,100,114,140
493,105,117,145
491,114,113,138
488,124,117,139
487,137,114,140
488,155,110,136
485,177,109,134
480,199,111,128
468,217,112,128
466,235,107,118
463,246,110,112
464,260,105,98
459,264,108,93
456,271,109,88
449,278,111,81
442,279,117,81
437,280,115,80
436,280,111,80
437,280,110,80
433,282,113,77
433,279,111,81
430,278,113,82
435,278,103,82
428,272,113,88
434,260,103,98
431,254,106,103
425,247,108,110
425,234,109,118
424,230,108,121
420,225,108,119
418,212,109,126
420,203,108,125
414,194,112,125
416,182,114,132
418,172,112,136
421,163,113,133
426,148,114,129
425,129,118,129
426,106,123,122
436,79,125,136
439,53,127,143
443,30,146,144
454,6,142,146
461,1,128,127
467,0,124,113
471,0,118,100
475,0,113,86
478,0,107,87
480,0,108,83
479,0,110,90
479,0,108,92
480,0,112,100
474,0,122,117
465,2,126,133
459,4,133,144
453,22,123,148
443,35,128,139
437,49,109,142
423,64,110,130
412,77,106,133
390,85,110,128
379,94,102,132
357,102,107,133
339,112,107,138
319,122,106,139
304,131,98,148
283,141,102,139
260,147,108,128
238,150,101,137
214,155,112,141
211,156,105,147
192,161,111,149
189,160,112,144
172,162,113,152
151,161,118,152
136,163,119,160
117,164,120,157
102,163,125,161
92,158,126,156
87,157,128,157
89,153,126,157
93,154,128,165
106,158,122,159
110,162,127,157
114,165,124,152
115,165,124,150
118,164,123,151
120,166,123,149
122,166,123,152
130,173,122,150
140,183,121,147
144,193,120,150
145,203,125,147
151,212,124,142
152,224,123,133
155,233,121,125
156,240,124,118
158,252,124,106
162,270,134,90
169,274,126,86
171,280,132,80
175,292,125,67
176,293,127,67
175,298,124,62
178,298,121,61
171,299,132,61
164,294,127,65
161,290,127,70
150,283,138,76
151,270,128,89
150,260,126,100
149,239,119,120
147,228,122,127
146,215,123,140
147,206,121,147
153,194,124,151
161,188,126,155
172,184,120,157
180,183,117,147
190,177,117,147
199,169,114,150
208,165,112,140
214,157,109,135
213,147,110,131
223,139,109,133
228,133,107,129
236,126,105,125
244,125,104,129
253,128,104,127
259,132,103,128
259,136,102,133
263,140,103,132
262,144,102,130
264,148,100,130
264,151,101,131
261,152,104,128
255,151,106,129
258,147,105,127
262,141,102,117
260,132,102,114
262,117,103,116
263,108,102,115
255,93,106,115
253,80,106,120
255,73,101,117
258,65,99,117
258,55,102,118
268,54,100,117
277,55,99,120
284,56,101,123
299,67,97,116
306,72,89,113
309,78,92,111
312,79,93,107
317,83,89,105
321,83,88,109
330,85,89,106
338,87,87,104
345,89,91,105
353,90,92,105
364,92,93,100
371,94,92,103
377,102,87,100
382,111,88,98
385,120,87,98
384,127,86,99
378,137,90,99
367,145,92,96
352,152,82,97
336,156,84,101
321,157,82,97
303,158,86,101
283,157,87,107
267,158,85,102
248,157,94,99
226,151,96,108
208,148,97,110
188,142,96,112
169,143,99,116
158,145,93,112
143,147,94,112
126,149,105,113
114,148,105,115
101,145,110,118
88,143,112,119
78,142,110,123
71,143,109,124
73,144,109,121
77,144,116,123
102,150,116,119
131,148,123,113
180,146,103,162
181,144,107,140
225,138,103,129
230,143,89,118
267,137,91,106
310,134,90,91
344,122,87,85
378,114,93,93
407,107,93,100
429,99,94,110
451,96,106,107
464,99,94,106
476,96,99,112
486,96,106,112
498,96,105,114
506,95,109,114
518,95,104,113
527,96,109,116
536,98,104,117
548,101,91,110
557,100,83,111
561,105,78,110
559,106,80,107
555,105,84,114
551,109,88,114
542,110,94,112
528,109,106,115
515,113,104,113
498,116,96,110
468,124,86,104
440,130,90,105
419,138,86,103
399,141,85,103
385,146,84,99
371,147,84,101
352,149,85,101
336,150,84,103
325,152,83,99
314,152,84,100
305,152,84,99
305,152,82,95
307,155,85,98
314,160,91,99
323,166,104,102
330,175,97,102
339,184,93,107
348,191,94,103
352,200,98,103
358,210,96,109
356,221,98,112
353,230,99,108
350,233,104,110
342,237,96,104
335,238,98,108
326,239,96,111
311,238,97,111
299,240,96,109
287,240,98,110
278,239,93,111
263,236,94,112
250,232,103,111
239,228,101,117
224,224,106,118
215,221,99,113
196,215,109,118
182,209,113,118
167,202,111,125
147,191,130,125
123,174,156,145
98,162,167,136
90,145,110,121
74,130,138,109
66,116,137,115
56,102,137,134
72,93,118,113
76,86,109,115
81,82,114,115
82,79,122,111
85,74,119,116
95,66,119,118
107,57,109,115
126,49,106,117
138,43,99,113
152,41,100,114
167,46,91,111
187,45,91,109
209,40,90,101
229,35,93,109
246,34,96,107
265,30,91,104
280,21,91,112
296,20,89,109
312,16,88,114
328,19,90,113
349,22,88,114
369,24,82,117
380,31,95,108
397,33,96,107
413,37,91,109
425,39,98,113
437,52,97,109
445,57,102,108
456,62,93,106
464,69,112,105
471,80,106,111
477,89,104,106
479,99,105,107
484,110,102,106
489,118,99,105
487,126,102,105
487,137,103,104
490,145,100,105
487,153,118,104
482,163,105,108
474,171,106,113
468,179,103,110
449,189,93,111
423,202,95,113
403,216,93,99
380,220,91,101
364,223,89,102
353,225,88,104
351,224,89,104
347,222,90,102
345,222,88,101
335,220,88,102
328,220,87,103
320,222,88,103
309,222,90,107
299,224,90,106
289,223,89,111
273,226,86,116
248,221,92,118
234,221,92,109
203,215,90,115
183,211,96,107
170,205,98,107
160,199,101,108
151,194,104,111
141,189,98,113
130,181,103,112
126,175,106,112
111,170,112,113
99,157,120,111
83,145,124,113
77,131,111,113
75,118,109,114
80,109,112,112
94,102,105,110
103,96,100,109
119,92,98,111
133,85,100,115
148,81,94,113
157,74,97,106
176,64,97,108
191,56,91,113
206,53,88,109
225,48,87,112
242,52,94,109
260,58,95,106
279,64,92,111
294,69,89,108
308,73,89,109
321,80,87,107
330,91,84,99
333,98,81,98
333,107,79,97
328,113,83,101
321,120,81,99
319,121,78,95
312,120,80,94
311,117,77,97
312,114,76,97
312,115,77,97
318,114,77,98
325,116,77,99
327,120,80,100
331,122,76,99
332,129,75,100
331,137,76,98
329,143,78,99
332,146,79,100
340,145,80,97
349,140,80,97
350,139,78,98
346,143,83,100
346,147,80,102
340,154,81,97
332,164,83,93
328,171,78,96
320,176,81,98
314,183,82,95
310,187,80,91
311,189,80,90
315,189,82,92
317,194,81,95
321,198,79,95
323,204,78,99
327,209,77,99
330,210,76,99
330,211,78,96
330,206,81,100
333,201,79,104
333,197,79,104
332,195,79,94
331,193,81,98
329,192,81,97
328,190,82,98
329,188,83,103
332,181,87,110
334,170,87,104
339,162,86,101
345,153,84,103
350,149,86,105
361,147,87,98
365,145,88,108
378,152,84,101
387,156,86,97
395,160,87,101
404,165,84,101
408,167,89,99
414,169,87,95
420,170,87,95
421,172,88,96
423,173,85,94
422,173,86,94
424,173,85,91
421,171,90,95
424,170,85,93
418,170,90,94
422,169,86,92
417,169,88,93
419,168,88,92
417,171,88,91
415,170,88,94
418,170,87,92
416,170,87,94
418,169,92,95
423,165,88,95
425,162,89,99
429,159,88,104
440,156,85,98
439,157,89,99
439,160,92,104
437,161,91,103
436,165,93,104
434,165,93,105
432,171,90,100
420,170,90,96
421,169,88,96
416,166,90,100
410,160,79,101
402,157,85,102
383,163,85,107
367,168,78,105
346,166,78,107
333,169,76,107
316,169,81,103
307,169,84,107
302,172,83,106
299,173,82,107
298,171,79,104
296,169,80,106
295,167,81,107
292,161,82,102
291,154,82,107
286,152,85,106
284,147,86,106
291,142,92,114
308,127,86,110
309,111,90,108
310,112,89,110
309,108,91,105
316,96,90,116
316,98,90,114
314,96,91,114
323,103,96,113
326,109,94,113
330,106,99,120
339,106,101,118
340,110,97,118
339,113,97,121
340,114,99,122
345,120,108,123
347,141,101,126
342,155,106,121
344,166,107,127
345,172,106,119
360,181,145,117
373,195,116,132
354,201,123,133
333,203,122,139
325,207,122,136
329,211,120,127
334,217,122,126
338,217,121,121
335,217,124,129
341,220,120,128
342,221,123,125
336,219,127,124
326,215,131,129
330,219,129,128
331,221,129,127
324,223,131,127
331,228,133,126
334,230,129,122
318,221,136,130
311,222,134,127
310,223,135,127
306,232,135,124
297,231,126,125
279,235,136,117
210,230,169,125
180,211,146,141
157,197,151,142
131,184,169,139
95,171,213,148
94,157,156,134
67,137,174,132
61,112,165,129
39,98,174,147
43,117,168,130
41,111,175,140
63,99,169,135
101,84,144,126
98,80,155,128
122,70,145,126
120,68,161,128
120,35,155,137
131,18,150,131
127,11,149,136
121,7,154,138
139,12,163,135
207,13,147,145
258,6,149,118
296,0,161,111
338,0,170,111
344,1,193,125
379,7,203,124
392,10,161,133
379,22,157,133
367,27,158,132
349,33,161,129
329,44,154,136
324,61,152,123
302,68,151,121
280,75,160,121
276,84,147,112
278,86,138,117
278,89,135,109
273,90,142,111
254,88,144,113
252,87,139,107
171,114,150,115
171,122,143,110
166,127,154,113
168,126,145,119
167,125,148,120
165,126,146,122
167,127,144,122
167,130,139,122
162,129,146,120
168,128,139,120
162,127,144,122
165,126,141,123
171,127,137,122
166,126,140,123
163,123,140,117
168,123,133,121
165,122,137,122
161,124,140,120
157,125,142,120
142,129,152,121
125,129,155,127
126,130,144,125
73,127,184,133
60,125,176,125
45,123,183,130
25,115,182,146
17,110,176,123
12,100,166,128
6,95,166,129
3,88,158,133
3,82,154,134
2,76,151,134
6,72,142,133
5,68,148,134
2,62,150,134
3,59,147,136
5,54,148,135
2,40,157,142
5,34,152,142
7,27,156,138
10,16,154,135
13,9,155,138
11,3,161,130
5,0,167,128
14,0,156,112
19,0,160,107
18,0,158,102
17,0,161,97
20,0,158,89
37,1,153,90
40,1,145,94
52,1,140,102
52,0,141,103
48,0,151,103
49,0,149,102
49,0,148,105
28,0,175,112
40,0,163,112
36,0,168,111
45,0,159,121
45,0,161,121
45,0,162,127
39,1,168,131
46,4,163,136
35,11,174,136
36,24,173,138
34,30,177,131
33,34,176,138
24,43,191,146
26,58,188,141
32,67,178,132
34,82,178,134
28,92,185,134
50,98,163,130
42,99,168,134
33,100,172,129
23,102,180,133
23,110,183,136
23,123,185,131
28,131,184,133
31,138,185,134
32,144,183,136
43,156,174,130
44,163,177,127
59,167,159,124
69,168,153,123
48,172,168,128
53,177,164,128
49,178,165,128
40,181,174,131
43,187,171,132
34,195,183,133
43,203,176,128
46,209,172,129
48,213,172,130
52,214,170,131
56,216,169,132
52,214,172,130
45,214,178,131
40,211,179,132
32,205,186,125
36,196,175,130
32,186,178,131
26,178,181,137
16,169,188,134
10,164,192,136
15,157,186,139
18,144,177,141
12,139,174,148
10,131,166,135
8,120,166,137
4,107,168,144
7,99,156,144
1,88,152,140
2,76,143,141
0,65,138,140
0,60,136,142
0,55,135,141
0,49,135,136
0,45,134,137
0,38,134,141
0,42,137,134
0,46,137,141
0,47,139,143
0,53,151,147
1,53,151,149
1,63,162,147
8,67,161,145
8,76,170,138
21,87,181,133
24,88,179,133
25,91,184,136
29,93,194,136
38,95,200,147
63,96,181,137
78,98,178,145
97,100,172,141
99,101,174,142
117,105,172,138
137,104,159,139
132,107,174,139
147,107,164,139
152,106,169,131
156,108,170,139
161,106,175,140
171,108,169,138
179,109,165,140
182,111,173,139
198,109,166,138
197,104,173,142
200,99,175,149
208,98,175,148
220,94,174,146
236,93,170,145
244,91,168,143
250,92,172,145
267,92,170,143
279,90,168,146
285,91,170,147
290,92,178,144
302,93,175,142
310,94,171,148
310,96,172,144
314,95,172,147
321,98,166,141
319,98,166,148
17,96,159,125
17,95,157,127
8,95,162,128
12,94,153,126
5,96,158,130
5,92,156,132
5,92,152,130
6,91,149,126
5,91,148,126
4,91,146,128
5,92,142,127
2,92,140,123
2,94,136,121
2,94,137,122
0,96,136,125
0,96,136,127
0,100,137,131
0,104,139,133
1,111,144,133
3,116,149,132
4,120,153,127
8,124,155,123
6,126,161,126
9,129,161,124
10,128,166,125
12,129,169,124
15,127,180,121
16,126,183,124
25,124,176,127
31,122,173,128
33,121,171,125
33,121,176,125
34,120,181,124
42,117,182,127
49,110,177,127
63,110,166,125
52,105,181,130
64,98,171,137
69,100,168,132
70,100,169,133
70,102,170,130
72,99,171,133
82,101,164,131
83,101,165,132
92,102,160,128
91,103,164,131
91,103,163,130
94,101,163,127
98,100,163,127
101,100,162,127
102,100,164,126
102,100,163,126
99,99,165,125
87,99,171,128
68,99,181,132
41,98,200,136
19,97,208,140
13,95,193,140
3,95,190,137
5,96,164,137
3,96,154,134
2,95,130,122
0,93,102,128
1,99,81,102
0,108,57,101
0,125,59,92
0,137,75,152
5,188,79,157
404,182,133,178
361,178,219,182
361,178,219,182
292,3,97,140
292,3,97,140
270,4,83,115
268,0,64,127
279,1,53,97
268,0,61,121
263,0,62,114
258,0,67,133
266,0,62,113
263,0,63,133
276,1,58,133
274,0,63,117
277,0,67,126
286,0,62,158
285,0,73,141
293,0,73,142
299,1,78,119
329,1,64,139
353,2,59,141
376,3,64,125
404,6,79,154
452,255,116,105
83,214,93,101
0,314,62,46
38,315,50,44
76,322,42,37
100,325,52,34
131,324,44,35
154,324,45,34
185,325,35,33
205,321,48,38
222,318,44,40
234,317,47,42
250,317,46,41
265,318,41,40
270,321,50,38
173,119,125,103
123,97,180,135
134,95,175,140
138,98,175,139
141,98,179,140
145,100,186,144
149,101,188,144
159,102,183,145
170,108,175,143
173,114,174,140
178,118,174,138
178,125,169,139
173,134,170,142
154,141,179,148
141,147,168,143
136,146,172,140
138,144,169,140
143,148,163,140
152,151,162,142
169,158,153,134
189,160,146,133
215,162,141,132
230,160,142,131
244,156,143,130
266,145,147,126
283,136,144,128
297,129,137,131
312,124,135,128
319,114,141,134
327,112,139,134
337,112,137,135
352,114,140,142
364,116,140,142
375,128,142,139
360,152,154,143
351,167,138,134
340,169,136,131
363,166,130,130
380,149,149,120
398,126,135,134
401,126,137,137
390,135,138,139
380,133,147,125
377,128,145,129
360,113,135,135
360,110,133,135
344,113,142,139
326,119,131,134
301,121,125,134
290,129,128,133
276,130,120,132
261,127,139,134
248,122,132,124
217,113,127,129
190,96,134,131
171,78,137,124
172,57,130,130
165,36,126,140
162,33,118,143
155,32,124,141
147,36,121,144
141,41,127,145
152,51,119,139
150,55,120,141
149,55,120,139
143,57,121,136
131,49,118,135
132,53,119,135
126,61,121,139
126,69,120,136
143,74,112,138
149,80,110,133
140,83,107,133
134,92,111,126
135,104,113,125
143,115,110,126
148,121,105,126
159,132,103,120
159,136,102,119
154,139,99,122
150,140,97,125
145,147,100,122
145,149,99,120
136,144,97,119
117,136,101,122
118,135,98,116
121,140,102,113
127,147,100,116
143,152,97,116
156,158,96,120
172,172,91,122
183,184,88,113
172,200,95,107
172,212,87,109
179,229,85,112
196,240,78,104
214,247,75,104
224,249,74,104
234,251,76,102
242,250,74,100
251,246,71,98
257,239,71,96
262,223,71,99
296,210,69,96
331,196,63,88
341,176,76,102
364,163,70,100
375,151,75,97
375,146,77,96
380,137,79,102
394,134,74,94
404,127,73,94
404,124,75,93
412,117,74,93
421,114,79,97
424,120,79,93
424,124,74,96
422,128,75,94
418,135,75,92
411,139,77,95
408,148,73,89
411,159,78,93
409,175,73,92
410,183,67,92
413,195,69,86
413,197,71,88
417,205,67,85
416,215,72,88
416,220,67,88
416,228,68,88
421,235,67,83
423,240,68,84
429,242,65,82
432,244,65,80
429,240,75,80
442,229,64,80
449,211,74,84
451,201,73,81
453,197,65,81
453,193,70,82
457,193,67,83
462,186,69,84
466,179,72,81
476,172,69,84
479,158,69,88
479,152,68,83
482,150,65,81
479,150,67,81
475,152,65,81
472,152,67,81
476,153,67,79
475,153,67,81
479,152,61,82
484,154,63,80
483,155,66,83
485,158,67,84
482,163,70,83
481,169,65,80
478,170,66,81
477,171,64,77
474,172,69,81
474,173,65,86
468,177,66,85
461,186,73,87
460,188,74,88
453,192,66,90
452,196,66,86
445,195,67,84
445,195,67,85
443,196,66,83
439,194,69,88
430,195,69,84
425,192,66,84
418,190,69,86
414,184,68,81
408,177,73,87
403,174,71,87
400,174,69,83
396,170,71,83
391,169,72,87
385,166,74,87
387,159,75,90
386,156,77,92
388,156,70,92
389,158,71,94
390,157,73,96
392,156,73,96
395,155,79,102
401,156,83,100
404,162,84,102
412,164,84,105
417,171,85,104
423,173,86,111
428,176,82,116
432,178,87,117
435,181,87,112
439,184,86,112
442,180,86,115
443,175,89,123
447,179,92,115
450,182,88,114
447,179,92,120
449,176,97,112
449,177,97,117
449,177,100,121
451,178,98,126
447,180,101,129
447,186,100,132
448,192,94,119
445,196,92,107
446,198,97,107
448,196,91,115
446,196,92,112
451,194,89,113
448,197,91,115
445,197,93,115
445,200,91,111
439,195,94,115
440,193,92,106
436,187,88,103
432,185,87,107
437,187,82,108
428,190,83,107
423,190,84,103
423,188,82,97
421,182,80,96
418,172,88,95
429,164,79,94
434,157,79,96
435,155,77,96
435,157,79,97
430,161,75,96
422,162,75,90
427,158,76,93
434,153,74,94
443,152,75,92
448,146,75,94
456,147,72,96
467,148,72,95
475,148,74,95
487,152,80,96
489,161,76,95
493,170,76,93
496,176,74,95
498,177,74,96
511,175,84,98
526,173,83,93
527,171,83,92
521,169,82,93
521,171,87,100
515,171,82,99
500,169,108,96
492,160,103,97
488,144,92,101
489,131,88,102
471,119,90,107
450,115,83,92
422,105,78,99
387,97,92,98
350,91,91,99
334,76,84,115
301,67,85,119
266,61,99,117
243,64,87,129
213,65,82,125
176,66,95,109
139,77,102,102
102,83,111,113
73,82,116,122
44,93,135,123
18,93,137,151
3,87,135,167
0,90,134,161
2,87,139,166
13,86,144,142
25,74,140,162
44,75,139,148
79,73,109,120
114,72,97,101
148,63,89,100
175,51,94,100
220,45,88,113
260,36,85,134
46,100,146,165
23,96,194,177
53,106,160,162
48,114,152,148
82,111,206,159
88,123,135,142
141,137,157,119
162,153,138,105
195,156,105,102
275,2,111,131
514,156,83,109
213,177,91,90
78,100,72,75
68,109,77,70
57,114,78,66
58,119,72,66
54,123,72,62
48,125,71,63
32,125,75,65
16,124,77,63
5,124,76,70
5,120,59,80
1,115,51,70
4,111,38,63
179,18,49,108
94,171,90,97
390,120,81,109
386,103,86,108
381,94,84,104
378,86,83,106
378,76,86,110
382,71,91,113
387,68,88,118
395,65,95,121
87,126,100,110
106,141,105,100
127,145,107,93
0,45,64,80
4,60,51,72
1,67,76,81
6,77,91,78
18,88,90,80
29,103,85,76
42,117,76,72
45,133,77,72
47,147,75,73
47,160,75,71
49,174,73,72
49,188,68,73
23,204,83,74
8,213,79,85
5,222,63,100
1,230,53,86
1,233,46,90
0,234,47,67
0,228,49,65
0,222,51,77
1,214,52,73
1,204,57,66
0,193,63,71
2,178,65,68
6,167,65,66
7,156,65,63
6,135,70,67
5,118,77,69
5,101,78,72
7,85,77,68
6,66,83,70
6,52,86,68
6,34,87,68
14,12,80,69
17,5,71,51
11,4,72,35
170,42,85,91
28,121,89,117
28,111,107,119
55,104,97,117
53,109,98,107
3,233,74,122
2,227,78,131
4,220,80,136
1,206,92,151
0,163,126,195
4,170,120,179
9,190,106,170
9,183,105,148
0,188,83,124
0,188,83,124
148,3,125,64
149,279,83,79
225,6,83,66
249,17,68,64
261,22,60,64
260,26,61,63
258,26,60,63
247,29,64,62
231,30,68,61
213,34,68,60
189,38,75,61
167,45,77,64
154,52,71,60
132,58,79,63
116,66,76,62
104,70,76,66
92,77,76,67
79,84,81,66
72,92,81,69
65,101,77,68
57,109,79,71
55,118,77,70
52,125,77,72
50,133,78,73
50,143,75,69
50,152,76,73
51,163,75,73
49,181,74,72
40,193,75,73
35,200,79,73
34,207,78,74
33,211,78,74
34,214,77,74
25,218,82,75
22,219,85,76
22,220,83,77
22,220,81,75
21,220,82,76
20,216,82,76
20,217,83,74
23,212,83,72
33,206,77,71
44,201,75,71
61,196,75,69
75,191,93,63
104,185,91,65
146,184,78,62
180,183,82,59
215,185,69,60
236,190,69,60
248,194,76,55
272,192,64,60
280,194,73,58
302,190,64,63
315,187,62,56
326,186,61,55
331,182,61,56
334,180,58,57
335,178,57,58
329,175,60,61
326,172,56,56
324,169,58,57
324,168,57,56
323,167,57,56
320,166,57,57
315,165,59,58
314,164,58,58
308,164,58,56
299,163,59,54
281,161,67,58
267,158,67,55
241,155,73,57
201,147,79,57
154,137,88,63
73,130,114,58
46,115,96,68
12,101,91,76
6,88,69,89
6,79,49,87
6,79,49,87
197,8,109,126
398,171,101,109
396,165,96,106
397,153,94,110
398,139,95,109
400,134,89,104
398,125,94,112
399,120,94,110
399,118,96,113
402,116,93,117
407,118,92,111
404,119,97,117
415,121,95,120
432,121,97,127
451,131,96,112
481,138,121,91
518,141,107,113
554,160,83,131
569,180,70,102
569,180,70,102
301,25,197,181
316,28,206,190
342,46,217,195
363,55,198,183
384,63,217,193
392,71,211,194
396,68,212,197
397,66,222,185
398,59,221,185
395,59,227,178
395,56,214,174
386,55,217,173
386,53,211,174
374,51,231,177
350,47,204,177
350,47,204,177
161,138,115,105
150,140,92,76
132,139,91,65
86,144,103,67
64,147,87,67
235,52,124,150
484,208,109,126
463,202,104,113
457,196,93,110
449,185,94,111
436,177,96,122
432,172,95,115
422,166,98,109
422,154,99,112
418,143,96,118
409,134,95,117
397,126,97,114
388,116,101,121
383,109,97,112
373,95,101,117
374,84,99,120
366,77,99,119
358,70,101,121
352,62,101,121
347,54,104,125
340,47,103,130
330,43,107,132
324,40,108,130
320,33,105,130
316,29,105,134
310,23,106,139
303,17,108,138
301,17,107,141
292,15,109,149
289,20,112,147
284,21,109,156
271,25,115,148
265,25,116,147
258,29,113,153
244,32,115,147
232,35,116,154
221,40,122,151
216,40,121,146
206,42,124,155
200,45,125,151
197,47,122,158
192,52,121,155
185,56,123,149
180,58,125,153
181,63,123,150
173,70,130,151
167,72,130,161
163,77,129,166
154,82,128,145
145,86,129,139
130,89,132,149
115,85,139,161
96,82,141,169
82,80,147,167
69,77,155,169
57,78,147,165
41,73,155,181
31,69,160,191
21,64,162,196
11,62,163,203
5,59,161,188
4,56,160,187
1,55,161,179
3,55,158,170
0,52,161,187
2,53,158,176
2,52,162,178
31,36,158,170
26,33,162,188
19,25,160,191
11,19,164,179
10,13,166,189
9,10,164,188
8,5,164,178
16,1,158,182
20,2,165,194
22,6,169,192
33,14,165,172
49,22,161,166
62,30,162,179
73,41,151,163
85,51,146,168
89,59,144,161
92,67,142,158
93,73,144,156
98,82,141,160
104,88,142,157
112,93,139,164
123,102,133,160
123,111,135,157
126,123,134,157
130,129,130,174
121,134,141,168
110,145,132,155
97,156,135,172
87,165,135,167
81,169,137,164
78,176,134,165
76,183,136,165
71,191,138,159
69,198,138,155
68,202,137,155
58,206,140,150
58,208,139,150
57,212,139,148
49,212,143,147
45,209,146,148
49,207,139,151
51,202,140,153
50,196,146,156
56,187,141,162
60,174,136,161
59,165,139,164
56,159,146,174
58,148,144,180
69,135,144,183
77,129,138,202
83,125,140,174
86,116,142,179
88,112,144,168
103,108,137,164
117,104,131,159
125,102,130,168
132,101,135,164
146,99,127,156
156,95,124,159
162,93,123,156
170,89,130,161
185,84,123,151
190,80,123,150
196,72,126,151
204,68,124,150
213,63,127,150
226,60,121,147
230,56,126,150
251,45,119,154
263,42,118,152
277,39,114,154
292,38,111,153
302,37,113,154
314,39,114,156
329,42,113,148
337,48,119,146
353,54,119,150
365,59,120,145
372,67,121,146
386,71,116,147
401,77,119,144
406,91,118,142
410,103,122,138
422,109,120,145
436,119,111,136
448,123,116,135
448,124,127,137
453,126,120,137
456,125,127,140
477,130,115,139
484,128,117,135
488,129,117,133
499,125,122,140
509,125,120,136
511,124,119,127
512,119,124,135
516,114,120,135
519,106,119,135
516,99,123,136
515,94,120,133
515,88,116,134
511,84,120,134
507,82,119,130
503,82,117,129
492,82,127,139
486,89,129,142
482,96,129,138
477,105,128,140
474,115,124,139
474,126,119,133
474,133,118,136
475,140,117,140
473,150,120,134
473,158,123,133
478,165,121,131
479,170,120,140
478,173,120,135
479,178,119,136
478,180,119,136
474,182,119,136
473,186,113,132
466,182,116,135
451,181,114,143
442,177,116,139
435,170,113,138
426,166,107,141
417,160,108,148
406,159,113,147
402,159,109,149
392,165,108,151
385,174,108,148
376,183,111,145
364,190,112,144
359,196,111,145
349,205,110,144
345,213,110,136
336,217,112,136
324,225,111,129
312,228,112,125
302,233,110,119
293,236,110,120
285,237,110,121
280,242,109,114
261,246,114,113
245,248,115,112
226,241,115,117
215,239,114,120
201,238,118,122
186,237,122,121
169,237,120,120
150,236,129,122
136,239,127,121
125,236,130,123
101,235,136,124
79,233,154,127
55,233,155,126
35,233,158,127
28,226,152,133
7,221,161,139
2,213,156,144
0,201,136,153
0,197,123,156
0,179,114,174
0,171,104,174
0,158,115,174
0,149,96,166
0,142,99,163
0,131,90,158
0,116,85,153
0,104,87,156
0,94,87,152
0,77,90,152
0,62,91,158
0,41,98,163
0,23,105,175
0,8,112,170
0,1,122,166
0,1,131,158
1,0,147,144
9,0,144,136
27,0,136,134
49,0,128,125
65,0,126,125
85,0,121,119
109,2,114,120
123,1,120,122
136,1,122,130
146,0,121,130
150,0,124,129
159,0,122,131
173,0,119,140
184,0,116,139
200,1,116,138
216,5,110,139
235,11,105,135
253,14,102,129
269,19,105,129
286,21,104,131
301,32,109,125
321,41,109,127
334,48,108,132
346,56,106,131
355,64,106,129
365,71,111,128
374,82,105,132
381,95,109,130
389,102,108,128
403,110,111,134
407,114,102,129
417,121,106,133
417,121,109,134
431,133,112,133
446,138,108,127
456,139,109,128
461,141,116,133
471,145,109,129
479,146,108,130
486,146,113,132
488,147,116,132
491,151,115,132
499,156,114,131
499,162,116,134
500,166,115,131
494,168,116,133
489,169,113,130
490,170,111,127
488,169,106,125
481,171,105,121
474,168,109,124
466,170,109,128
459,172,108,125
456,173,98,128
446,172,104,129
440,175,102,129
434,174,101,131
425,173,104,131
420,170,102,131
410,175,103,134
401,180,106,135
390,189,104,125
378,192,101,135
366,198,104,136
352,206,106,130
339,212,104,119
323,216,101,121
310,222,99,117
292,224,98,114
271,224,100,119
248,223,107,126
235,219,105,126
219,219,106,130
204,216,104,130
194,216,106,125
182,211,109,131
178,208,111,129
172,202,111,131
168,193,112,143
161,178,110,138
154,169,115,141
152,158,108,126
151,140,109,117
148,127,109,113
145,112,110,113
148,98,117,130
165,79,116,150
177,67,112,136
191,64,111,129
207,57,107,130
227,55,101,133
239,51,103,121
253,50,104,122
267,51,99,116
275,50,90,112
280,55,92,109
284,59,93,111
293,66,90,109
299,71,87,108
306,78,83,104
305,78,83,101
302,74,86,103
298,75,85,102
301,85,81,99
312,92,87,99
319,99,91,104
332,112,80,100
346,117,87,100
363,125,92,102
375,135,86,98
396,138,77,98
414,137,81,102
439,141,81,98
454,142,77,98
470,143,79,104
500,148,94,97
515,152,85,104
536,158,89,112
543,164,92,105
550,171,87,104
560,176,79,98
561,183,76,93
558,186,79,94
554,186,81,96
550,185,85,98
544,184,87,98
534,182,86,103
523,182,84,101
504,180,99,96
490,177,80,100
477,171,81,97
467,170,80,97
457,167,79,93
445,164,82,92
435,157,94,93
436,147,75,92
431,143,79,94
429,142,78,93
426,141,78,92
426,141,79,93
425,140,80,94
426,142,80,94
428,142,80,96
429,141,82,96
430,141,85,99
433,142,84,102
430,141,83,101
419,142,89,100
399,139,93,103
382,136,87,96
361,127,81,101
358,127,81,102
353,128,81,100
354,127,81,98
357,131,82,100
357,133,82,97
360,139,83,98
370,146,89,98
372,152,88,100
381,155,87,103
392,162,90,101
402,166,87,101
412,166,90,96
424,170,89,97
428,173,89,99
435,173,86,103
445,174,84,103
458,174,84,101
457,170,89,99
467,168,85,104
471,166,91,95
474,162,94,95
484,158,94,109
493,163,105,104
501,167,97,108
508,168,110,110
523,170,94,114
525,172,98,107
533,174,100,115
539,179,95,115
532,182,102,113
532,187,101,109
532,186,99,107
534,189,97,110
526,187,101,109
521,183,100,112
523,185,100,112
507,184,103,106
503,181,103,105
498,180,107,107
485,179,96,104
477,178,108,106
474,178,89,108
462,178,96,109
454,188,95,108
440,193,82,104
424,187,86,101
418,187,82,101
402,190,88,101
391,191,87,100
384,192,87,101
380,199,92,115
374,204,88,101
377,199,86,104
371,195,88,111
355,189,85,101
341,177,87,107
334,165,90,102
338,153,88,113
352,140,92,116
363,126,92,115
362,117,88,120
353,113,92,116
346,113,98,123
328,119,99,126
321,129,97,115
330,129,100,115
358,135,95,123
368,133,103,117
354,129,96,127
334,134,97,124
317,138,104,119
296,143,100,131
275,146,100,123
252,153,103,123
241,150,107,121
236,147,105,121
236,139,106,127
247,141,109,130
258,156,115,128
268,162,107,132
278,162,107,126
297,161,113,127
328,165,91,123
363,159,105,120
398,158,110,117
422,150,120,130
432,140,166,131
434,128,149,132
425,115,144,143
420,108,138,140
408,108,137,140
403,108,136,138
398,113,136,133
401,119,137,137
401,120,134,134
388,116,139,139
387,121,139,137
386,125,139,137
383,131,142,131
393,138,139,136
405,139,146,136
430,141,188,155
464,162,167,135
458,148,169,128
448,126,171,141
433,102,162,126
429,81,167,130
418,70,164,132
405,68,156,137
394,70,150,135
376,82,150,135
360,96,147,137
333,103,285,140
338,135,132,128
332,123,136,113
317,112,140,119
310,105,138,121
299,104,131,123
277,109,141,125
274,110,133,122
259,109,132,125
225,108,148,121
207,104,147,122
208,102,143,121
209,98,132,115
202,98,138,117
200,95,129,120
197,92,129,123
196,94,128,119
184,100,145,121
190,102,141,121
192,102,144,126
211,104,142,121
209,103,157,122
242,90,160,126
255,89,155,114
248,76,159,117
255,71,146,119
247,70,145,122
240,74,146,119
225,76,157,122
219,85,159,123
211,94,159,118
209,98,160,120
190,101,160,128
173,102,167,135
152,102,164,132
143,104,157,125
121,100,160,121
97,98,175,127
76,95,177,127
60,97,184,129
44,97,191,142
25,99,202,135
22,102,194,136
17,100,189,149
17,107,185,140
19,111,179,136
19,114,179,134
12,114,178,134
6,114,175,139
6,108,169,144
12,102,170,140
2,96,179,142
9,93,169,137
10,85,167,137
6,77,164,142
5,66,164,147
5,61,165,143
12,50,162,145
8,41,184,158
23,36,190,147
36,32,189,143
35,25,182,139
34,23,192,146
53,20,180,138
51,17,180,143
41,19,192,150
42,24,201,155
84,31,169,136
57,32,191,143
62,35,182,141
61,36,181,142
46,38,192,146
43,42,191,139
36,49,195,155
25,55,199,144
21,55,191,149
17,55,191,144
14,56,192,143
13,57,191,140
6,58,193,146
8,58,186,142
8,58,188,143
10,60,184,142
15,59,183,142
13,63,186,139
18,65,184,140
25,69,180,140
31,68,176,136
29,68,178,140
32,69,174,137
32,71,175,139
31,73,174,139
30,83,176,133
35,88,173,130
34,90,176,138
35,95,174,139
41,104,167,135
46,108,165,133
41,110,166,134
36,109,168,134
34,106,169,132
26,101,173,130
21,95,176,139
24,99,175,137
24,100,172,136
26,104,171,136
30,109,169,139
34,113,168,132
32,113,168,131
35,117,166,133
35,122,166,129
36,123,166,129
33,121,168,130
34,124,168,128
32,126,170,127
30,125,171,130
33,127,168,129
34,130,166,130
41,132,162,134
59,131,156,131
69,134,158,126
71,130,162,129
77,130,160,125
78,133,154,122
72,132,158,124
72,128,157,128
69,127,154,128
62,127,153,126
54,125,151,126
45,124,157,129
40,122,160,129
38,118,161,130
33,119,165,130
34,118,163,129
34,117,164,132
34,119,162,128
40,118,159,134
55,125,150,127
60,127,151,128
60,129,152,127
56,126,155,130
64,123,152,132
69,128,158,126
67,126,158,125
65,123,156,126
67,120,158,126
65,120,155,129
63,118,149,126
61,118,152,126
62,118,150,125
56,115,150,126
45,115,158,128
54,117,153,126
58,118,150,126
60,119,152,126
60,122,149,125
60,118,149,129
59,116,147,128
58,113,149,131
55,114,155,130
57,109,161,135
64,106,162,132
57,101,162,136
58,98,160,134
56,96,160,132
49,95,164,136
40,98,167,130
40,98,166,128
34,95,169,131
35,95,167,131
34,94,168,132
36,96,168,128
38,98,167,127
42,96,164,130
40,97,167,128
36,97,171,130
39,97,166,127
40,95,168,129
39,93,172,134
52,88,166,133
55,86,165,126
55,79,171,131
51,71,171,133
45,68,175,136
44,64,175,139
43,64,178,141
37,73,190,136
61,87,175,132
53,97,186,137
63,109,173,136
71,122,167,130
62,126,174,132
62,131,174,135
70,133,169,131
62,138,176,139
62,147,177,139
64,153,174,137
51,156,186,137
58,159,178,134
47,163,189,132
22,160,198,146
9,167,197,152
7,169,190,145
10,168,174,144
11,168,165,147
8,167,165,144
5,160,167,141
5,153,162,144
5,145,164,143
6,131,167,146
4,122,169,143
7,114,170,139
6,107,168,137
8,98,166,143
8,97,171,140
4,96,175,141
6,91,182,144
8,93,188,148
6,98,194,146
17,109,189,143
31,118,185,140
45,126,185,136
69,123,171,141
98,121,171,131
124,114,156,123
144,104,169,126
170,91,157,124
191,76,161,117
222,65,153,124
250,47,152,123
263,42,152,118
274,34,159,127
292,23,156,133
302,22,163,135
315,25,158,133
306,30,150,138
289,49,151,136
269,64,145,136
233,82,139,124
215,82,143,130
216,86,144,127
215,86,149,125
222,79,137,124
218,75,133,126
206,69,137,133
200,69,133,132
191,67,120,135
191,67,109,130
205,70,115,129
218,67,129,127
231,63,128,124
248,50,125,122
261,45,119,121
271,40,120,126
270,40,119,129
268,45,128,135
265,49,126,133
252,74,115,125
245,73,119,118
259,43,119,132
271,34,118,130
276,36,126,127
269,49,117,127
257,61,103,112
241,55,115,121
223,48,106,118
214,37,109,116
213,17,117,123
229,9,121,127
259,15,110,129
277,16,111,131
299,25,116,134
324,35,132,133
351,41,113,133
372,49,101,122
376,46,110,121
394,44,108,118
415,39,106,122
432,34,105,121
440,36,122,126
451,45,121,129
462,57,109,127
472,71,117,128
480,88,116,131
485,106,117,131
495,119,113,131
503,137,109,131
504,149,110,126
507,160,109,123
512,168,109,120
515,174,105,125
511,180,110,123
510,188,106,123
510,196,103,117
504,195,104,120
502,196,103,112
508,192,99,113
508,189,100,112
507,181,101,115
508,177,99,116
510,171,98,114
507,163,99,122
505,147,106,121
530,137,90,120
530,112,103,134
532,104,100,128
541,87,99,134
553,81,87,128
553,80,87,127
554,82,86,129
549,89,91,130
540,100,100,134
531,109,104,142
531,118,101,157
517,129,108,142
521,131,104,134
516,135,104,122
515,140,100,121
516,142,103,117
519,145,101,126
519,151,99,126
521,156,100,124
518,161,99,120
514,163,105,120
510,169,99,118
506,171,99,116
507,175,97,114
503,174,99,115
501,175,99,117
496,177,103,119
489,180,101,123
485,182,92,115
481,182,95,113
479,180,95,114
480,181,95,114
477,179,97,114
478,180,97,119
476,181,96,113
476,180,95,108
476,178,95,114
479,178,93,109
478,176,96,113
479,175,93,114
477,177,96,112
470,175,99,112
475,176,94,107
463,175,93,110
462,174,92,113
461,176,92,115
461,177,91,115
459,178,94,114
459,178,92,111
460,176,91,113
459,174,92,113
459,173,92,116
459,172,92,114
459,171,92,114
459,172,90,115
460,171,91,115
458,171,92,114
456,170,93,113
457,171,92,116
454,172,92,110
450,168,95,110
451,166,94,118
449,168,96,117
445,167,98,123
442,167,96,117
436,168,95,116
430,167,94,119
423,175,95,118
420,182,93,122
415,191,92,114
405,196,98,119
402,209,96,116
398,223,94,111
397,226,95,121
386,226,100,111
378,223,97,119
371,219,91,112
359,210,90,115
352,207,90,119
341,208,93,116
332,205,96,118
329,206,94,119
317,205,91,122
304,202,91,121
285,199,96,123
273,197,97,125
271,200,94,122
269,200,95,122
269,206,100,124
273,214,99,119
277,222,103,121
285,227,100,120
289,229,99,120
289,232,100,122
289,239,98,112
287,239,99,114
295,236,97,116
303,232,101,117
318,225,101,118
336,210,99,117
350,205,107,119
364,198,109,117
383,183,105,122
402,174,109,114
412,166,114,118
421,151,115,125
434,144,111,123
447,136,118,124
450,135,118,123
444,129,124,122
438,119,123,126
430,115,111,124
410,111,115,123
391,109,119,127
376,106,114,126
357,107,115,122
351,104,119,123
348,100,116,125
347,103,116,123
347,110,118,122
352,115,117,126
366,121,110,125
376,122,116,127
381,126,119,126
388,128,114,122
397,122,115,126
401,126,117,124
399,127,116,126
395,131,114,125
388,135,116,123
381,138,116,123
378,140,116,124
380,142,114,123
383,144,115,124
388,145,113,124
394,148,114,127
400,150,112,129
404,149,112,131
406,150,116,131
410,151,117,129
412,150,116,128
413,148,117,130
412,148,118,128
413,146,117,131
414,148,115,128
415,147,117,129
417,147,117,131
416,147,115,132
417,147,118,131
416,145,116,127
414,142,117,125
413,142,117,128
414,142,114,125
411,141,113,124
409,140,112,123
405,139,114,123
406,139,112,124
407,140,112,124
407,138,110,123
407,139,113,121
408,137,113,122
408,136,111,125
403,138,113,125
399,137,114,125
394,138,109,124
383,142,108,123
377,142,106,123
371,144,103,124
362,145,103,120
368,147,106,120
367,149,102,117
366,147,99,118
370,152,104,121
374,161,102,117
375,167,104,113
376,175,101,114
376,180,93,111
369,183,95,116
363,200,98,114
350,211,99,114
345,221,91,110
340,225,90,105
341,223,89,105
346,220,93,106
348,220,92,104
351,218,92,104
351,217,91,111
357,215,93,107
367,211,91,111
376,213,93,110
390,213,95,115
410,216,86,115
424,222,93,118
446,226,87,122
456,227,101,122
465,227,98,113
476,228,102,118
472,227,103,110
473,225,100,114
473,222,99,111
469,223,102,118
463,222,101,112
457,220,101,111
458,217,99,115
453,216,101,114
449,215,104,116
447,212,104,118
446,210,102,116
441,211,104,120
440,211,103,112
441,208,102,123
436,211,104,116
439,209,104,114
440,208,102,116
438,207,104,113
438,207,103,112
437,205,103,110
435,204,103,113
436,202,102,112
439,202,104,110
437,200,103,112
437,200,101,112
438,200,105,110
437,200,102,113
435,201,104,112
434,200,105,112
433,200,104,112
433,200,100,112
433,199,103,114
434,200,101,112
433,200,102,111
434,199,102,111
433,198,102,111
434,200,103,111
433,199,101,109
431,197,102,112
432,197,102,110
430,198,102,114
425,198,104,115
422,196,104,115
423,196,101,112
422,194,103,114
424,192,100,114
421,195,102,113
420,194,102,112
421,193,101,112
420,195,102,109
420,194,99,110
420,192,103,112
417,192,103,109
419,190,103,113
419,191,100,111
421,190,99,112
419,188,101,115
417,189,101,114
418,188,100,112
415,189,102,111
414,189,99,111
415,189,101,110
415,188,102,111
415,188,99,111
416,189,100,111
416,188,101,113
415,191,99,110
415,191,99,113
414,189,102,111
414,190,99,110
412,189,102,110
412,188,96,113
408,184,101,116
408,185,100,114
403,183,103,116
403,180,101,111
399,178,103,116
401,175,101,110
396,176,104,112
396,173,104,114
392,173,104,114
391,171,105,115
392,171,103,113
391,172,103,114
388,172,107,117
389,173,102,117
386,175,104,114
383,175,107,115
381,174,103,115
381,173,108,112
382,172,107,112
383,171,108,112
381,170,110,115
385,169,106,117
387,169,109,116
396,167,105,115
398,167,110,114
403,167,109,114
404,167,114,113
402,169,115,118
402,171,112,123
403,172,109,117
403,174,109,116
404,175,110,118
403,175,112,113
407,174,108,113
