335,76,64,80
333,76,61,93
335,77,60,84
335,77,56,78
336,78,56,88
335,79,58,85
338,80,55,85
336,80,62,81
335,78,67,76
335,80,64,72
336,79,61,72
338,83,57,71
338,79,57,70
336,78,52,68
336,77,55,71
335,74,68,75
335,78,63,77
336,73,57,78
337,74,59,79
337,76,51,88
337,74,54,92
336,77,47,95
336,74,50,96
338,78,48,97
338,75,49,100
338,75,44,110
338,71,46,118
339,74,43,118
340,76,42,113
343,72,41,114
343,76,39,109
348,73,28,113
347,67,31,119
347,69,28,116
345,73,27,113
342,75,29,114
345,73,26,114
342,76,24,114
341,75,27,115
337,77,25,117
337,79,25,116
334,82,22,113
330,83,26,114
327,86,24,114
362,43,36,117
312,84,29,117
366,66,31,106
362,73,33,96
362,76,31,83
359,76,36,71
356,76,41,66
355,79,45,62
356,80,41,62
355,76,42,65
354,77,47,65
354,78,45,66
352,79,49,67
356,78,44,66
353,78,47,65
351,80,52,64
343,78,62,66
342,80,63,63
344,80,66,62
339,82,68,60
340,82,68,60
342,84,63,58
344,81,57,61
346,82,61,61
346,86,61,56
348,81,55,60
347,82,57,62
346,80,61,63
345,83,61,60
344,80,55,62
343,79,56,63
342,80,57,61
341,85,65,56
341,81,68,62
342,85,65,57
342,85,65,57
342,85,65,57
343,84,64,60
344,85,65,59
343,85,65,59
344,97,66,46
346,91,65,51
348,96,62,45
348,96,62,45
320,96,66,47
320,96,66,47
320,96,66,47
349,93,61,48
352,94,57,48
357,90,52,51
352,93,57,50
355,91,52,50
357,88,47,52
357,89,48,48
359,87,42,48
359,87,45,52
364,85,39,54
368,86,37,53
366,84,39,53
367,85,37,54
369,83,38,55
369,83,38,56
369,83,39,52
371,83,36,52
369,82,39,52
371,82,40,57
370,82,39,57
374,83,33,57
375,83,33,57
377,83,34,56
382,81,28,50
387,81,24,45
348,80,20,48
382,78,28,48
373,80,34,45
369,82,37,51
368,81,38,57
366,80,39,58
366,79,39,58
365,79,39,58
362,77,39,60
363,76,37,60
362,78,36,58
359,77,38,59
361,79,34,57
355,76,36,58
356,78,35,54
351,75,37,58
348,75,38,54
343,71,40,56
343,72,41,56
342,72,41,56
340,69,38,57
338,68,41,61
335,65,41,62
336,65,39,64
332,65,42,62
329,63,42,54
327,62,44,51
325,62,46,47
325,62,46,45
323,61,46,45
325,60,43,46
323,61,46,42
326,68,42,49
327,60,42,61
327,60,42,66
327,57,46,68
327,57,44,68
327,57,43,66
327,54,44,67
327,53,46,72
329,53,47,71
330,52,45,71
330,51,46,71
334,52,46,70
334,50,46,71
337,50,48,68
337,50,46,67
340,48,47,67
345,43,49,73
344,43,47,74
346,42,49,75
347,42,47,71
350,41,48,68
352,39,48,72
356,37,47,72
357,35,51,72
359,34,51,73
358,34,50,75
360,34,50,74
364,33,52,76
363,32,51,77
364,31,51,81
367,29,51,77
368,29,54,81
368,30,54,80
369,29,52,77
374,29,53,82
373,27,51,83
375,27,50,84
375,28,51,84
376,28,51,82
375,28,54,80
376,30,52,78
374,29,51,81
376,28,53,81
375,27,51,81
375,27,52,83
377,28,50,85
377,29,52,80
372,29,54,77
373,28,54,79
375,27,49,79
375,28,52,72
372,27,56,62
373,26,52,61
376,30,53,59
372,27,54,65
371,29,51,73
370,30,53,72
370,31,54,77
369,30,54,79
371,32,52,77
372,30,52,78
371,29,50,82
372,31,50,81
373,30,50,79
372,30,49,82
371,31,52,81
370,32,50,75
371,35,49,74
370,32,49,76
369,32,51,77
370,33,49,77
370,34,47,74
369,33,48,78
368,33,50,79
365,34,49,74
364,34,49,73
362,34,50,79
361,37,50,77
361,37,50,73
358,36,46,67
357,36,48,68
356,35,48,67
352,35,50,67
350,35,52,65
348,37,48,61
347,37,49,62
348,37,47,61
343,40,48,57
344,39,48,60
341,44,46,59
341,40,48,59
336,41,50,61
336,39,47,65
333,39,50,65
333,39,49,66
329,40,46,63
330,42,49,63
325,43,47,59
324,44,50,60
321,45,51,58
321,43,47,58
318,43,49,56
316,43,50,53
315,44,50,53
310,49,49,49
316,44,48,55
311,46,49,56
312,48,48,56
311,46,45,64
312,46,46,63
310,48,46,69
309,47,48,72
309,48,48,70
306,48,48,70
307,48,50,70
305,48,48,68
307,47,47,70
307,47,46,68
306,49,47,68
303,49,49,66
303,49,48,68
303,49,49,68
303,48,49,67
303,49,49,70
302,49,48,67
301,48,49,71
302,48,47,69
301,49,48,70
303,49,45,69
302,50,47,67
304,48,45,69
300,49,49,67
303,48,46,70
304,48,46,71
303,49,47,70
304,51,47,68
307,49,49,70
307,50,47,69
309,50,47,67
310,50,48,69
312,49,47,70
314,49,46,70
319,50,46,69
322,52,44,67
324,50,44,72
327,49,45,72
328,51,46,65
335,51,43,69
336,51,43,67
338,52,44,65
341,53,44,67
344,53,44,69
348,54,45,66
350,54,44,66
350,53,46,69
353,53,45,68
355,54,44,64
359,56,45,66
359,55,45,68
362,55,45,73
364,57,46,76
360,57,53,76
358,59,53,74
368,57,53,69
372,57,51,70
374,57,45,72
376,57,42,72
376,58,44,71
374,58,48,72
376,58,49,78
378,57,45,83
376,57,47,83
381,59,42,75
383,59,42,72
382,58,44,66
384,60,45,61
382,60,45,60
383,58,46,53
383,60,45,50
384,58,44,48
384,59,44,46
384,60,46,49
386,60,45,48
383,62,47,50
386,61,44,52
386,61,42,53
385,60,44,55
387,62,40,57
384,62,44,58
385,63,42,58
386,65,41,60
383,63,41,64
384,63,41,68
384,64,42,65
380,64,41,64
380,65,41,60
377,63,41,63
376,66,40,60
375,64,39,62
368,67,40,57
369,63,40,62
368,65,41,64
363,64,41,64
363,65,39,60
359,64,40,64
359,66,39,58
350,68,43,59
346,66,41,61
348,65,38,61
345,67,39,62
340,65,39,61
340,68,37,62
339,69,37,59
333,66,38,61
326,68,41,61
317,68,42,59
316,70,44,58
315,75,43,51
312,71,42,55
309,72,43,55
305,71,43,57
305,72,43,58
299,71,44,61
294,71,46,61
297,72,43,57
296,73,43,55
292,73,43,58
294,73,42,56
290,73,42,56
291,74,42,57
286,75,43,51
284,73,44,56
286,75,45,57
284,75,45,56
282,73,44,58
284,75,44,58
282,74,47,59
281,75,44,56
282,75,45,58
283,76,42,56
282,75,40,57
283,76,38,55
284,76,38,58
283,72,37,61
283,81,30,60
283,81,30,60
283,81,30,60
290,68,33,68
290,77,37,58
279,73,44,56
285,75,41,61
284,76,44,57
281,74,46,57
283,74,45,62
283,77,44,59
285,76,45,60
287,74,43,61
286,77,42,57
288,76,43,59
288,76,40,59
291,76,42,55
293,75,41,56
294,76,42,56
297,76,41,53
299,76,41,54
300,74,41,57
304,74,41,59
305,75,40,60
311,72,39,59
312,74,40,55
314,76,40,54
317,76,38,52
324,77,37,52
326,75,36,56
326,76,35,56
329,76,36,54
331,78,36,52
335,75,38,56
336,74,39,58
339,78,40,56
340,78,39,58
346,79,39,58
346,78,40,57
350,75,40,53
350,77,41,56
355,76,37,58
358,74,39,57
366,72,35,46
368,73,36,43
372,73,31,42
373,73,33,43
373,73,33,43
373,73,33,43
373,73,33,43
373,73,33,43
373,73,33,43
373,73,33,43
373,73,33,43
369,72,41,39
368,73,43,38
371,81,38,46
370,75,41,53
372,75,40,57
371,75,40,57
371,76,40,58
371,76,40,58
370,77,39,57
370,76,39,56
370,74,38,60
370,74,40,58
368,74,40,58
368,74,41,60
368,75,41,59
366,74,41,62
367,72,40,63
363,71,43,62
362,72,43,61
363,72,40,61
363,72,39,60
359,67,41,65
360,65,41,66
359,64,40,67
358,66,40,66
355,62,41,65
354,62,41,66
351,59,41,69
348,59,41,67
346,58,41,69
342,58,42,69
344,58,41,69
341,56,43,68
338,57,43,70
337,54,42,70
338,56,44,71
338,56,43,70
338,54,41,72
336,55,43,71
336,53,44,74
338,54,42,72
338,54,42,71
336,55,44,71
336,53,43,72
336,53,44,71
338,53,43,70
337,54,43,68
336,51,45,73
336,51,43,72
338,52,44,71
337,51,43,71
338,50,44,72
338,51,46,74
337,51,45,73
339,48,46,75
341,50,44,71
342,50,45,71
343,49,44,70
342,49,45,71
344,49,47,68
346,50,46,68
347,50,46,69
349,49,45,68
347,47,47,71
352,46,45,72
352,45,46,71
356,45,46,72
355,45,47,73
359,45,47,71
362,45,47,72
362,44,46,73
366,42,47,75
368,41,45,72
368,42,46,74
369,41,47,75
370,40,47,76
374,40,47,76
376,42,46,72
376,39,48,73
379,41,47,76
381,40,45,74
380,40,49,78
383,40,47,75
384,38,46,76
385,40,48,74
385,40,47,77
386,39,48,78
388,40,49,77
386,38,50,77
388,39,49,76
387,37,51,77
388,38,48,77
387,41,51,75
388,39,49,77
387,40,48,76
386,40,47,76
383,39,48,76
382,38,49,72
382,37,47,77
381,38,48,76
381,39,47,74
377,40,47,76
374,37,48,76
372,37,49,76
369,39,49,75
368,37,48,76
365,36,46,77
364,36,48,76
360,38,46,75
360,34,48,78
355,33,46,77
352,34,49,78
352,35,47,78
349,33,50,80
347,34,47,79
347,33,50,78
344,33,48,81
340,32,49,81
339,30,47,84
336,33,48,82
335,32,51,80
332,30,50,84
331,30,48,83
329,34,49,80
328,32,50,81
327,32,50,81
323,32,52,82
323,29,52,85
322,31,51,80
322,32,52,83
322,32,50,83
321,32,51,81
322,33,51,80
320,35,51,76
323,36,50,76
324,35,49,78
322,34,53,76
321,34,52,79
324,34,52,78
330,35,46,78
330,34,48,78
335,36,47,77
336,33,50,81
337,33,48,82
337,32,48,82
340,35,47,79
341,36,46,78
346,39,48,75
346,37,47,78
350,39,48,75
352,39,48,76
357,41,47,72
357,43,46,73
362,41,47,76
369,40,48,75
371,41,45,74
379,42,47,73
383,40,47,71
385,41,47,72
386,42,45,70
391,40,48,75
396,42,47,73
395,41,48,75
394,38,50,76
400,39,48,76
402,39,46,80
401,41,50,77
403,40,47,76
405,40,48,76
406,40,47,77
407,42,45,77
407,42,48,78
405,43,50,73
406,44,49,74
407,43,49,75
406,45,52,72
407,45,48,71
408,44,47,75
405,43,49,73
406,43,46,74
405,44,47,75
406,45,46,72
404,44,49,73
403,44,45,73
402,43,45,76
401,45,44,75
401,44,47,73
397,45,46,74
396,45,48,73
392,47,46,71
394,47,46,71
389,49,46,71
390,48,47,69
387,48,44,69
388,50,44,66
383,51,46,64
381,52,45,68
381,52,44,68
378,53,43,68
377,52,44,72
370,53,45,68
371,54,44,66
371,55,44,67
369,55,41,66
366,57,44,64
366,57,42,67
361,57,45,65
362,58,44,68
362,57,45,67
360,57,43,66
359,59,44,66
358,61,43,62
358,61,42,63
358,61,40,66
359,64,40,62
358,61,41,62
356,64,40,62
358,62,39,63
358,63,40,63
354,65,42,61
354,62,42,63
353,62,43,61
354,63,42,63
354,61,42,64
353,64,42,61
353,63,41,61
353,64,42,60
353,65,43,60
351,63,44,62
353,64,44,62
352,63,42,63
354,65,41,60
353,63,42,64
354,63,41,66
354,62,42,63
353,62,41,65
354,65,43,63
353,65,40,60
353,66,43,59
354,66,41,61
351,64,44,62
354,63,43,61
354,64,42,63
355,64,42,62
355,64,43,62
355,63,42,64
356,63,43,65
354,64,40,61
355,63,43,66
355,63,42,64
353,63,42,63
354,63,43,62
354,63,41,62
353,62,42,64
354,64,41,62
354,64,41,61
354,64,42,65
353,64,40,64
352,65,42,63
353,66,39,60
353,65,42,63
351,65,43,61
351,65,41,62
351,66,41,62
351,66,42,62
351,68,41,63
353,65,40,63
349,67,41,58
349,63,42,63
350,65,41,65
349,65,41,57
350,68,40,56
350,66,42,60
349,65,41,64
350,66,42,59
350,65,40,61
351,66,41,63
350,66,42,63
349,66,41,61
349,65,42,65
349,65,42,64
350,65,40,61
348,66,43,63
347,66,43,61
348,65,42,59
349,66,42,60
347,66,42,62
349,67,41,61
349,68,40,57
348,68,42,58
348,67,41,60
348,66,43,61
349,66,40,65
347,64,40,63
348,65,41,63
349,66,41,61
348,67,42,61
346,67,42,64
347,67,41,62
347,65,43,61
347,66,42,63
347,65,41,62
349,66,43,62
348,65,40,62
349,65,41,63
349,66,42,60
348,65,42,63
349,67,41,62
349,64,40,63
348,66,44,62
348,66,42,59
350,67,41,60
348,66,41,60
348,67,41,60
348,66,42,61
349,67,42,59
347,68,41,60
349,68,40,60
347,67,43,63
348,68,41,61
349,68,40,62
347,67,40,64
346,66,42,64
347,65,41,64
348,65,38,63
348,66,40,63
348,62,41,68
347,64,42,67
348,62,41,68
347,62,44,65
350,64,41,66
350,64,42,66
350,62,41,69
352,62,40,68
350,60,43,68
352,63,42,67
353,62,42,65
354,62,43,63
354,61,44,68
354,60,45,66
357,60,43,68
359,61,42,65
361,61,43,66
363,58,43,67
364,59,42,66
370,59,41,67
370,56,42,70
371,57,40,67
372,57,45,63
375,56,43,68
379,56,42,68
382,55,42,69
383,53,45,66
384,51,46,73
388,51,47,73
389,52,46,71
393,50,46,70
395,51,46,70
395,51,47,66
397,51,47,69
401,50,45,69
404,49,48,66
406,49,47,72
409,50,48,72
407,49,48,72
410,49,49,71
409,49,50,70
412,49,50,75
411,49,50,70
414,50,49,69
416,51,49,70
414,51,52,69
416,51,52,71
418,52,52,72
418,52,52,73
417,53,54,68
417,51,53,72
416,51,53,68
418,52,51,75
417,51,53,70
417,51,53,71
415,50,52,70
415,50,52,72
416,50,50,70
416,50,49,72
413,50,51,71
416,49,49,71
412,50,49,63
412,49,48,69
411,50,49,67
411,50,50,69
410,47,48,68
409,48,49,71
409,49,47,70
409,47,48,71
408,49,47,68
409,47,49,69
408,48,46,70
410,49,47,69
409,47,47,72
410,49,48,69
411,49,47,72
415,49,47,72
412,49,46,66
412,46,48,74
412,46,47,66
412,47,47,64
412,45,49,56
408,44,50,59
407,49,48,68
408,45,46,73
406,47,47,70
402,48,46,70
401,46,48,75
399,48,45,72
397,48,46,69
392,49,45,71
387,48,44,69
385,50,44,68
384,49,45,70
377,48,44,64
370,49,46,63
367,52,47,62
368,50,46,61
360,51,46,63
355,52,41,59
353,52,40,61
354,48,38,63
346,54,33,62
347,51,29,66
347,51,29,66
347,51,29,66
347,51,29,66
347,51,29,66
347,51,29,66
347,51,29,66
347,51,29,66
347,51,29,66
326,54,40,68
323,55,42,68
321,56,44,65
321,55,43,70
319,57,44,67
321,57,44,67
319,57,44,64
319,60,42,62
320,60,42,65
323,62,41,63
325,64,40,62
326,63,40,62
325,61,39,61
327,65,40,59
329,67,39,61
330,67,38,62
331,69,36,59
332,70,37,60
333,70,37,62
334,73,38,56
334,70,40,58
340,69,34,62
337,71,37,64
342,71,39,67
339,64,42,54
339,64,42,54
339,64,42,54
339,64,42,54
341,77,42,49
340,76,39,43
340,76,38,44
342,84,35,50
340,76,38,55
340,75,37,58
341,77,36,58
339,79,34,53
340,76,36,54
339,77,34,55
337,81,33,53
338,80,35,55
336,79,32,54
336,80,33,56
331,80,35,55
332,79,33,54
328,85,32,46
329,83,31,50
324,83,33,49
322,83,34,49
315,87,33,45
310,88,34,41
303,85,37,47
301,84,38,48
304,87,34,44
295,84,38,50
295,87,35,47
291,83,36,49
287,84,37,47
282,85,39,52
280,83,46,63
274,81,42,67
275,79,40,69
269,80,44,66
268,79,43,69
265,79,45,60
266,80,53,53
266,82,68,44
257,82,52,44
258,84,42,42
263,81,36,46
262,83,35,50
260,84,35,51
259,83,36,52
259,83,38,53
259,82,36,57
258,83,36,54
255,80,36,52
255,83,36,51
254,86,35,52
254,81,35,54
253,82,36,53
252,82,38,52
252,81,36,55
252,79,38,57
251,79,39,58
251,80,38,55
250,79,37,56
251,80,38,55
250,80,37,55
248,79,38,54
248,78,40,58
249,77,37,60
248,76,40,64
248,73,37,64
249,71,39,68
248,70,38,65
247,69,41,57
246,67,41,59
246,66,39,60
245,68,40,60
243,66,43,63
242,67,43,62
244,65,42,64
243,65,43,61
242,63,45,61
241,63,46,60
238,60,45,58
240,62,43,53
240,61,45,54
236,58,45,46
232,58,49,45
233,57,49,45
232,56,49,44
229,56,48,44
227,54,48,44
226,57,49,40
226,56,48,38
225,54,49,39
222,52,50,33
219,53,47,37
220,51,46,40
218,57,46,46
219,55,44,60
213,48,50,70
213,45,48,74
211,41,49,76
211,41,49,76
209,38,49,79
205,33,52,80
205,31,49,82
204,32,50,81
205,30,53,82
205,31,50,80
203,29,53,82
204,29,53,82
204,27,53,82
206,27,54,83
206,25,53,84
209,25,51,85
208,24,54,85
209,22,56,89
209,19,54,93
211,20,55,89
213,20,55,88
214,20,57,85
218,22,55,84
223,20,56,84
222,18,55,90
222,17,55,92
227,17,55,91
233,18,54,88
235,18,55,86
234,18,51,86
242,16,54,88
247,15,56,90
249,11,55,93
248,10,58,94
254,8,56,95
256,8,58,97
260,9,59,92
267,9,56,91
269,7,58,93
274,7,58,93
278,7,54,91
281,5,59,96
285,6,55,95
291,5,56,96
290,5,57,95
298,5,58,98
300,5,59,95
301,8,59,93
301,5,60,96
306,4,60,98
307,5,61,97
308,6,61,97
312,4,59,97
314,4,60,94
314,5,62,94
316,4,61,95
318,5,60,92
321,8,60,90
320,7,62,90
320,3,60,97
321,7,57,89
323,8,58,88
324,7,58,87
323,6,58,85
323,6,58,87
325,8,56,81
328,6,55,84
328,7,57,84
329,4,58,85
328,3,60,84
330,3,59,82
330,4,59,82
332,3,57,82
333,2,57,84
334,3,56,82
333,2,58,81
334,2,57,81
337,3,58,79
337,3,59,80
337,2,57,80
337,1,63,81
335,2,62,80
338,2,65,80
341,2,60,80
341,1,62,79
345,0,62,80
346,0,64,79
346,2,62,77
345,1,65,76
351,3,60,75
358,1,61,77
363,3,61,76
368,1,61,78
370,0,59,81
369,0,62,83
375,1,61,84
380,2,64,77
383,0,62,81
382,1,62,81
389,3,62,78
395,1,55,81
397,2,62,81
397,1,65,81
403,3,64,82
404,2,63,84
410,2,61,84
411,2,60,83
414,3,61,85
418,4,61,85
420,4,59,80
420,3,59,79
423,5,62,78
427,4,62,81
428,4,58,81
428,5,59,80
429,4,61,85
429,6,59,80
430,6,58,79
428,6,61,81
424,4,65,84
426,5,62,86
424,7,60,82
425,7,59,82
420,8,60,81
421,8,59,79
415,5,59,84
416,7,56,85
409,5,59,91
410,8,55,85
401,9,54,80
390,11,58,90
387,14,59,84
381,11,64,66
380,17,62,80
373,23,55,71
369,25,58,71
361,28,64,70
365,27,54,73
358,27,54,78
358,31,54,77
350,32,55,80
350,31,55,79
351,34,53,76
346,33,52,77
341,35,53,78
340,38,52,75
336,38,51,76
335,40,50,76
333,40,54,82
331,40,54,81
328,41,52,78
323,44,50,78
324,45,53,78
324,45,51,73
317,44,53,74
318,46,53,75
314,47,53,71
311,46,53,69
306,47,54,68
309,48,51,64
302,48,53,64
301,51,54,63
294,49,53,69
295,51,53,65
288,52,54,68
286,52,54,67
281,52,58,70
280,53,58,66
275,55,56,64
276,56,57,63
275,57,55,60
275,59,56,59
273,59,59,58
272,60,58,58
273,64,58,58
274,65,56,56
277,65,54,57
277,66,54,58
285,69,47,56
286,69,45,52
289,71,44,53
292,72,42,51
295,74,45,51
296,74,43,50
299,75,44,51
302,73,41,50
304,75,43,52
307,75,41,48
312,75,38,50
314,74,37,51
317,75,37,50
318,75,39,54
319,76,36,50
318,77,37,50
318,77,39,50
318,78,38,49
317,79,37,47
318,79,37,46
316,81,36,46
316,80,37,46
313,81,39,46
313,82,40,46
313,83,38,46
312,83,38,43
303,46,27,39
314,87,32,38
313,44,23,37
312,45,21,37
317,54,20,34
316,57,21,33
316,57,21,33
318,65,21,27
318,65,21,27
312,77,24,30
312,77,24,30
312,77,24,30
312,77,24,30
312,77,24,30
312,77,24,30
312,77,24,30
312,77,24,30
312,77,24,30
312,77,24,30
312,77,24,30
312,77,24,30
312,77,24,30
291,96,30,35
290,92,34,43
289,86,39,49
288,87,38,52
290,86,36,51
290,87,42,50
292,86,41,52
366,50,42,59
363,48,47,60
365,48,45,65
364,46,48,65
361,46,50,70
360,43,50,73
359,41,51,73
359,41,51,74
361,42,51,76
356,43,51,74
357,44,53,75
352,47,52,74
355,47,52,77
350,50,53,74
349,49,53,73
352,50,52,73
349,51,50,73
351,50,48,74
348,54,47,72
350,53,47,73
353,57,44,71
349,61,50,67
349,64,46,62
350,60,45,65
350,63,45,61
347,61,45,66
346,61,47,67
342,64,48,63
340,63,50,65
339,69,50,62
339,69,52,63
346,72,44,55
344,74,45,55
341,74,50,56
341,78,49,54
348,78,43,52
349,77,44,56
351,77,42,58
350,75,45,62
351,73,43,64
350,74,50,63
350,75,47,64
350,74,47,65
349,72,50,67
348,74,52,66
346,71,56,67
346,71,55,71
346,70,58,71
343,69,61,70
341,73,65,73
339,73,64,70
338,71,65,76
338,74,67,73
336,72,66,74
339,75,68,73
337,76,68,80
337,75,65,78
336,78,66,80
339,77,66,78
336,77,67,79
334,75,69,80
338,77,63,80
338,78,63,77
334,75,66,81
336,76,65,79
336,77,62,78
335,77,66,78
337,77,62,82
332,77,69,81
335,75,60,86
337,75,58,86
336,76,58,86
335,75,57,80
334,76,62,82
331,76,67,81
333,80,62,77
333,77,57,74
335,78,52,79
333,78,54,74
335,78,53,75
333,77,58,81
333,78,55,76
333,78,62,78
331,81,69,73
333,78,58,81
334,77,53,76
337,77,56,81
337,78,54,78
335,77,59,81
334,76,57,86
336,75,64,83
336,79,58,76
340,75,51,81
339,76,49,79
346,76,47,76
345,76,44,73
346,78,46,72
315,60,44,68
315,58,46,69
320,54,49,74
321,56,51,73
332,46,51,70
334,49,50,73
344,38,48,72
343,36,49,74
345,34,48,75
351,28,50,77
351,25,51,82
356,17,54,83
358,17,52,87
358,14,51,91
363,5,54,93
370,8,57,89
369,7,58,92
369,4,57,94
370,5,52,93
376,5,59,89
384,8,60,86
384,8,60,80
391,1,62,82
392,2,64,82
391,3,64,78
401,3,66,72
399,3,67,71
400,1,66,71
332,80,61,74
335,78,47,79
334,78,47,82
334,77,56,92
334,78,56,92
334,77,55,82
334,76,57,82
