238,144,82,49
236,142,83,44
236,143,90,47
238,143,99,48
240,142,104,47
242,142,105,48
240,142,113,46
240,139,112,50
239,140,113,49
241,140,111,49
243,141,110,48
245,141,104,47
248,144,102,46
243,147,107,44
235,147,118,45
241,153,112,42
242,152,106,39
239,150,109,41
239,151,112,43
239,151,112,40
241,151,112,44
244,153,107,43
243,149,102,43
243,148,100,41
242,147,97,50
240,148,90,44
243,149,87,57
241,154,90,49
237,153,91,46
241,157,81,36
239,161,76,36
239,161,83,32
236,163,85,31
238,163,85,32
238,161,83,33
237,158,84,35
238,161,86,33
237,160,84,34
240,161,81,30
238,161,81,32
237,161,82,32
239,160,79,31
239,161,81,29
237,161,87,33
241,160,84,40
241,161,85,44
240,162,81,41
238,163,85,36
237,161,81,33
241,161,82,36
237,162,86,30
242,161,78,35
242,162,79,29
242,165,80,30
240,166,82,30
239,166,85,30
239,164,80,29
240,167,80,29
239,166,83,27
237,165,85,29
238,164,86,30
237,164,84,31
242,163,81,36
242,164,79,30
238,165,85,30
240,166,80,29
242,166,80,28
239,166,84,30
242,165,79,26
239,165,78,27
238,165,79,27
240,166,76,26
239,164,67,26
240,160,62,30
243,162,63,28
241,157,60,29
242,158,55,27
242,154,48,30
244,150,46,33
245,148,43,32
247,148,44,34
248,147,47,34
248,147,49,36
251,147,56,36
248,143,54,35
249,141,52,34
251,141,56,36
252,140,65,40
251,141,76,39
252,140,79,39
251,139,82,38
249,141,86,43
250,143,81,35
251,143,79,38
252,141,85,43
248,142,82,40
250,144,81,32
249,143,81,41
248,146,82,32
249,144,83,35
247,145,81,32
249,143,78,38
249,143,81,36
251,143,76,43
247,141,82,40
246,141,84,41
246,140,81,50
244,139,80,47
245,142,75,46
244,144,75,44
244,147,74,40
242,150,75,34
242,149,74,34
239,151,70,34
239,150,68,35
239,152,63,34
242,152,70,36
246,151,61,36
248,152,59,35
250,153,62,34
253,154,56,35
253,155,59,33
251,155,70,34
251,157,66,30
249,159,67,28
249,159,61,29
252,156,60,32
254,152,53,37
254,151,55,36
253,149,56,30
254,147,51,28
255,141,49,32
255,138,52,34
255,135,60,41
254,134,62,41
249,131,60,39
246,127,60,46
241,122,66,49
236,114,63,46
230,111,63,39
226,104,59,43
221,104,53,37
220,100,47,37
220,100,47,37
217,97,45,38
216,95,46,38
213,95,49,37
211,96,49,37
209,97,48,37
208,96,51,39
208,96,51,39
205,101,53,41
204,102,54,40
204,102,55,41
200,103,57,37
201,99,55,41
200,96,57,39
199,96,63,38
200,97,57,36
203,96,58,35
203,96,56,36
201,93,58,35
200,94,62,36
195,88,61,38
197,84,59,39
198,84,58,39
196,85,58,36
194,81,60,38
192,77,62,43
191,77,63,44
190,74,64,46
188,70,63,48
189,67,64,49
186,69,65,48
186,69,64,45
184,67,68,46
187,69,64,42
185,69,65,41
186,68,66,40
184,64,68,43
185,63,64,43
185,60,66,44
186,60,67,40
189,59,65,40
192,54,65,42
194,51,66,42
197,50,64,39
201,49,64,39
203,44,65,41
206,42,65,42
207,42,64,39
209,41,66,38
213,41,64,36
216,37,60,38
220,36,61,37
222,36,59,36
225,34,61,38
226,35,58,38
228,34,61,35
228,34,60,36
229,32,58,35
230,30,60,36
230,27,59,36
229,25,59,36
228,21,61,36
228,16,60,36
227,12,63,39
226,8,61,38
226,4,62,38
223,3,62,33
224,3,60,29
223,3,57,22
220,3,61,21
214,0,66,19
217,1,66,16
215,0,65,14
215,0,65,14
215,0,65,14
215,0,65,14
215,0,65,14
215,0,65,14
215,0,65,14
215,0,65,14
215,0,65,14
215,0,65,14
215,0,65,14
215,0,65,14
215,0,65,14
215,0,65,14
215,0,65,14
215,0,65,14
215,0,65,14
215,0,65,14
215,0,65,14
215,0,65,14
215,0,65,14
215,0,65,14
164,-3,62,15
164,-8,58,18
157,-10,56,20
156,-9,59,20
150,-9,55,17
148,-7,56,17
139,-9,61,21
136,-11,60,24
131,-14,64,26
127,-9,67,20
123,-3,68,16
112,-3,69,18
105,0,71,17
96,0,75,17
94,0,78,17
87,1,79,19
83,3,80,21
77,2,86,24
79,2,83,27
73,1,87,30
72,1,96,35
74,3,93,40
76,2,90,46
74,4,91,48
76,4,93,53
78,5,90,57
81,2,92,61
84,4,89,61
88,5,91,61
91,6,91,60
95,6,88,56
98,7,91,57
104,7,85,56
104,10,84,54
110,10,85,54
116,14,79,52
119,17,78,54
126,21,77,50
129,24,76,49
132,28,74,47
135,29,71,50
137,34,73,45
139,36,75,45
143,36,73,48
146,42,74,46
149,44,71,45
151,47,71,44
156,47,71,46
158,49,67,44
163,51,70,45
165,50,69,45
169,54,69,42
175,58,65,40
180,58,68,42
184,57,66,45
190,57,64,45
195,62,62,40
200,62,62,41
207,64,63,40
210,64,62,39
214,65,64,39
221,66,61,38
226,66,60,38
231,68,60,37
237,68,59,35
242,68,58,36
249,66,57,37
251,67,59,34
259,65,60,37
266,65,58,36
270,67,58,33
276,64,56,34
284,66,55,34
288,63,54,33
293,62,53,35
299,61,54,36
304,62,54,33
310,61,50,33
311,63,53,33
317,60,53,35
320,61,53,34
325,60,53,32
328,61,51,34
330,61,52,33
331,63,53,32
335,60,51,34
335,62,50,33
339,64,49,32
338,65,50,33
338,66,51,32
338,67,50,33
336,68,51,33
336,66,52,34
335,68,50,31
333,69,51,31
331,70,50,33
327,70,51,32
324,70,51,34
322,72,51,33
317,73,55,34
315,76,52,32
314,77,52,32
311,77,55,33
308,79,55,33
306,80,56,34
306,86,52,32
303,88,55,31
300,90,56,30
298,89,57,32
297,91,58,34
296,93,58,33
296,94,56,32
293,95,56,32
293,95,56,32
292,96,56,32
293,98,56,32
291,100,56,29
289,99,58,33
289,98,58,33
289,100,60,32
288,100,57,30
287,102,55,31
288,103,54,30
286,103,56,30
287,102,56,29
286,101,58,30
284,103,54,29
284,101,57,29
282,100,57,30
283,100,58,31
281,98,60,32
283,101,55,29
283,100,56,29
282,97,57,31
279,98,56,32
280,96,58,32
278,96,56,31
276,92,56,30
276,93,56,30
275,91,57,30
271,88,57,29
272,86,58,30
273,85,57,30
270,85,60,32
270,84,59,31
271,84,58,33
267,84,61,32
269,85,61,32
267,85,60,33
267,87,61,31
268,86,60,33
268,87,59,31
268,85,60,32
270,86,56,32
271,86,57,33
269,88,58,32
270,86,59,32
270,87,59,34
269,87,61,33
270,87,59,33
269,86,61,34
269,86,62,33
268,83,62,36
268,87,60,33
268,86,59,33
266,88,61,33
265,90,62,32
262,89,64,36
258,90,65,37
255,94,63,36
253,97,65,37
252,102,64,38
252,106,65,41
253,112,63,45
252,116,64,49
255,123,62,50
256,128,61,52
259,134,51,54
263,143,47,51
263,143,47,51
270,170,55,42
276,166,49,46
279,165,42,45
277,169,42,44
277,171,42,40
276,176,41,35
276,178,46,35
276,176,44,36
276,181,44,31
275,179,46,33
276,182,45,30
276,179,44,31
274,181,44,31
274,181,45,31
275,181,45,31
274,181,46,32
274,181,47,33
274,183,47,32
274,184,46,28
273,181,44,32
274,179,43,35
273,182,43,31
274,180,42,34
276,177,43,36
274,179,42,36
275,176,44,37
272,176,42,40
274,175,42,39
274,174,42,40
275,173,41,41
274,176,42,38
275,173,41,41
273,175,41,38
271,173,43,43
266,175,44,45
261,174,42,48
256,176,39,49
250,175,38,56
243,173,39,58
233,175,43,57
231,174,42,59
231,174,42,59
217,178,48,60
212,182,51,57
210,183,50,58
205,183,55,60
205,187,54,60
205,182,52,63
206,186,53,62
204,180,54,66
204,184,54,63
203,182,55,66
203,179,54,66
203,184,55,63
203,180,55,62
200,184,59,61
197,175,62,68
192,177,67,62
195,173,65,67
185,166,71,67
181,163,75,68
177,157,77,70
168,153,82,72
161,153,88,67
158,152,88,66
150,148,94,63
150,151,93,63
150,148,93,62
148,149,96,63
147,146,98,65
147,149,95,64
147,147,101,65
146,152,101,60
147,153,100,58
149,152,101,62
148,153,105,62
150,154,103,63
152,152,107,61
159,151,98,57
164,147,95,53
170,144,94,51
168,137,94,48
172,127,93,50
177,113,93,58
179,100,96,71
181,92,102,75
182,90,103,78
184,93,104,78
188,101,100,71
186,108,104,71
186,111,101,76
188,119,101,75
188,128,102,68
189,133,97,67
190,136,98,70
191,134,96,67
192,130,89,76
197,124,90,83
201,119,88,88
202,121,91,87
203,116,82,95
208,117,75,95
208,120,73,95
213,122,72,100
215,122,71,98
221,126,67,98
221,124,64,98
227,128,60,99
228,128,57,94
230,129,55,94
235,131,50,89
234,131,49,86
234,130,49,86
234,129,52,91
236,131,51,95
238,134,49,98
241,137,49,98
239,139,55,99
235,144,62,97
233,147,63,95
236,152,63,91
236,159,72,83
227,167,70,75
239,172,62,74
244,175,51,70
240,179,54,68
244,182,50,64
244,182,48,60
243,183,45,58
253,185,34,57
255,186,29,56
254,189,28,56
254,189,28,56
254,189,28,56
252,189,30,53
250,190,30,52
249,192,31,47
246,192,33,47
246,193,34,44
246,191,34,47
245,186,38,51
243,185,37,52
243,183,35,53
242,183,35,50
237,181,40,53
233,178,43,61
234,177,41,59
231,174,47,63
230,172,50,76
229,167,54,82
225,165,58,84
221,157,66,93
214,155,77,99
211,153,91,104
199,157,103,95
200,166,97,82
198,162,102,86
196,169,101,77
195,179,104,68
195,185,102,59
201,194,101,47
200,195,101,52
203,197,101,52
208,199,98,53
212,202,100,54
213,203,96,57
218,202,96,58
220,205,93,55
224,203,93,61
228,201,89,65
232,204,86,65
235,200,86,71
235,203,88,67
235,202,90,70
234,207,92,67
227,206,97,59
226,211,97,57
224,222,106,45
227,227,99,45
227,236,106,37
219,235,103,44
228,242,109,41
227,245,112,40
231,248,113,39
234,253,111,37
233,255,111,38
233,256,114,39
231,255,112,38
231,255,112,35
231,251,116,34
234,245,110,36
237,245,114,37
235,247,112,34
239,248,109,33
240,243,100,32
239,243,95,35
243,246,87,37
239,236,86,45
237,225,94,48
234,216,94,51
230,203,96,59
233,196,91,57
235,195,83,53
233,192,85,52
227,192,89,58
223,199,97,54
222,210,103,44
219,222,101,37
225,229,104,34
224,235,100,32
222,238,102,30
221,237,103,29
222,235,102,31
218,227,108,34
218,216,106,36
216,200,104,37
207,185,110,44
205,172,122,39
201,159,124,47
206,154,117,57
212,158,103,61
219,173,96,54
230,193,93,46
232,200,94,44
233,204,93,51
236,209,95,55
235,210,94,56
235,215,95,52
235,212,97,54
230,214,97,44
230,206,97,46
228,204,103,36
227,207,106,26
230,200,107,30
229,199,109,29
230,200,97,37
240,198,104,35
229,197,116,42
264,210,91,40
235,204,108,50
229,200,115,66
216,199,127,67
241,216,130,59
255,228,123,49
257,234,115,40
257,239,100,42
263,239,93,44
265,237,94,47
265,237,94,47
265,237,94,47
277,247,80,37
280,244,73,33
280,244,73,33
283,238,68,35
284,235,70,36
283,238,73,36
280,241,75,35
280,240,77,38
282,238,73,39
279,239,78,39
