274,214,77,125
270,214,78,123
276,209,72,129
274,202,79,134
275,209,78,127
272,210,76,124
274,212,74,123
274,215,75,120
275,217,73,119
273,218,75,117
274,215,76,120
273,218,76,117
271,218,79,116
272,216,76,118
273,216,75,119
274,217,75,118
273,216,77,120
273,213,81,121
273,214,78,121
273,214,81,122
275,216,75,119
274,221,78,115
274,225,77,112
275,216,75,122
273,218,76,120
274,218,77,119
275,216,75,120
275,219,79,118
277,219,79,119
274,212,95,129
272,210,103,132
273,208,100,135
275,210,106,131
281,209,112,127
294,198,106,130
306,206,104,127
310,198,108,128
317,195,106,129
326,197,98,121
332,196,97,115
333,189,94,116
336,185,92,119
337,185,88,108
335,175,85,110
337,170,77,107
337,159,71,109
248,187,73,121
254,184,73,120
257,187,77,116
257,187,79,115
259,183,81,120
256,181,92,125
258,191,88,119
260,194,86,112
265,191,80,120
268,185,80,129
270,184,77,128
274,197,70,118
275,199,70,114
276,199,67,115
274,188,67,124
275,189,67,121
274,188,67,123
273,178,70,131
273,174,71,135
274,170,71,137
273,163,70,144
273,170,69,139
273,180,69,128
273,181,68,127
274,181,66,129
273,181,67,128
275,183,65,122
274,191,65,115
274,182,68,126
274,194,71,112
273,200,71,106
273,190,71,115
274,193,70,116
273,190,68,117
275,185,66,123
276,193,64,117
275,189,66,116
277,187,68,123
279,179,69,132
282,170,69,140
283,177,74,135
285,184,81,130
287,186,86,132
296,197,83,120
302,195,79,120
302,203,83,119
307,207,76,116
305,217,79,110
304,212,75,116
305,217,75,113
304,220,75,112
301,222,77,107
300,212,77,117
301,217,76,116
300,220,81,116
300,224,81,109
300,213,78,120
303,218,74,115
301,213,75,118
304,220,72,114
303,217,73,116
302,207,73,125
303,211,72,123
299,206,75,127
303,201,75,135
300,194,78,135
302,190,73,146
300,197,82,140
302,202,75,132
300,208,73,124
303,206,75,129
304,210,73,123
303,212,71,121
302,211,76,122
303,208,72,123
305,213,72,122
304,209,69,122
304,213,74,122
298,215,80,117
302,214,73,118
303,209,76,125
297,195,85,139
299,186,83,148
297,196,76,140
299,201,78,133
290,197,90,133
287,202,93,129
290,194,88,143
287,180,93,153
294,171,84,155
290,184,90,150
288,174,89,159
291,177,88,152
290,178,89,156
291,174,87,156
292,179,83,156
289,179,88,152
292,176,85,153
292,182,82,154
292,174,85,156
287,173,89,165
291,165,86,169
291,155,84,178
289,156,88,175
292,160,83,172
290,174,87,162
290,174,85,158
291,165,88,168
289,149,87,187
293,173,85,161
293,176,82,158
292,174,86,162
289,176,85,157
292,191,87,140
291,185,85,145
291,180,88,150
290,172,87,161
297,162,79,171
299,156,78,181
300,158,79,178
298,138,79,196
298,157,83,178
299,162,89,178
300,164,79,166
300,177,80,158
301,173,80,162
299,168,82,164
301,182,84,153
306,204,70,132
302,212,75,119
302,215,77,117
301,214,75,117
301,210,72,121
299,210,73,121
305,210,69,122
298,207,76,127
303,211,75,121
299,209,75,122
301,212,75,122
302,212,78,122
294,209,84,124
300,214,80,119
297,218,77,113
298,207,77,122
302,215,78,121
300,216,74,120
302,216,74,113
301,212,73,118
298,208,79,125
300,205,76,126
303,200,75,135
303,212,74,125
292,196,85,139
295,181,80,150
299,191,76,144
302,196,76,134
303,196,73,137
300,205,76,128
300,211,75,121
299,205,76,126
302,201,78,133
302,206,73,127
297,194,78,138
295,190,86,143
295,191,84,137
299,187,80,148
297,185,81,147
299,189,79,145
298,191,77,141
300,192,80,144
302,197,76,135
301,199,76,136
299,193,80,140
302,189,75,144
301,195,76,140
301,199,77,133
302,198,80,136
302,206,74,127
302,199,74,133
299,200,79,135
300,206,76,125
302,204,74,131
299,200,79,132
303,208,75,123
298,199,77,134
299,200,78,134
302,205,74,127
299,199,77,135
304,203,72,132
301,196,75,132
300,194,79,147
301,193,77,139
297,192,81,146
297,190,80,139
299,191,79,146
301,192,77,142
294,182,84,150
298,192,74,141
296,181,84,152
293,177,88,160
293,183,86,150
296,183,83,152
295,173,83,159
295,179,81,163
297,184,81,152
296,179,79,151
297,197,79,140
296,196,82,133
299,196,77,137
301,202,78,132
300,198,75,135
302,202,76,134
300,202,78,130
300,199,78,134
301,200,75,134
304,205,75,132
302,206,75,124
303,213,78,121
297,202,77,130
300,208,80,127
302,207,73,124
304,210,73,125
299,205,78,125
302,207,77,128
300,206,74,126
303,212,74,123
301,206,74,126
301,211,76,122
299,212,76,118
304,211,74,123
299,207,81,125
299,196,77,135
298,199,80,134
300,197,76,135
299,194,80,140
295,192,82,141
291,176,88,154
291,173,88,166
287,159,94,168
290,162,90,176
287,168,91,165
285,167,93,166
290,179,87,153
288,176,89,157
291,185,87,149
291,186,89,145
296,191,83,143
291,179,89,150
287,175,92,159
288,175,90,155
295,178,83,158
290,186,83,148
290,183,88,148
291,192,83,145
296,195,79,135
298,196,78,139
297,195,77,135
295,200,84,135
296,188,81,145
294,188,80,147
301,188,73,145
304,184,75,149
303,185,74,146
302,195,77,140
302,201,75,131
303,210,73,126
301,204,75,128
304,208,73,124
302,207,73,126
303,206,75,127
301,213,72,119
304,209,75,126
301,213,74,119
307,207,68,127
305,208,72,126
304,198,71,134
305,202,73,132
303,202,73,131
303,204,73,129
305,209,72,125
303,203,74,129
303,208,75,125
305,208,75,126
300,206,76,126
302,211,76,121
303,206,75,127
304,211,74,122
303,212,72,119
301,213,79,122
302,211,74,121
303,213,73,121
299,211,80,122
301,211,77,120
300,214,77,119
299,206,78,125
302,214,75,118
302,216,77,115
301,213,74,118
301,215,74,116
301,208,77,125
303,213,75,119
303,209,73,125
299,212,76,121
301,211,76,120
302,211,74,122
303,213,75,119
303,219,72,112
302,217,75,115
302,218,74,115
302,224,72,108
302,215,75,118
302,219,74,113
297,215,77,116
299,215,80,118
298,208,77,125
299,198,82,134
296,198,83,138
297,204,80,127
301,204,79,129
300,211,80,121
300,208,74,124
300,215,82,115
302,214,74,118
302,213,77,119
302,211,76,120
297,201,82,130
294,194,88,135
296,189,87,142
291,187,91,145
292,188,88,140
289,190,91,145
291,191,89,140
299,185,79,148
299,185,80,150
291,186,89,147
292,181,85,149
294,184,86,150
296,181,82,149
296,180,83,155
292,184,86,148
298,182,80,146
294,191,86,144
296,184,79,145
293,197,82,136
293,187,81,140
295,201,78,132
296,194,80,137
300,194,81,130
303,190,92,123
301,195,118,113
305,200,125,89
317,212,141,91
334,197,144,114
365,193,130,123
370,172,119,133
257,177,115,111
265,174,108,113
250,169,123,121
264,179,113,105
254,178,120,111
256,186,118,98
246,183,126,102
267,173,110,111
258,166,118,119
280,161,131,120
266,149,141,144
267,166,112,124
252,182,122,104
268,179,106,106
262,183,112,100
248,176,126,111
262,184,112,100
245,180,129,109
250,189,127,95
247,186,124,104
251,181,126,104
245,181,127,109
257,172,118,114
265,183,109,100
257,179,116,109
247,176,128,114
261,187,116,96
251,175,124,109
255,178,120,108
243,180,133,106
248,179,126,108
262,187,112,96
255,179,116,109
272,187,102,97
275,188,100,93
277,186,97,98
271,183,104,106
267,173,111,113
258,186,120,98
253,179,122,107
242,165,137,122
257,170,121,116
248,177,126,110
273,181,105,107
263,180,111,108
250,184,118,101
278,177,124,115
272,181,116,105
268,169,127,120
265,174,121,114
314,173,135,126
300,168,141,137
299,175,140,136
308,175,121,139
307,196,110,128
302,194,101,137
296,189,94,143
298,185,90,146
299,181,83,148
283,187,90,146
284,189,84,142
286,186,77,150
284,188,80,149
281,184,83,149
279,188,85,146
278,180,90,150
279,175,92,152
273,179,93,148
276,179,94,147
268,178,99,148
261,172,115,152
256,174,121,151
254,169,130,154
253,173,121,152
259,169,122,155
254,170,121,156
256,167,116,157
256,174,121,148
254,173,117,150
258,170,118,152
257,172,114,148
254,168,120,152
257,169,117,152
251,171,121,150
255,176,120,144
255,172,113,147
254,181,119,141
255,173,116,149
253,176,119,146
256,173,121,148
252,174,120,148
255,169,119,152
251,166,120,155
249,170,128,155
246,171,118,153
250,166,121,153
253,159,125,162
252,156,114,167
254,153,109,169
256,174,87,149
258,178,87,146
256,174,93,147
257,170,92,150
258,187,73,136
259,189,73,133
259,185,70,135
258,184,70,139
258,174,71,147
257,185,68,141
257,190,72,132
255,194,74,129
257,193,72,130
255,195,71,130
256,199,72,121
257,204,73,117
255,199,72,121
256,203,72,119
255,198,72,124
256,185,74,135
255,194,74,132
258,184,68,139
257,180,69,137
259,183,66,140
258,182,68,137
255,191,70,135
260,195,66,124
258,196,68,125
259,203,70,120
259,192,68,132
257,196,71,130
257,198,72,123
258,196,68,131
257,194,71,128
255,192,68,130
259,196,67,127
257,195,66,127
259,197,66,125
258,199,68,125
259,199,67,125
259,194,66,126
259,198,68,124
259,201,65,120
258,198,68,123
260,201,67,119
260,198,66,124
259,202,68,118
258,202,71,119
259,206,72,114
260,193,79,128
259,202,73,118
259,193,71,125
261,195,70,132
257,195,71,126
260,194,68,128
259,190,69,132
259,194,68,127
261,188,69,133
259,191,67,134
260,193,69,127
260,187,68,134
258,199,70,123
260,193,69,129
260,186,66,135
258,195,70,127
261,191,68,131
260,189,67,132
259,188,69,134
262,188,70,135
262,188,67,135
257,193,73,128
259,189,69,134
260,195,69,130
259,187,71,135
260,174,74,151
261,164,67,160
260,167,71,163
259,167,68,154
260,178,70,147
258,171,70,152
262,166,69,157
256,158,73,163
261,178,68,145
258,165,71,155
261,180,69,144
259,185,69,138
256,174,72,148
259,183,70,142
258,175,73,148
259,184,68,139
260,189,68,135
259,189,67,132
261,191,71,135
257,181,72,140
260,170,67,150
258,172,68,153
262,165,69,159
259,171,68,149
261,173,67,149
260,172,69,153
260,175,69,148
260,178,70,148
258,182,70,139
259,194,72,130
258,196,70,127
259,186,70,137
260,184,68,137
258,174,71,148
260,160,71,163
261,159,72,168
259,158,69,167
258,168,70,152
260,172,68,150
262,161,66,162
259,163,69,158
260,167,69,157
261,162,68,161
259,164,69,158
260,172,70,152
258,181,68,138
259,186,67,135
259,195,66,125
259,194,68,127
258,190,68,130
260,196,66,123
259,192,69,129
259,194,68,125
258,193,68,130
259,199,68,122
257,196,69,125
259,201,68,120
258,201,69,120
259,202,66,117
260,197,68,124
258,198,66,122
260,208,72,114
257,203,74,117
256,198,72,122
260,191,70,131
258,191,70,132
257,188,70,136
261,189,67,134
258,182,68,142
261,184,67,139
260,183,69,141
258,185,70,139
260,174,67,148
259,177,67,148
259,170,69,153
257,162,69,162
258,165,71,161
258,155,71,170
259,155,68,170
259,161,68,170
259,158,69,170
257,161,75,162
258,165,69,160
258,160,65,165
259,161,67,161
260,172,70,151
262,174,73,145
265,180,79,135
264,190,88,122
268,192,92,113
270,186,97,118
287,178,88,123
296,172,89,125
297,178,97,126
293,173,101,133
291,177,110,131
284,177,125,128
295,171,119,134
307,178,111,131
224,196,83,137
229,199,69,136
325,176,91,132
327,173,92,131
329,179,87,123
327,181,90,117
324,177,89,126
321,176,91,121
318,168,88,129
316,175,84,126
317,170,81,126
315,168,82,130
317,176,80,121
311,169,83,123
316,181,81,117
314,171,80,127
319,164,75,128
319,165,73,133
320,161,68,130
322,164,68,130
319,162,67,129
313,167,72,126
306,167,72,129
305,167,73,129
298,168,75,130
293,172,76,128
286,183,81,116
288,184,76,119
290,184,73,117
288,184,75,117
284,181,82,122
285,173,80,129
286,171,82,134
287,180,81,124
291,185,79,118
295,187,81,113
302,191,76,107
308,181,73,108
304,174,78,113
311,173,73,108
312,156,73,117
314,161,69,108
313,147,66,115
313,141,64,121
304,147,73,109
290,141,80,108
221,215,93,127
221,213,77,127
222,213,87,131
220,217,80,124
220,217,80,124
220,217,80,124
222,214,80,128
221,214,73,129
231,197,76,136
221,211,81,132
222,213,72,131
231,190,80,141
222,197,75,151
221,213,71,130
225,189,80,153
243,143,71,167
222,161,87,183
219,169,93,175
227,160,80,181
229,157,83,185
233,135,77,210
240,118,72,220
223,146,92,200
225,146,85,202
226,146,82,200
223,140,84,204
222,145,87,197
227,146,85,201
225,145,85,203
220,154,87,188
342,123,72,194
324,141,94,179
333,156,83,170
331,119,85,166
322,162,95,133
323,171,89,127
323,174,87,128
322,176,86,129
321,185,82,121
319,179,78,126
321,186,75,119
321,178,72,126
323,185,69,121
320,176,70,126
319,195,70,111
310,203,81,107
304,209,81,103
300,208,81,109
297,209,83,108
297,211,75,110
296,208,78,106
297,201,70,118
298,201,72,121
298,196,68,128
297,195,69,128
298,190,68,134
298,199,66,128
296,198,69,123
295,201,69,123
295,203,72,119
296,208,71,115
294,201,72,121
295,197,74,125
296,198,70,126
295,199,72,122
296,194,72,129
293,204,76,122
294,196,73,127
295,201,72,123
296,205,71,119
295,206,73,115
297,213,73,111
297,222,72,103
296,216,76,108
296,217,75,107
298,203,66,120
296,203,69,121
294,194,70,127
291,196,73,118
290,198,70,119
288,195,70,116
281,186,73,120
283,188,70,117
282,198,66,103
277,197,69,99
279,202,63,90
279,196,57,95
279,194,55,95
279,178,53,110
226,231,58,113
222,218,61,125
276,174,56,115
222,215,60,129
273,166,61,123
275,167,55,123
222,214,61,132
222,211,64,133
222,215,63,128
222,213,63,132
222,213,65,131
222,216,63,128
223,217,62,128
224,219,65,128
225,217,67,128
228,222,75,122
225,224,88,120
225,224,93,119
220,227,99,115
219,232,95,110
223,234,94,114
233,208,105,133
234,194,99,152
242,192,90,159
257,185,96,168
267,186,100,166
276,188,74,168
278,198,73,161
286,203,71,156
285,209,83,148
290,221,78,136
293,242,75,117
293,247,77,109
296,244,73,111
297,246,72,108
298,243,73,111
296,242,76,111
298,241,71,112
298,241,73,111
298,243,71,109
299,241,71,111
298,240,73,113
299,239,72,113
298,238,77,114
299,240,77,111
297,242,82,109
297,242,85,110
298,240,76,112
299,238,72,113
299,237,75,115
299,236,76,116
299,235,73,117
299,235,74,115
299,237,75,114
298,238,76,113
299,240,75,112
298,237,75,115
299,236,76,116
298,237,76,113
296,236,78,119
297,236,79,116
296,238,81,114
298,237,76,115
299,236,74,115
298,238,79,114
300,236,75,115
299,237,75,114
298,233,80,119
298,233,74,118
300,236,75,116
299,235,77,117
299,237,79,114
298,235,77,116
300,236,75,115
300,235,74,116
300,237,73,116
299,239,74,113
299,236,76,115
297,236,81,116
298,237,77,114
299,236,78,116
298,232,79,120
298,238,80,114
299,238,77,112
298,236,76,115
298,236,78,115
299,235,79,118
299,236,76,115
298,238,80,114
300,235,77,118
299,236,74,115
299,229,80,123
299,231,77,121
296,232,80,119
297,231,78,122
299,233,78,116
298,241,79,110
299,242,75,110
298,245,70,106
298,245,75,106
298,247,79,105
299,247,77,105
300,244,76,108
300,245,77,106
300,243,76,109
301,238,76,114
303,232,74,120
303,232,73,121
303,235,75,119
304,233,70,120
302,235,74,117
304,238,73,112
303,234,72,116
302,236,74,115
302,235,74,115
303,233,73,118
303,236,70,117
303,240,66,112
303,244,68,108
301,242,66,109
299,242,66,110
300,241,64,112
297,241,76,114
298,239,82,113
305,236,77,114
312,221,77,123
319,207,81,127
331,195,68,132
335,193,70,122
337,185,64,120
338,177,62,119
334,171,63,111
331,170,58,113
327,165,56,113
319,164,58,120
316,169,54,117
311,165,51,121
305,167,53,123
252,195,61,118
284,180,65,108
252,186,82,127
249,175,95,137
247,168,89,144
247,171,89,138
248,180,88,133
249,172,89,139
247,175,90,137
247,171,93,142
249,172,88,141
250,177,83,134
247,176,85,135
248,176,84,135
249,176,82,137
252,170,74,143
251,167,76,145
247,170,90,142
247,168,86,146
245,168,90,146
245,174,91,139
239,168,94,146
234,159,102,153
230,165,103,151
227,158,111,154
224,143,117,172
224,184,107,140
231,173,101,160
236,169,96,170
243,172,85,172
259,168,83,180
274,169,70,185
285,171,68,184
288,173,67,183
294,177,67,177
296,183,74,170
307,195,71,160
309,196,71,156
314,199,68,154
320,204,67,147
328,212,66,133
332,210,67,130
336,210,66,118
335,212,68,122
339,207,64,121
343,204,61,119
340,197,65,117
340,193,63,118
340,192,62,119
338,184,58,121
334,186,55,118
329,182,54,116
323,177,58,118
320,174,58,119
315,170,61,117
314,167,55,115
311,165,55,117
313,163,50,118
313,163,48,118
310,164,51,116
291,169,70,114
262,173,93,114
254,175,100,121
256,175,105,125
254,177,99,117
254,177,100,120
253,178,103,116
251,175,106,120
253,176,106,120
253,173,104,125
254,174,101,121
253,174,91,122
255,183,89,118
255,176,89,122
255,178,96,126
255,183,90,117
254,186,92,117
253,192,89,107
251,185,100,118
253,188,99,113
253,172,107,126
251,189,99,113
255,169,113,129
257,175,87,126
258,186,91,119
256,193,88,116
255,195,88,115
257,194,79,122
257,194,66,127
255,196,79,128
254,200,74,131
255,210,70,127
254,214,71,126
253,215,73,129
253,217,69,126
252,221,71,124
252,216,73,125
252,219,71,123
250,216,84,128
249,213,80,130
247,205,80,132
245,208,77,132
245,214,70,125
245,213,71,129
246,215,71,124
244,215,74,120
246,214,73,123
245,215,69,123
245,213,72,126
246,214,70,124
245,208,71,133
246,215,69,125
246,189,73,143
246,185,69,156
246,168,69,175
246,157,68,188
246,157,66,187
243,144,69,202
244,149,70,193
245,152,68,191
242,150,70,196
242,147,76,201
240,134,86,210
238,113,107,233
239,156,95,187
245,160,67,176
246,174,66,168
246,199,66,144
246,196,64,147
248,207,62,135
247,216,74,126
246,217,88,123
246,204,103,137
245,203,98,137
244,183,105,156
243,178,100,163
244,161,98,176
245,169,97,169
242,166,100,171
242,154,101,186
246,152,93,189
244,150,95,194
246,155,92,187
245,155,91,186
245,156,92,188
244,150,92,191
246,148,93,194
246,153,90,189
244,151,92,190
245,147,91,196
244,147,94,191
246,136,91,207
247,140,89,205
245,134,94,210
247,142,93,201
245,135,92,207
246,143,90,200
245,140,92,199
244,148,93,193
246,143,91,196
244,133,94,208
245,128,93,216
245,126,92,215
244,127,96,216
245,113,96,232
247,102,95,244
250,109,91,236
249,107,93,237
248,102,91,240
248,118,92,224
243,134,96,209
246,143,94,200
246,129,94,218
245,134,94,209
247,140,92,203
246,142,91,200
244,140,96,204
247,134,94,213
247,125,94,216
245,140,93,203
246,141,94,203
246,147,95,199
243,144,99,193
247,144,97,202
244,143,95,200
246,137,95,206
243,129,102,212
244,134,97,205
243,125,98,216
241,122,99,221
241,112,101,231
243,145,97,190
242,156,96,186
244,165,94,176
243,164,93,170
243,170,96,171
243,162,102,172
245,161,101,180
242,158,105,184
243,148,104,194
244,157,96,180
243,158,97,186
243,156,97,187
243,148,92,191
243,158,93,185
246,153,89,188
243,169,90,172
247,168,86,178
243,160,89,180
243,156,89,184
244,153,88,188
245,161,84,181
243,154,88,186
245,148,87,197
245,155,87,188
246,160,77,182
247,162,80,177
245,165,81,176
246,163,79,177
247,166,79,175
245,167,82,172
245,161,83,182
244,162,87,177
244,159,84,182
244,162,88,179
245,160,87,176
245,160,86,181
245,149,94,192
245,144,96,198
243,149,99,193
245,143,97,199
246,143,96,200
246,135,98,206
244,145,97,199
245,144,98,197
247,145,95,199
248,141,92,201
246,145,94,193
246,144,95,196
245,147,95,196
245,148,95,194
244,147,95,193
244,153,98,187
245,144,97,198
246,148,96,189
244,145,97,193
245,147,96,193
246,147,95,191
242,146,100,192
238,153,101,189
235,151,102,187
231,152,110,194
223,163,118,170
220,162,122,172
216,155,125,182
209,163,132,174
203,160,138,183
200,157,143,185
194,162,148,177
193,169,151,170
193,169,147,165
194,155,153,179
189,153,159,183
190,152,158,183
187,167,156,162
188,165,158,169
188,169,157,160
191,161,152,170
189,155,159,172
187,158,155,165
192,157,186,163
195,154,178,168
191,153,201,166
185,150,209,173
190,153,200,170
187,154,212,170
188,161,217,159
187,162,226,163
186,163,230,158
187,163,225,159
171,152,175,168
189,170,177,155
189,176,148,150
191,161,144,167
187,157,140,171
190,168,142,164
191,176,140,152
191,171,141,156
190,170,141,160
190,184,136,142
193,180,128,146
192,192,112,135
272,179,136,118
264,185,142,110
267,184,137,112
190,193,126,138
192,196,131,129
191,197,117,130
191,200,111,128
193,202,124,127
192,188,127,141
191,184,129,144
193,181,129,145
193,158,131,168
192,176,133,156
192,163,141,165
190,183,134,141
191,179,142,144
192,172,154,147
188,179,149,146
193,167,155,159
191,167,144,157
191,187,129,138
191,173,120,154
191,159,140,170
191,167,151,157
190,168,144,155
190,184,140,140
193,179,134,148
191,189,129,134
191,192,133,132
191,184,132,143
189,184,130,139
193,171,129,158
192,179,131,149
192,180,128,146
191,173,126,157
191,184,129,141
191,178,125,151
194,176,125,152
190,183,124,142
194,177,125,152
190,166,128,159
191,183,131,143
191,188,130,138
191,181,129,144
191,190,129,136
190,187,131,137
192,180,131,145
192,188,132,137
194,177,130,150
190,193,131,131
193,188,134,139
191,185,131,140
193,182,133,145
191,192,131,134
191,189,133,140
190,182,133,144
192,183,133,148
193,183,131,147
191,188,133,142
191,182,133,147
192,187,133,136
190,190,130,131
191,188,130,137
193,188,131,140
193,190,132,147
190,194,134,142
184,201,141,133
181,196,146,134
181,196,144,130
179,199,145,123
176,191,141,129
179,185,126,127
182,186,144,128
179,180,153,130
176,177,153,132
178,176,152,131
175,178,153,131
178,177,148,130
177,176,163,130
178,179,172,121
180,167,207,129
173,173,217,122
173,169,215,124
176,168,218,122
176,168,223,119
173,164,220,126
172,164,219,127
176,167,217,128
174,167,217,129
174,167,220,128
175,162,233,136
173,167,231,133
174,171,238,121
173,164,240,126
169,165,251,121
171,165,244,120
171,163,253,122
172,169,235,114
174,163,240,121
151,161,278,126
173,172,269,112
176,169,267,118
173,167,278,117
173,167,285,121
176,162,281,126
174,171,284,117
174,170,283,115
175,166,279,119
176,169,277,119
171,167,295,123
173,169,279,118
176,168,283,120
172,169,284,118
174,164,284,121
177,165,276,120
177,166,278,121
176,170,276,113
175,173,277,108
172,167,283,116
168,172,292,113
174,173,276,112
175,175,280,109
173,170,287,115
176,167,274,121
175,168,279,116
176,172,271,114
176,169,276,116
173,169,271,115
176,172,260,114
176,170,262,114
174,172,267,113
176,173,267,111
173,170,269,117
176,167,261,118
177,168,257,119
175,168,263,117
175,170,270,115
176,166,277,119
172,173,272,112
175,167,276,119
177,172,271,114
174,172,284,112
177,168,273,119
173,167,284,118
175,168,278,119
174,166,278,118
175,166,279,122
176,162,273,126
179,169,267,121
178,162,268,127
177,160,275,130
175,157,274,133
170,150,282,136
166,172,278,112
171,167,275,119
172,166,278,119
169,162,280,124
165,158,290,126
165,162,286,121
165,164,279,124
162,165,290,120
161,168,288,117
164,165,284,118
165,163,285,118
163,167,289,116
162,167,289,118
162,169,283,116
162,165,286,119
160,167,290,113
161,164,284,120
165,159,283,125
165,165,269,119
166,163,276,121
165,165,278,116
170,161,272,125
163,161,281,123
160,165,289,123
165,170,277,120
163,169,283,121
165,168,278,123
163,171,274,125
173,181,265,113
169,181,252,112
173,180,258,114
169,175,278,117
166,180,275,113
167,179,280,117
167,178,286,117
167,178,258,117
173,194,246,101
175,207,250,91
171,169,223,125
173,180,213,114
171,174,210,118
172,169,168,119
173,168,145,125
196,165,136,130
177,164,139,127
207,166,125,130
176,173,138,116
174,172,143,116
173,171,133,120
175,168,128,126
180,171,120,117
178,173,115,114
179,172,117,115
179,172,114,114
180,169,114,119
179,167,117,118
180,168,122,115
179,171,130,108
175,159,143,127
174,155,158,137
173,166,115,124
180,174,117,117
303,208,88,104
310,200,72,109
307,197,72,122
300,198,70,116
295,189,72,128
290,185,68,120
285,187,65,121
283,175,60,126
370,139,74,114
180,173,63,121
274,164,56,119
272,161,57,123
194,181,50,112
267,161,59,122
266,155,60,128
266,157,58,123
268,157,56,122
267,157,53,114
267,159,58,115
266,160,56,114
268,158,53,114
267,157,53,117
267,159,54,114
265,160,55,114
268,161,54,113
266,160,55,113
267,162,56,112
267,159,56,114
265,161,58,113
266,161,57,113
266,158,57,119
267,160,56,114
266,160,58,111
266,162,56,111
266,159,54,118
268,161,54,110
266,160,56,111
267,161,57,112
266,160,56,111
268,161,55,103
267,161,52,111
266,160,55,105
266,163,55,101
267,159,54,113
267,160,54,109
267,161,53,107
267,160,54,110
267,160,54,112
268,161,51,112
270,160,51,116
273,159,54,107
277,155,54,104
286,150,55,102
292,176,72,118
291,181,69,128
288,182,69,132
290,190,67,117
283,186,66,119
282,183,64,120
280,185,63,115
275,178,65,121
274,173,60,122
271,172,58,112
270,166,58,118
271,166,56,114
268,162,56,111
267,158,54,119
267,157,50,112
267,156,49,111
266,154,51,114
265,155,53,114
265,153,51,112
265,152,51,113
265,154,50,110
265,152,50,117
266,151,49,116
265,153,51,116
266,150,50,118
265,153,53,113
266,151,52,117
266,153,50,114
265,153,53,114
265,154,53,112
266,152,52,116
266,155,51,111
265,152,54,120
265,154,52,113
264,151,54,120
265,151,52,121
266,151,50,122
266,151,51,122
265,151,53,118
265,153,52,119
265,153,54,110
265,151,53,121
266,150,49,127
266,150,49,117
266,150,52,121
268,153,62,128
273,170,87,124
273,167,82,131
279,172,71,135
277,170,73,136
271,162,77,142
270,156,74,147
274,145,72,160
272,145,74,158
271,138,75,167
275,141,76,164
273,141,71,163
273,144,76,160
274,140,76,163
268,146,80,157
274,154,75,155
268,151,76,149
271,153,75,152
270,149,76,153
271,153,76,153
271,149,75,154
269,158,74,148
271,155,75,147
273,155,74,147
267,153,76,154
273,159,70,147
274,164,71,139
270,158,77,145
272,169,74,136
271,155,78,148
270,155,77,152
270,155,79,149
270,155,76,151
271,154,78,152
270,150,78,157
269,154,74,155
273,153,76,157
268,151,76,164
273,149,78,164
273,155,74,160
276,164,72,150
274,174,71,138
275,180,76,128
275,183,72,120
277,182,72,120
277,183,71,119
278,182,72,117
279,179,69,116
278,182,68,114
280,182,68,120
279,181,68,122
277,184,69,124
278,181,69,126
277,183,70,122
277,184,70,120
279,182,70,124
280,186,65,118
281,187,70,121
280,183,66,122
281,180,67,113
284,174,64,114
286,165,66,114
287,159,68,107
320,218,78,115
313,207,78,125
309,209,76,117
306,206,71,119
300,203,70,115
292,195,74,117
286,186,72,126
287,181,68,126
283,178,64,127
280,179,63,122
281,175,60,133
280,169,61,136
280,179,64,127
277,178,67,122
276,179,64,120
274,177,67,122
275,180,68,120
273,181,70,118
274,177,69,123
274,177,68,121
277,179,63,118
275,176,65,122
273,181,68,117
274,177,67,121
273,180,68,120
273,180,71,119
276,177,66,123
276,178,66,121
274,184,70,114
273,182,69,119
276,179,65,121
275,179,65,123
271,178,72,126
273,183,69,119
273,177,73,127
274,172,69,130
269,165,72,127
268,165,74,127
268,167,77,119
268,170,71,111
271,172,67,111
278,183,59,105
279,177,58,111
275,177,66,114
267,176,74,120
268,182,99,118
270,216,112,140
264,180,105,159
270,192,120,164
264,201,116,154
259,185,98,174
260,177,86,177
261,192,88,166
259,187,87,165
255,166,93,197
255,178,92,183
258,181,91,176
255,173,99,188
254,185,112,173
257,176,99,185
257,189,110,168
259,180,103,176
258,192,104,166
259,182,88,176
257,170,90,184
261,184,73,171
256,177,90,177
259,192,99,170
264,203,91,157
257,182,95,176
257,181,92,172
242,170,108,188
246,172,103,184
253,178,93,177
249,175,102,188
266,178,82,178
265,183,83,174
267,181,78,177
268,195,80,168
261,161,87,195
261,157,90,203
262,127,90,223
258,131,88,226
260,128,89,231
259,145,93,201
261,177,92,180
260,174,88,182
262,176,88,177
261,177,90,180
261,169,88,188
260,164,90,190
258,166,93,194
262,169,88,184
260,165,90,192
261,163,88,193
262,166,87,190
264,157,87,200
262,158,87,201
262,155,89,208
262,152,91,208
260,153,93,208
259,154,96,203
260,157,93,202
259,174,98,181
262,182,94,172
264,179,88,173
265,190,90,170
266,176,85,178
263,172,88,184
265,178,89,180
268,192,88,166
269,204,87,152
269,209,86,146
268,184,87,174
270,196,87,162
265,200,94,156
275,212,83,141
268,215,88,141
268,224,91,130
267,194,93,147
267,204,88,156
266,185,96,165
267,197,92,161
262,187,94,163
270,199,83,156
269,206,83,149
267,198,85,153
271,200,93,153
266,208,97,149
266,198,86,151
264,199,91,156
264,183,90,167
264,179,84,179
267,167,80,187
262,162,94,199
262,156,86,207
261,146,88,220
257,169,100,220
260,153,81,202
261,174,81,191
262,176,78,171
261,224,79,136
263,232,78,122
263,243,78,115
261,243,84,111
259,245,85,112
260,248,98,108
255,242,95,111
254,252,86,106
282,252,115,98
299,252,121,91
278,252,136,89
254,244,155,104
253,247,182,108
244,219,181,135
247,239,186,115
251,247,191,107
226,223,207,127
247,239,184,116
234,210,190,141
247,229,185,127
233,216,182,131
248,226,188,129
239,234,190,117
222,197,191,152
246,200,186,153
244,205,174,149
253,202,167,152
248,195,169,153
254,191,164,164
253,192,156,160
255,190,175,165
243,181,157,178
243,173,144,181
247,175,148,174
244,170,138,184
248,166,120,186
243,141,85,207
251,156,69,198
257,170,64,185
255,180,68,167
258,199,61,155
258,206,71,152
261,200,75,153
260,194,73,165
258,192,73,170
259,196,69,163
259,200,71,165
260,191,60,163
258,187,56,172
257,177,57,181
256,168,58,193
257,148,56,208
254,149,61,207
255,152,62,205
254,156,58,202
253,162,53,192
249,181,63,176
255,183,76,177
244,183,95,169
236,199,106,148
249,161,83,177
250,144,81,189
253,141,76,191
257,141,70,190
263,168,66,166
259,190,66,149
262,194,63,144
261,203,62,140
260,206,59,141
261,207,58,143
261,210,58,139
261,208,59,139
260,209,60,137
259,206,60,144
259,208,61,140
259,206,60,141
258,206,60,146
259,204,59,146
259,207,59,140
260,204,60,142
261,204,60,141
261,204,61,141
261,205,60,139
261,202,61,144
262,202,60,139
262,204,59,138
262,199,61,144
262,200,61,143
263,199,59,144
263,201,60,141
263,201,60,141
263,198,59,145
261,201,62,140
262,199,61,141
260,202,62,141
262,201,59,138
261,200,59,142
260,200,60,141
259,201,62,140
259,201,60,137
262,197,58,143
265,195,62,138
268,192,65,129
272,188,71,119
277,179,79,118
287,170,76,126
288,165,94,140
297,161,88,155
304,157,82,154
309,156,76,162
309,143,79,170
296,168,93,149
310,156,76,157
309,141,76,170
309,145,76,166
310,149,73,163
313,175,66,137
309,199,68,114
306,199,72,112
308,206,72,108
311,207,68,108
308,204,73,111
308,203,71,111
310,205,70,111
309,202,71,114
296,150,58,101
309,205,69,110
310,208,68,107
311,206,66,109
309,207,68,109
306,208,73,109
308,212,70,105
308,210,70,106
305,213,75,105
306,220,76,97
307,222,74,96
311,225,72,94
311,221,73,103
315,222,68,103
317,228,69,101
317,232,70,98
316,236,70,96
318,236,70,93
316,225,71,105
313,223,72,107
312,212,72,116
307,203,75,107
301,213,73,96
298,209,74,101
301,211,68,106
302,204,61,110
302,194,64,116
301,190,63,115
297,185,65,117
294,180,63,121
290,178,68,126
288,179,69,125
286,180,69,123
286,180,65,124
284,176,66,125
284,176,66,125
283,178,65,123
283,180,65,120
283,180,65,120
283,180,66,120
284,180,66,120
284,177,66,125
282,177,66,128
286,177,65,127
284,176,63,127
283,179,65,120
285,176,62,123
287,175,63,122
285,177,65,119
284,173,66,123
283,176,70,116
268,174,83,117
260,185,88,106
268,181,79,115
277,180,73,117
280,181,69,117
282,181,63,118
283,205,58,98
285,195,56,103
283,213,57,84
282,203,59,94
284,202,61,97
283,202,58,96
284,201,60,97
283,202,59,96
284,196,59,102
285,203,57,97
283,187,62,111
286,183,61,114
286,185,60,114
284,190,62,108
199,191,80,125
206,196,88,134
225,203,77,141
236,207,84,147
240,217,74,140
246,216,74,140
249,217,75,141
254,225,71,133
254,216,71,141
254,224,72,133
255,221,71,133
256,219,72,136
257,219,68,133
258,223,68,129
259,228,69,128
259,221,71,134
260,227,68,129
259,227,73,126
259,225,72,131
258,217,73,138
259,224,71,133
260,224,69,130
259,227,70,128
258,221,70,133
259,224,71,129
259,217,68,137
260,219,68,139
260,223,72,131
259,224,70,132
259,221,72,132
260,226,69,130
258,220,71,133
259,221,73,134
259,222,71,134
259,224,71,131
258,217,72,137
258,205,73,149
256,198,73,158
257,193,70,164
255,179,73,175
249,194,87,161
243,179,86,171
238,186,91,171
230,184,96,169
220,181,107,172
217,184,112,167
213,195,112,156
218,197,117,158
223,197,105,153
224,188,107,166
219,189,111,163
220,190,107,163
220,182,111,170
221,168,112,183
221,164,111,189
214,167,115,187
227,164,108,188
221,172,110,184
212,158,118,194
218,159,116,194
223,155,110,202
214,170,119,183
221,153,106,200
223,146,112,211
226,156,107,201
213,160,117,193
228,162,101,193
231,158,99,198
241,149,87,208
234,160,95,198
216,161,114,195
217,187,116,166
218,193,115,160
215,188,115,164
222,181,111,173
213,196,116,154
222,207,112,146
217,215,116,138
215,208,120,144
214,208,123,145
212,203,119,149
217,213,125,139
213,211,113,140
254,218,76,138
257,223,68,132
260,228,65,128
260,224,66,132
258,228,65,127
259,234,66,122
260,232,67,123
259,231,67,125
257,227,66,128
259,233,67,124
258,229,71,126
260,233,66,121
256,231,68,124
260,226,67,129
257,226,68,130
260,229,69,126
258,231,69,123
258,230,69,123
258,229,73,125
258,229,70,126
258,227,71,126
256,230,74,125
257,225,68,129
260,221,68,134
258,219,69,137
260,219,67,139
259,226,67,131
258,226,70,129
260,222,68,134
260,218,71,138
259,214,69,143
257,225,72,130
259,224,68,129
256,222,71,132
256,225,72,130
258,224,72,127
254,220,72,134
254,213,79,144
257,216,74,139
256,218,73,138
258,212,73,144
257,214,73,143
257,216,70,140
256,213,74,144
259,215,70,139
256,213,75,144
259,215,72,140
256,227,72,128
260,223,68,133
259,221,69,135
259,223,70,133
259,217,69,140
258,225,69,131
260,225,69,130
258,224,71,129
258,228,72,129
258,228,70,127
259,224,68,131
258,222,70,136
256,226,72,128
259,228,71,128
258,225,69,129
259,222,71,135
259,224,69,131
257,224,71,131
258,222,70,133
258,223,72,134
258,223,69,132
259,227,70,129
259,229,69,127
259,223,69,133
258,224,69,133
259,219,68,137
259,222,68,133
259,219,69,139
258,224,72,131
257,227,72,128
258,227,69,128
258,227,71,129
259,220,69,135
258,226,71,129
258,225,68,131
260,225,69,131
258,228,74,127
258,226,68,128
260,226,67,130
255,225,73,132
258,223,71,130
258,227,70,127
257,229,70,126
256,224,69,129
260,225,68,131
259,227,70,132
259,223,71,130
256,226,75,129
258,230,71,124
257,222,69,135
257,222,71,132
259,225,73,128
263,218,74,132
271,215,73,131
281,211,71,132
291,208,74,133
300,206,79,132
306,205,84,129
314,203,82,124
321,204,92,120
330,204,92,119
334,196,99,127
344,194,99,128
350,194,103,125
357,199,99,120
359,193,104,123
361,197,106,116
367,200,102,109
372,200,98,105
372,197,99,106
374,196,98,104
375,192,103,102
377,188,103,100
381,180,100,100
389,170,91,101
392,165,96,98
403,159,90,100
413,155,82,102
289,154,102,107
290,151,100,104
421,151,84,87
426,160,81,81
419,162,88,82
415,166,93,82
414,169,85,81
409,176,84,74
397,184,91,68
390,188,90,66
370,191,109,67
362,196,118,63
378,203,99,64
387,212,96,71
382,215,93,76
408,233,66,75
405,257,61,69
402,266,62,69
395,268,71,79
389,269,77,82
380,268,82,87
364,274,91,81
347,271,102,83
338,272,100,81
334,271,104,81
325,273,102,74
313,270,103,72
307,275,98,62
297,275,98,60
294,274,95,58
287,272,96,55
301,273,77,54
299,266,71,59
294,270,68,49
292,270,69,50
292,266,66,47
290,260,65,53
288,257,64,55
286,254,64,51
290,254,58,52
286,255,63,49
282,255,68,50
284,254,65,49
287,255,62,50
286,256,63,49
282,255,67,50
286,253,62,49
289,254,60,51
286,255,62,47
287,255,62,49
287,254,63,50
285,252,63,51
286,253,62,53
286,252,65,51
284,251,68,53
285,251,63,51
283,251,67,53
286,251,63,57
286,253,64,56
286,253,60,56
284,252,63,59
280,253,65,59
279,255,62,60
278,259,59,55
276,260,65,57
274,259,70,57
268,259,77,59
258,259,88,59
273,266,75,53
263,264,85,55
276,262,74,57
276,264,75,58
272,265,82,53
282,263,77,51
276,263,83,54
275,262,88,52
282,257,87,54
278,252,92,53
280,244,92,51
283,242,93,50
290,232,89,54
294,219,97,56
300,205,98,59
293,187,113,68
308,191,106,57
315,176,103,65
317,171,102,82
332,146,105,99
331,136,123,122
321,123,142,137
291,104,176,154
303,83,169,179
292,87,176,168
295,107,181,149
284,121,190,137
287,131,188,122
292,148,171,111
287,146,170,114
295,155,159,105
292,150,146,118
285,154,143,116
287,155,129,122
282,188,130,100
275,201,133,94
278,220,127,75
281,234,128,58
284,230,129,57
284,226,133,57
294,223,128,57
310,220,118,59
328,213,103,66
328,212,103,66
330,206,101,71
330,201,99,81
333,198,94,85
307,199,109,93
288,198,121,113
292,202,115,125
293,203,87,138
287,203,89,132
276,201,89,131
265,207,84,124
259,202,76,123
258,209,70,117
254,209,75,122
249,205,76,128
242,210,81,124
238,211,72,122
236,210,65,125
236,213,63,124
234,212,62,123
234,213,63,122
234,210,62,124
234,209,62,125
234,211,62,126
235,209,62,125
234,212,64,125
234,211,62,125
235,208,61,129
234,211,62,126
235,209,61,127
234,209,62,127
235,207,62,129
233,210,62,125
235,207,62,128
233,210,61,126
235,210,60,125
235,211,60,126
235,209,61,127
235,207,61,131
234,210,61,127
234,208,62,129
235,212,62,123
233,210,61,127
235,209,61,127
236,213,59,124
234,209,61,127
236,207,61,128
234,214,61,122
235,212,60,124
235,210,62,126
234,211,60,124
236,210,60,126
234,210,62,125
235,208,61,129
235,210,61,126
235,207,61,129
235,206,62,130
234,207,62,129
235,207,61,131
233,207,62,130
236,205,60,132
236,208,61,127
234,208,61,128
235,210,63,126
234,211,62,126
235,208,60,127
235,206,62,131
234,210,61,125
236,209,60,127
235,207,61,129
235,209,61,127
235,209,60,127
234,208,61,128
234,209,62,127
236,210,59,128
235,209,61,127
234,209,61,128
235,211,59,124
235,210,61,127
235,208,63,129
234,211,61,126
234,211,61,125
235,209,61,127
235,209,62,128
235,208,62,128
233,210,63,126
234,208,62,128
235,209,60,126
234,208,61,129
235,206,61,133
235,211,59,124
235,211,61,124
234,210,60,126
235,208,62,127
234,212,61,125
235,209,61,127
235,211,61,126
235,213,60,123
235,210,59,126
235,210,61,128
236,208,59,128
235,212,60,123
234,209,62,126
234,208,61,128
234,206,62,130
235,208,60,128
234,207,61,131
235,208,61,128
233,210,61,126
235,211,62,124
235,210,61,124
235,212,60,123
236,212,60,124
235,210,62,126
234,210,60,127
234,209,63,128
234,211,62,126
235,210,61,128
234,209,63,126
234,211,63,126
234,212,60,125
236,207,59,130
235,209,59,128
235,215,60,121
235,210,61,126
235,210,60,127
235,209,62,127
236,214,61,124
235,211,62,125
235,212,60,125
235,213,61,122
234,219,63,118
234,213,62,123
234,212,63,125
235,209,60,129
235,210,62,126
234,212,60,124
236,210,61,127
236,213,61,124
234,209,62,128
236,217,59,122
236,212,59,126
235,209,61,127
235,213,61,124
235,213,61,124
235,212,62,125
