167,228,56,52
163,228,53,50
163,228,52,49
162,229,51,49
161,227,52,48
159,225,50,48
156,223,53,47
156,220,51,46
158,218,49,47
154,216,50,48
153,213,52,45
152,212,51,47
150,211,50,49
150,209,49,48
149,210,51,47
149,212,50,46
146,211,50,46
146,213,47,45
147,213,49,45
144,212,48,46
146,215,48,48
145,219,49,48
145,225,49,46
145,232,48,47
146,233,49,50
148,232,49,49
150,228,49,48
153,225,49,51
158,226,49,52
161,226,49,52
166,226,49,55
170,222,48,55
178,219,45,54
188,216,43,56
191,215,42,55
196,214,45,55
202,210,46,58
210,207,46,54
218,205,46,54
223,206,44,58
229,212,47,57
235,211,47,59
241,205,49,58
245,201,50,57
254,200,51,55
256,202,53,57
261,204,50,56
266,207,50,57
270,213,48,58
276,220,48,55
277,225,51,55
282,230,48,54
281,234,50,56
283,241,48,55
285,249,47,49
286,257,48,50
287,263,48,49
284,264,50,51
282,265,47,49
279,262,48,50
277,260,47,52
274,261,46,50
270,262,45,49
265,262,44,50
262,262,44,47
256,261,46,46
252,259,46,45
245,258,46,45
244,257,45,45
237,251,44,44
232,250,43,45
228,249,42,44
226,247,42,46
220,246,43,45
216,246,46,46
212,244,44,47
210,243,46,46
209,239,45,49
207,239,47,46
207,235,46,49
206,235,49,47
208,232,48,48
210,232,50,48
215,232,48,49
219,232,46,49
223,231,46,49
228,229,48,47
237,227,46,48
245,227,48,48
252,225,48,49
261,223,47,51
271,223,46,52
280,222,45,50
291,223,46,49
300,222,48,50
307,222,47,49
316,220,49,50
326,220,48,50
332,217,49,50
341,214,50,50
346,208,52,50
354,208,48,48
359,203,50,50
361,203,52,52
364,205,56,53
368,200,55,51
368,196,57,54
367,191,58,53
367,193,58,50
363,188,57,55
361,192,59,54
357,196,57,55
352,198,55,56
347,201,58,58
341,207,56,56
332,210,54,57
322,212,55,57
312,210,54,58
304,210,52,58
295,210,50,59
284,212,45,59
271,212,47,60
260,205,49,59
252,199,50,60
243,193,54,59
233,187,53,59
228,188,52,55
219,189,57,56
212,192,56,58
202,197,59,60
196,205,59,62
194,212,57,61
187,218,56,59
185,221,54,57
182,222,54,56
178,220,54,57
173,218,55,56
173,216,54,54
173,215,51,50
172,212,50,52
175,209,47,51
173,207,49,51
172,201,49,47
176,191,47,49
177,184,47,50
179,179,45,48
182,172,46,47
184,169,44,47
185,164,44,47
187,163,45,45
190,164,45,43
191,164,46,45
194,165,47,45
196,167,48,45
196,167,50,47
201,167,49,47
205,166,49,47
208,166,50,50
210,168,52,51
215,173,54,55
217,181,54,55
221,190,53,55
226,196,54,55
228,200,56,56
234,201,55,53
238,201,54,53
244,202,54,53
247,203,54,53
252,204,55,53
259,203,52,52
261,200,51,52
266,200,50,51
268,200,49,50
269,200,48,50
268,199,49,54
268,199,49,54
268,199,49,54
268,199,49,54
268,199,49,54
268,199,49,54
268,199,49,54
268,199,49,54
268,199,49,54
268,199,49,54
268,199,49,54
268,199,49,54
156,226,53,63
168,215,61,67
187,209,57,68
206,207,55,68
223,209,61,70
241,213,60,68
257,217,57,68
275,217,56,64
293,217,53,61
305,213,55,61
312,210,57,60
324,206,54,56
325,203,59,55
335,201,53,51
339,194,54,52
338,193,53,52
343,189,50,51
341,189,50,52
340,190,50,51
343,191,48,48
341,192,48,50
337,194,49,49
335,193,50,51
331,195,50,49
329,197,49,48
324,198,52,50
321,198,50,49
318,199,47,48
310,200,50,50
304,202,50,52
297,204,52,53
290,206,54,55
284,209,53,57
278,212,55,60
270,218,56,61
262,218,55,61
255,217,58,64
246,209,61,70
236,204,66,68
229,196,65,63
219,188,69,67
209,183,67,68
204,175,64,69
196,165,63,70
190,158,61,69
183,151,59,66
171,150,61,62
160,148,65,61
159,147,65,64
153,146,65,65
154,147,64,65
146,148,66,67
139,156,69,68
135,165,71,67
132,172,72,65
131,180,73,63
138,186,68,65
136,189,70,66
145,191,66,65
147,191,65,63
150,191,63,59
154,184,63,59
164,175,62,54
172,162,59,59
181,158,51,54
188,153,49,54
192,148,48,51
197,146,50,52
199,142,50,52
204,142,47,48
207,140,49,49
211,141,48,47
214,141,48,46
216,141,47,46
215,138,48,47
217,137,48,47
216,141,47,45
216,139,47,45
212,139,49,46
210,138,48,47
208,137,48,47
203,136,48,47
197,134,51,48
193,132,52,49
191,131,49,52
184,128,50,53
178,124,52,54
169,123,58,54
163,120,58,55
160,117,59,57
160,113,61,57
156,111,60,56
157,107,60,60
159,101,59,60
157,97,61,59
167,98,58,61
174,97,55,60
182,99,52,60
191,95,51,58
201,95,49,59
212,95,47,58
221,95,46,57
232,96,44,55
242,97,43,53
250,98,43,52
258,95,42,53
266,98,42,50
272,97,45,47
278,95,45,47
283,96,44,44
283,95,45,47
286,94,47,47
286,94,46,43
287,96,45,42
282,96,46,41
280,96,46,45
277,99,47,46
271,103,49,46
264,105,47,48
256,108,48,49
246,112,48,48
236,115,47,48
222,118,48,50
207,117,53,53
196,115,53,53
182,116,54,54
165,116,55,51
153,118,55,50
136,121,60,49
123,125,61,54
115,126,59,53
106,127,62,52
100,128,64,54
101,131,63,51
105,131,60,50
109,131,60,51
118,131,56,49
125,130,60,48
139,128,56,47
155,128,52,45
176,123,44,50
188,122,44,50
200,123,46,48
213,121,46,46
226,122,46,45
240,122,44,45
252,119,43,45
262,122,41,44
271,125,42,44
280,124,40,44
287,124,39,42
292,125,40,44
296,127,40,44
300,129,38,44
300,131,36,45
300,136,33,42
297,137,33,44
290,142,35,45
282,146,36,46
271,150,41,47
258,155,41,48
243,159,45,48
226,161,47,49
209,167,48,48
189,169,52,50
173,170,52,50
148,171,59,49
132,175,52,45
117,174,49,46
99,171,54,46
97,171,54,47
84,170,54,45
83,169,53,47
72,168,50,46
57,165,57,48
54,166,53,47
46,164,54,48
43,166,55,47
42,169,56,44
45,169,55,46
47,173,58,47
48,172,59,49
57,176,58,50
64,180,55,45
74,179,54,48
82,180,54,47
92,181,54,47
99,182,53,47
110,182,53,47
119,183,49,46
126,183,49,45
138,183,48,47
146,182,47,46
152,183,46,48
160,185,45,48
165,185,45,50
171,186,44,49
173,186,44,52
178,187,42,49
179,190,40,50
178,189,44,52
173,189,45,52
168,190,49,53
165,189,51,52
159,192,53,52
153,193,54,51
146,196,53,52
139,196,54,54
133,197,50,54
126,198,53,55
120,202,52,54
112,203,51,56
108,206,50,54
102,207,51,54
96,211,49,52
95,211,49,51
92,213,48,48
86,214,51,49
81,215,56,48
77,218,61,47
78,217,66,50
77,220,72,49
76,222,78,50
77,221,85,48
72,221,100,51
74,227,104,46
64,227,118,50
57,231,121,46
102,222,113,44
115,220,112,46
49,240,95,37
138,217,86,47
148,216,72,46
152,217,64,43
164,215,51,43
167,213,41,44
170,211,39,45
166,208,39,45
166,207,39,45
164,207,39,44
160,206,41,46
153,205,43,47
148,204,46,46
143,204,47,46
137,202,46,47
132,202,48,46
127,203,47,46
120,200,45,46
116,200,46,46
107,200,50,43
103,198,50,44
95,199,53,43
83,198,60,46
71,196,69,48
68,195,70,52
66,195,68,49
61,196,72,47
59,195,75,51
54,196,80,48
53,195,81,50
45,196,87,52
55,193,81,52
77,195,71,46
88,195,54,51
91,193,50,52
91,194,52,52
94,195,51,50
95,195,54,54
99,198,55,55
99,201,58,57
101,207,58,54
107,211,56,55
112,213,58,53
120,216,56,49
124,213,54,53
133,214,50,50
142,211,49,49
149,214,46,46
157,212,43,47
163,213,43,47
170,211,39,46
173,210,41,47
176,210,41,47
180,208,41,47
184,207,39,45
184,206,39,44
184,205,36,43
184,204,38,40
181,200,41,42
179,197,42,42
173,199,45,37
171,197,47,41
166,196,49,41
164,196,48,42
160,194,48,43
159,196,49,41
155,194,48,43
147,195,49,42
135,194,46,43
127,195,46,47
118,198,44,47
22,228,45,37
90,197,45,46
78,197,48,53
63,195,50,57
52,192,51,56
35,187,55,58
21,181,58,58
11,177,64,59
2,171,67,57
0,165,66,57
-1,159,66,61
0,154,67,58
0,154,69,59
1,152,73,58
7,153,74,58
17,154,68,60
25,163,69,57
47,171,56,59
61,181,55,56
71,184,55,59
82,189,54,60
95,193,58,58
109,193,57,56
124,194,53,54
137,190,50,54
146,188,53,51
155,183,51,50
164,182,48,44
173,177,49,47
177,172,49,48
182,168,47,45
185,164,47,45
184,158,48,47
186,154,45,47
185,150,45,45
184,142,42,47
181,138,41,47
177,133,40,47
168,128,42,47
164,126,41,45
152,121,44,46
142,112,50,48
130,104,51,50
123,94,53,52
117,83,53,53
105,70,58,55
96,60,59,58
87,52,62,55
81,50,62,54
74,49,63,56
69,53,61,55
63,56,63,51
67,58,61,48
70,62,59,47
81,65,50,51
81,68,54,51
89,70,57,52
97,73,56,49
111,77,51,47
121,80,54,48
132,81,57,47
150,83,52,48
165,82,48,47
176,81,45,50
184,80,47,49
190,76,49,47
197,74,49,49
203,73,49,48
207,70,51,47
209,68,48,47
215,69,45,47
215,66,43,48
214,65,42,46
209,65,41,45
204,65,39,46
192,64,45,49
181,62,48,51
168,63,49,49
153,60,53,52
134,55,58,50
114,48,55,55
90,34,59,58
70,26,68,56
57,14,57,54
39,3,58,55
20,4,53,44
0,2,54,38
0,2,54,38
0,2,54,38
0,2,54,38
0,2,54,38
0,2,54,38
0,2,54,38
0,2,54,38
0,2,54,38
0,2,54,38
0,2,54,38
0,2,54,38
0,2,54,38
0,2,54,38
0,2,54,38
0,2,54,38
0,2,54,38
0,2,54,38
0,2,54,38
0,2,54,38
0,2,54,38
0,2,54,38
0,2,54,38
0,2,54,38
0,2,54,38
0,2,54,38
0,2,54,38
0,2,54,38
0,2,54,38
0,2,54,38
0,2,54,38
0,2,54,38
0,2,54,38
0,2,54,38
0,2,54,38
0,2,54,38
0,2,54,38
0,2,54,38
0,2,54,38
0,2,54,38
0,2,54,38
0,2,54,38
0,2,54,38
0,2,54,38
0,2,54,38
0,2,54,38
0,2,54,38
0,2,54,38
0,2,54,38
0,2,54,38
0,2,54,38
0,2,54,38
0,2,54,38
0,2,54,38
0,2,54,38
0,2,54,38
0,2,54,38
0,2,54,38
0,2,54,38
0,2,54,38
0,2,54,38
0,2,54,38
0,2,54,38
0,2,54,38
0,2,54,38
0,2,54,38
0,2,54,38
0,2,54,38
0,2,54,38
0,2,54,38
0,2,54,38
0,2,54,38
0,2,54,38
0,2,54,38
0,2,54,38
0,2,54,38
0,2,54,38
0,2,54,38
0,2,54,38
0,2,54,38
0,2,54,38
0,2,54,38
0,2,54,38
0,2,54,38
0,2,54,38
0,2,54,38
0,2,54,38
0,2,54,38
0,2,54,38
0,2,54,38
0,2,54,38
0,2,54,38
0,2,54,38
0,2,54,38
0,2,54,38
0,2,54,38
0,2,54,38
0,2,54,38
0,2,54,38
0,2,54,38
0,2,54,38
0,2,54,38
0,2,54,38
0,2,54,38
0,2,54,38
0,2,54,38
0,2,54,38
0,2,54,38
0,2,54,38
0,2,54,38
0,2,54,38
0,2,54,38
0,2,54,38
0,2,54,38
0,2,54,38
0,2,54,38
0,2,54,38
0,2,54,38
0,2,54,38
0,2,54,38
0,2,54,38
0,2,54,38
0,2,54,38
0,2,54,38
0,2,54,38
0,2,54,38
0,2,54,38
0,2,54,38
0,2,54,38
0,2,54,38
0,2,54,38
0,2,54,38
0,2,54,38
0,2,54,38
0,2,54,38
0,2,54,38
0,2,54,38
0,2,54,38
0,2,54,38
0,2,54,38
0,2,54,38
0,2,54,38
0,2,54,38
0,2,54,38
0,2,54,38
0,2,54,38
0,2,54,38
0,2,54,38
0,2,54,38
0,2,54,38
0,2,54,38
0,2,54,38
0,2,54,38
0,2,54,38
0,2,54,38
0,2,54,38
0,2,54,38
0,2,54,38
0,2,54,38
0,2,54,38
0,2,54,38
0,2,54,38
0,2,54,38
0,2,54,38
0,2,54,38
0,2,54,38
0,2,54,38
0,2,54,38
0,2,54,38
0,2,54,38
0,2,54,38
0,2,54,38
0,2,54,38
0,2,54,38
0,2,54,38
0,2,54,38
0,2,54,38
0,2,54,38
0,2,54,38
0,2,54,38
0,2,54,38
0,2,54,38
0,2,54,38
0,2,54,38
0,2,54,38
0,2,54,38
0,2,54,38
0,2,54,38
0,2,54,38
0,2,54,38
0,2,54,38
0,2,54,38
0,2,54,38
0,2,54,38
0,2,54,38
0,2,54,38
0,2,54,38
0,2,54,38
0,2,54,38
0,2,54,38
0,2,54,38
0,2,54,38
0,2,54,38
0,2,54,38
0,2,54,38
0,2,54,38
0,2,54,38
0,2,54,38
0,2,54,38
0,2,54,38
0,2,54,38
0,2,54,38
0,2,54,38
0,2,54,38
0,2,54,38
0,2,54,38
0,2,54,38
0,2,54,38
0,2,54,38
0,2,54,38
0,2,54,38
0,2,54,38
0,2,54,38
0,2,54,38
0,2,54,38
0,2,54,38
0,2,54,38
0,2,54,38
0,2,54,38
0,2,54,38
0,2,54,38
0,2,54,38
0,2,54,38
0,2,54,38
0,2,54,38
0,2,54,38
0,2,54,38
0,2,54,38
0,2,54,38
0,2,54,38
0,2,54,38
0,2,54,38
0,2,54,38
0,2,54,38
0,2,54,38
0,2,54,38
0,2,54,38
0,2,54,38
0,2,54,38
0,2,54,38
0,2,54,38
0,2,54,38
0,2,54,38
0,2,54,38
0,2,54,38
0,2,54,38
0,2,54,38
0,2,54,38
0,2,54,38
0,2,54,38
0,2,54,38
0,2,54,38
0,2,54,38
0,2,54,38
0,2,54,38
0,2,54,38
0,2,54,38
0,2,54,38
0,2,54,38
0,2,54,38
0,2,54,38
0,2,54,38
0,2,54,38
0,2,54,38
0,2,54,38
0,2,54,38
0,2,54,38
0,2,54,38
0,2,54,38
0,2,54,38
0,2,54,38
0,2,54,38
0,2,54,38
0,2,54,38
0,2,54,38
0,2,54,38
0,2,54,38
0,2,54,38
0,2,54,38
0,2,54,38
0,2,54,38
0,2,54,38
0,2,54,38
0,2,54,38
0,2,54,38
0,2,54,38
0,2,54,38
0,2,54,38
0,2,54,38
0,2,54,38
0,2,54,38
0,2,54,38
0,2,54,38
0,2,54,38
0,2,54,38
0,2,54,38
0,2,54,38
0,2,54,38
0,2,54,38
0,2,54,38
0,2,54,38
0,2,54,38
0,2,54,38
0,2,54,38
0,2,54,38
0,2,54,38
0,2,54,38
0,2,54,38
0,2,54,38
0,2,54,38
0,2,54,38
0,2,54,38
0,2,54,38
0,2,54,38
0,2,54,38
0,2,54,38
0,2,54,38
0,2,54,38
0,2,54,38
0,2,54,38
0,2,54,38
0,2,54,38
0,2,54,38
0,2,54,38
0,2,54,38
0,2,54,38
0,2,54,38
0,2,54,38
0,2,54,38
0,2,54,38
0,2,54,38
0,2,54,38
0,2,54,38
0,2,54,38
0,2,54,38
0,2,54,38
0,2,54,38
0,2,54,38
0,2,54,38
0,2,54,38
0,2,54,38
0,2,54,38
0,2,54,38
0,2,54,38
0,2,54,38
0,2,54,38
0,2,54,38
0,2,54,38
0,2,54,38
0,2,54,38
0,2,54,38
0,2,54,38
0,2,54,38
0,2,54,38
0,2,54,38
0,2,54,38
0,2,54,38
0,2,54,38
0,2,54,38
0,2,54,38
0,2,54,38
0,2,54,38
0,2,54,38
0,2,54,38
0,2,54,38
0,2,54,38
0,2,54,38
0,2,54,38
0,2,54,38
0,2,54,38
0,2,54,38
0,2,54,38
0,2,54,38
0,2,54,38
0,2,54,38
0,2,54,38
0,2,54,38
0,2,54,38
0,2,54,38
0,2,54,38
0,2,54,38
0,2,54,38
0,2,54,38
0,2,54,38
0,2,54,38
0,2,54,38
0,2,54,38
0,2,54,38
0,2,54,38
0,2,54,38
0,2,54,38
0,2,54,38
0,2,54,38
0,2,54,38
0,2,54,38
0,2,54,38
0,2,54,38
0,2,54,38
0,2,54,38
0,2,54,38
0,2,54,38
0,2,54,38
0,2,54,38
0,2,54,38
0,2,54,38
0,2,54,38
0,2,54,38
0,2,54,38
0,2,54,38
0,2,54,38
0,2,54,38
0,2,54,38
0,2,54,38
0,2,54,38
0,2,54,38
0,2,54,38
0,2,54,38
0,2,54,38
0,2,54,38
0,2,54,38
0,2,54,38
0,2,54,38
0,2,54,38
0,2,54,38
0,2,54,38
0,2,54,38
0,2,54,38
0,2,54,38
0,2,54,38
0,2,54,38
0,2,54,38
0,2,54,38
0,2,54,38
0,2,54,38
0,2,54,38
0,2,54,38
0,2,54,38
0,2,54,38
0,2,54,38
0,2,54,38
0,2,54,38
0,2,54,38
0,2,54,38
0,2,54,38
0,2,54,38
0,2,54,38
0,2,54,38
0,2,54,38
0,2,54,38
0,2,54,38
0,2,54,38
0,2,54,38
0,2,54,38
0,2,54,38
0,2,54,38
0,2,54,38
0,2,54,38
0,2,54,38
0,2,54,38
0,2,54,38
0,2,54,38
0,2,54,38
0,2,54,38
0,2,54,38
0,2,54,38
0,2,54,38
0,2,54,38
0,2,54,38
0,2,54,38
0,2,54,38
0,2,54,38
0,2,54,38
0,2,54,38
0,2,54,38
0,2,54,38
0,2,54,38
0,2,54,38
0,2,54,38
0,2,54,38
0,2,54,38
0,2,54,38
0,2,54,38
0,2,54,38
0,2,54,38
0,2,54,38
0,2,54,38
47,3,48,43
47,3,48,43
47,3,48,43
47,3,48,43
47,3,48,43
47,3,48,43
47,3,48,43
47,3,48,43
47,3,48,43
47,3,48,43
47,3,48,43
47,3,48,43
42,1,47,36
42,1,47,36
42,1,47,36
42,1,47,36
42,1,47,36
42,1,47,36
42,1,47,36
42,1,47,36
42,1,47,36
62,95,46,32
62,95,46,32
72,101,35,33
77,103,27,28
82,104,22,25
83,103,24,28
89,102,26,31
92,105,22,27
93,103,25,27
95,104,27,30
93,102,27,30
95,103,26,29
96,104,25,28
94,103,27,29
92,102,27,28
89,102,25,27
85,100,26,30
86,100,27,29
86,101,26,28
86,99,22,27
86,101,24,29
85,101,25,31
86,102,23,30
88,102,22,28
88,102,24,28
87,101,23,28
86,100,25,27
84,101,23,30
86,101,23,30
85,100,23,29
83,99,25,29
84,100,23,29
84,100,24,32
86,101,24,31
84,101,24,29
83,101,25,30
84,101,25,28
84,99,24,32
84,100,26,30
84,99,25,29
84,102,28,31
84,101,25,30
84,99,25,34
85,99,24,29
84,102,22,29
83,100,25,32
85,101,27,32
83,99,26,31
82,100,27,31
84,102,24,26
84,101,24,26
84,99,27,32
84,98,25,28
83,101,28,32
83,99,29,31
82,101,29,29
84,99,26,31
83,102,25,29
85,101,26,29
84,101,28,30
84,99,25,30
84,100,25,30
83,101,28,31
84,101,27,29
84,100,28,32
84,101,27,31
85,101,26,31
84,100,28,29
85,101,28,30
84,101,30,30
83,100,29,32
84,101,29,30
84,99,28,30
84,101,30,34
84,101,29,28
84,102,28,27
83,101,29,30
82,101,29,30
83,100,28,32
83,99,29,29
84,100,26,30
83,99,30,33
83,100,29,31
84,100,28,31
83,101,29,30
83,100,27,29
85,101,29,34
83,100,30,31
83,102,30,30
84,99,28,31
83,101,28,31
84,100,26,29
84,102,28,29
84,101,26,30
84,100,25,29
84,100,24,28
84,101,27,29
85,100,27,28
85,100,26,31
83,101,28,31
84,100,29,30
84,100,28,28
83,101,27,29
83,101,28,30
83,101,28,29
85,102,28,30
85,101,28,29
84,102,28,28
83,100,27,30
84,101,30,30
84,100,27,31
84,102,30,30
83,100,29,31
85,100,27,27
83,101,28,29
83,100,28,31
83,101,28,29
82,100,29,30
83,101,30,29
84,99,29,28
85,101,28,29
84,100,28,29
84,100,29,30
84,99,28,31
84,101,28,30
84,102,27,30
85,101,30,30
85,101,28,28
85,102,28,27
84,102,26,27
84,100,22,29
84,100,26,29
84,100,26,27
83,101,27,29
83,100,29,31
84,101,27,31
85,100,25,31
83,99,23,31
85,99,26,29
84,99,27,31
85,100,28,30
84,101,29,30
83,99,29,31
84,101,29,29
83,101,29,32
85,100,29,31
85,101,28,29
85,101,26,27
84,100,28,30
84,101,28,31
84,102,28,31
83,101,27,29
85,100,27,30
84,100,27,32
84,99,28,30
84,101,27,30
84,101,25,26
85,99,27,30
82,101,29,31
84,101,29,28
85,101,28,29
84,101,29,31
84,100,30,34
83,100,31,31
84,100,30,31
84,101,29,33
82,99,31,33
83,101,29,28
83,99,26,30
84,101,29,31
84,100,27,31
84,100,26,29
84,100,29,33
83,100,30,31
83,101,29,30
83,101,28,32
85,100,27,30
84,102,28,31
84,100,30,32
85,100,29,31
84,99,29,33
84,100,28,30
84,101,29,30
84,102,26,27
84,100,27,29
84,101,25,29
83,100,25,29
83,100,25,29
85,101,26,28
85,100,26,27
85,102,27,29
84,99,26,28
84,101,26,27
84,99,27,29
84,100,28,30
84,100,24,30
83,100,28,36
83,101,27,32
83,101,26,30
83,100,28,30
84,100,26,27
84,100,26,30
84,99,24,29
83,99,27,31
85,101,25,28
83,100,28,31
83,101,25,27
84,100,24,29
84,100,28,28
83,99,26,31
82,100,28,32
83,101,25,30
84,101,26,28
84,101,28,29
84,101,25,31
84,100,25,30
84,101,27,30
83,100,28,29
84,101,26,29
85,100,25,30
84,99,23,29
83,100,27,29
83,100,26,32
85,100,26,33
85,100,26,32
84,101,24,29
83,101,26,29
85,101,28,29
84,100,26,29
84,102,24,30
83,100,26,29
85,101,25,27
84,100,26,30
85,102,27,30
84,101,26,30
84,99,27,31
83,101,27,28
84,99,24,32
84,101,27,28
84,99,24,29
83,99,26,32
83,100,28,31
84,100,26,28
85,100,27,30
83,101,26,31
84,99,27,32
84,100,28,31
83,100,25,28
83,99,27,31
85,100,25,31
84,100,25,30
83,100,27,30
84,101,28,30
84,100,25,30
83,100,28,29
83,99,29,32
83,100,28,31
83,100,26,28
82,98,28,32
84,101,29,31
83,100,27,29
83,101,27,30
84,100,27,29
85,101,27,31
83,102,28,28
83,100,28,30
83,100,27,29
82,99,29,32
84,101,29,29
85,101,28,30
84,100,27,31
84,100,25,28
84,100,27,31
85,100,24,28
84,101,27,28
84,100,26,29
85,103,27,29
84,100,27,29
83,101,27,29
84,99,27,29
84,101,28,31
83,100,28,28
84,101,27,27
85,101,28,30
84,100,26,30
83,101,26,30
85,101,26,28
85,101,26,30
84,99,27,29
84,99,24,30
84,100,29,28
84,101,28,30
83,99,26,30
83,101,29,32
83,100,27,27
83,101,27,29
84,100,28,29
84,101,27,30
84,99,27,31
84,100,30,30
84,102,27,31
83,99,28,31
83,100,25,31
84,100,27,33
85,100,29,32
83,101,29,34
83,100,28,31
83,100,29,30
84,102,28,33
83,101,28,33
83,100,27,29
84,99,29,32
84,100,27,31
84,99,25,29
84,102,28,30
84,100,27,31
83,101,28,28
84,102,26,30
83,101,24,28
84,100,26,32
84,99,27,32
83,99,26,30
83,100,25,31
84,99,26,29
85,102,26,28
85,100,27,28
83,102,26,30
83,100,29,30
83,100,29,32
82,101,28,28
84,100,29,31
84,101,27,31
84,100,26,31
85,101,26,28
84,100,23,30
83,99,20,33
84,99,26,33
84,99,26,29
84,100,25,30
85,100,27,32
84,99,27,31
84,101,26,30
83,101,28,31
84,101,28,30
83,99,28,30
84,101,25,30
83,100,29,31
83,101,24,29
84,100,26,29
84,101,27,30
83,99,25,33
84,100,27,30
83,102,25,29
83,101,28,31
83,99,26,29
85,102,27,28
85,100,27,30
84,99,27,29
84,101,26,28
83,100,24,29
84,99,28,32
84,100,26,30
83,101,27,31
84,100,27,30
84,100,26,29
84,102,25,29
84,100,23,32
84,100,26,30
83,100,25,31
83,101,28,31
84,100,28,33
84,101,28,30
83,102,26,30
84,101,27,31
84,99,25,30
83,100,28,30
84,101,28,31
83,100,27,28
84,100,28,29
85,102,27,30
84,100,27,29
84,100,25,31
84,100,25,31
82,100,27,32
84,99,26,30
83,100,23,32
83,100,27,31
82,100,26,30
84,100,28,28
84,100,28,30
84,102,26,28
84,100,25,30
85,101,26,31
83,100,26,29
84,101,28,29
85,100,23,29
83,102,24,29
84,100,27,31
83,100,24,30
85,101,27,30
84,99,28,30
84,101,26,31
83,100,25,30
85,99,26,28
83,101,27,31
84,99,25,31
84,101,24,28
86,99,25,31
83,101,28,31
85,101,27,30
84,100,26,27
83,99,28,31
83,102,28,31
84,101,26,30
84,100,26,29
84,102,24,31
84,100,29,32
83,99,26,30
84,99,27,31
84,99,26,31
84,99,27,32
84,101,27,31
84,100,25,29
84,102,27,31
84,100,27,29
84,101,27,30
84,101,24,29
83,100,28,31
83,100,26,28
84,100,28,30
85,102,26,29
84,101,25,29
84,100,26,29
85,100,25,30
84,99,25,30
83,99,26,31
83,101,29,33
84,99,27,29
84,101,26,30
85,99,25,28
85,100,27,29
86,101,26,27
84,100,26,28
85,101,27,28
84,99,27,28
85,100,24,29
83,100,28,32
82,100,28,31
83,100,24,27
85,101,25,29
84,101,24,30
85,100,27,30
83,100,27,30
84,102,28,32
83,100,28,31
84,100,27,31
84,98,28,31
84,100,28,29
84,101,25,28
83,100,27,29
83,100,28,29
83,100,27,30
84,100,28,29
84,100,26,31
83,101,27,30
84,99,28,30
83,101,27,29
83,101,28,28
83,102,25,29
84,101,27,30
84,101,25,27
83,101,24,31
84,101,26,30
85,102,29,30
83,101,27,28
86,101,26,28
83,101,27,30
83,100,26,29
85,101,26,32
84,100,26,28
84,100,26,31
84,100,25,30
84,101,25,29
83,100,27,31
83,101,26,27
84,100,27,30
83,102,25,31
85,100,27,31
85,101,27,30
83,99,28,30
84,101,28,32
83,100,27,29
84,100,27,31
83,99,26,32
84,101,23,29
86,101,26,30
85,99,26,28
83,101,26,30
84,99,28,30
85,102,26,29
85,101,25,28
84,100,27,30
84,101,25,31
83,101,24,28
85,101,26,32
83,101,27,29
84,99,28,31
83,100,28,30
84,99,26,28
84,100,25,27
84,100,25,28
84,102,25,29
84,101,28,29
83,101,28,30
83,103,23,30
85,101,24,30
84,100,29,31
82,102,29,30
84,99,27,31
85,101,26,28
85,102,26,28
84,100,27,28
83,101,25,30
83,101,29,31
83,100,28,30
84,101,23,30
85,101,26,30
83,100,27,28
84,101,25,30
84,100,27,30
83,100,25,30
85,99,25,30
84,102,26,29
85,101,26,28
84,99,26,30
84,100,26,30
83,100,27,31
84,98,27,34
82,100,28,30
83,100,28,30
83,101,26,31
83,100,26,27
85,101,28,29
85,101,26,31
85,100,26,30
84,101,27,30
85,99,26,29
84,101,24,29
82,100,29,30
84,101,26,29
84,99,28,31
83,100,26,28
84,100,28,29
83,100,28,27
84,100,28,30
84,100,26,30
85,101,28,30
84,100,25,28
85,101,26,28
84,99,27,27
85,101,23,27
86,101,25,27
83,99,25,30
85,99,27,29
85,101,24,29
83,100,27,29
84,101,28,30
83,100,26,31
84,100,26,29
85,100,26,30
85,100,26,29
84,101,27,30
84,99,27,31
84,101,24,29
84,100,26,30
84,100,27,29
83,100,29,32
84,101,28,31
85,100,24,28
85,100,27,30
85,99,27,31
83,100,27,30
83,99,27,30
84,99,29,32
83,101,29,32
84,99,27,29
84,101,27,29
84,99,26,32
84,100,26,32
83,99,29,33
83,101,29,32
84,99,28,29
83,100,27,30
83,101,28,30
83,100,25,29
84,101,27,30
84,101,26,29
85,101,26,30
83,99,27,30
83,100,29,31
83,99,29,31
84,101,30,32
84,100,28,29
84,99,28,34
84,100,27,30
83,100,27,31
84,99,28,30
83,101,28,31
84,99,27,32
84,100,28,32
84,100,27,30
84,100,27,28
83,100,29,31
84,100,27,30
83,101,26,29
84,101,29,30
84,99,25,28
83,102,22,30
84,101,28,33
84,100,28,31
83,102,28,28
83,100,27,29
82,102,30,32
83,100,27,30
84,101,26,28
84,99,26,30
82,100,30,31
83,102,27,29
84,101,26,30
83,99,25,30
85,99,28,33
84,99,29,34
85,101,28,28
84,102,28,30
85,100,25,27
84,102,29,31
84,100,26,30
84,101,24,29
84,101,27,32
84,100,24,28
82,100,29,31
85,100,25,31
84,99,24,30
84,99,24,32
85,99,27,30
83,101,28,32
82,100,27,33
84,99,26,28
84,102,27,30
84,100,26,30
83,99,25,30
82,100,30,33
83,101,27,30
84,100,28,31
83,100,28,32
84,101,29,32
83,100,29,32
84,100,26,29
84,101,23,31
84,99,25,30
84,100,27,33
83,100,27,31
85,102,28,29
84,101,27,29
84,100,26,32
83,100,28,29
84,100,28,30
84,101,26,30
84,99,28,31
84,101,27,30
83,99,25,29
83,100,28,30
85,101,29,32
84,100,28,31
84,100,26,31
84,101,26,28
84,101,28,28
84,99,28,31
82,101,29,30
85,100,24,27
84,100,24,31
85,100,26,32
84,99,25,31
83,102,25,29
86,100,26,26
84,100,26,28
85,101,25,29
84,100,29,31
84,101,28,30
84,99,27,31
84,99,25,28
83,100,27,31
83,101,28,31
85,99,26,30
84,101,26,30
83,100,24,29
85,100,26,27
85,100,28,30
85,100,28,31
84,101,28,30
84,100,26,30
84,102,27,30
83,101,27,32
83,100,26,31
83,101,27,30
84,100,26,30
85,100,27,29
84,101,29,31
84,101,25,28
85,102,27,29
84,100,26,29
85,101,30,31
85,101,27,28
83,100,29,33
84,101,28,30
84,101,27,30
84,99,27,31
85,100,26,29
84,100,27,32
83,100,28,33
84,99,26,27
84,100,28,29
84,101,29,28
83,100,28,29
83,101,26,29
83,100,27,30
84,101,28,32
83,101,29,32
85,101,27,29
85,100,23,30
84,102,25,29
84,101,29,33
85,99,24,29
85,101,25,29
84,99,25,29
83,99,26,30
84,102,28,30
84,101,25,30
84,100,27,29
83,101,30,30
83,102,29,29
84,101,25,29
84,100,27,30
84,100,25,31
85,100,25,32
84,100,27,32
84,101,28,33
84,101,28,30
84,101,27,32
84,101,24,29
84,100,26,31
85,99,26,27
84,101,27,30
83,100,29,31
83,101,28,30
83,100,26,29
84,101,28,33
82,100,29,29
84,101,28,29
83,100,27,31
84,100,25,29
84,99,24,29
83,100,28,31
83,99,26,30
83,100,24,32
85,100,25,28
84,101,27,31
83,99,27,29
83,101,28,30
83,100,27,30
85,102,29,29
84,101,27,29
85,100,27,29
85,102,27,29
84,99,28,30
83,100,27,31
85,100,26,29
84,102,26,30
84,100,24,30
83,100,26,30
84,100,25,28
83,100,29,32
84,101,28,30
83,102,28,28
84,100,24,29
85,100,26,31
84,99,28,30
83,101,27,28
83,99,29,32
83,99,28,31
84,101,27,31
84,100,27,28
83,100,26,27
84,101,28,29
84,101,28,31
84,100,28,28
84,101,29,30
84,101,26,30
83,101,24,31
83,99,28,30
82,100,28,31
83,99,25,29
84,100,27,30
84,100,28,30
83,101,27,30
84,101,28,30
84,101,26,28
84,100,26,30
83,99,30,32
83,102,28,30
83,101,28,29
84,100,28,30
83,101,27,31
84,101,29,30
85,99,29,32
83,101,27,30
84,100,27,30
84,99,26,30
83,99,27,29
84,100,29,30
83,100,27,30
84,100,29,26
83,100,27,31
84,99,28,32
82,101,28,30
85,101,28,28
85,100,27,32
84,101,25,31
84,100,28,30
83,101,28,29
83,100,30,31
85,99,27,32
82,100,28,30
85,100,29,31
83,101,29,32
82,101,27,29
83,100,27,30
85,100,28,31
84,101,28,28
84,99,25,31
83,101,26,31
85,100,26,31
84,100,27,30
83,100,25,31
83,99,27,33
84,99,26,33
83,99,26,30
83,100,23,30
84,101,24,31
83,101,27,34
84,99,28,33
85,101,24,30
84,101,25,29
83,99,24,29
85,99,25,32
83,100,27,30
84,101,25,31
84,98,23,32
84,101,25,31
83,100,24,32
84,99,26,30
83,100,25,31
84,100,28,30
83,100,26,34
85,101,20,28
85,99,23,31
84,100,25,31
83,100,23,29
84,99,27,34
84,102,28,32
84,100,28,29
84,101,26,28
83,100,27,30
84,102,29,31
84,100,28,30
85,99,26,29
85,101,27,29
84,100,28,33
85,101,25,29
84,99,26,31
84,101,28,31
84,100,24,31
84,101,29,32
84,101,28,29
83,99,29,32
82,100,30,34
84,99,28,29
83,100,28,32
83,99,29,31
84,100,27,32
83,99,27,31
83,102,28,31
84,100,29,28
85,101,29,31
84,100,29,32
83,100,28,34
84,100,26,32
83,102,25,31
83,100,27,31
83,100,27,30
85,99,27,30
85,102,28,30
84,100,27,29
84,101,28,30
84,100,27,32
82,99,27,31
83,101,26,30
84,99,27,30
83,101,27,30
84,99,28,28
84,102,26,28
84,101,27,30
83,101,27,30
84,101,29,29
85,101,27,29
84,99,27,31
84,99,27,32
85,101,27,33
84,100,26,30
83,101,28,33
84,99,27,32
84,100,27,29
83,101,28,31
83,100,28,31
83,101,29,31
83,100,26,31
84,100,28,32
84,100,26,29
83,100,25,28
85,101,27,31
86,100,24,27
84,101,24,28
83,101,28,31
83,100,25,28
84,102,27,28
84,100,27,31
83,99,26,31
83,101,25,31
84,100,28,30
83,100,26,31
83,100,28,32
82,100,29,30
82,101,27,29
84,102,29,31
82,100,27,29
83,99,26,32
83,101,28,31
85,101,28,31
84,101,29,31
83,101,27,32
84,99,29,29
83,101,28,31
84,101,29,30
83,100,26,30
84,100,28,32
83,99,28,33
82,100,28,31
84,101,26,29
84,99,27,29
83,101,26,27
83,100,26,31
84,102,28,30
84,99,27,29
83,100,26,28
83,100,28,31
84,100,26,29
83,101,26,30
85,100,25,30
83,100,26,30
84,102,26,30
84,101,25,32
84,100,26,31
84,101,26,30
84,100,25,29
83,102,29,32
85,100,26,32
83,101,28,30
83,101,27,29
84,99,27,31
84,102,26,29
84,101,24,27
83,100,26,29
83,101,26,30
84,100,27,33
83,100,26,29
84,100,27,28
83,101,27,30
84,102,27,31
84,101,27,30
83,100,28,32
83,101,27,33
83,101,27,31
85,100,24,28
85,101,26,31
84,100,27,31
84,101,25,28
83,99,26,29
84,101,27,31
84,101,24,28
84,99,28,32
83,100,27,29
83,102,27,30
83,100,29,32
83,100,27,30
83,102,25,28
85,100,26,31
83,99,28,33
82,99,27,31
83,100,29,31
82,102,30,33
82,100,28,33
84,100,26,31
84,99,27,34
83,100,26,28
83,100,28,30
84,101,24,28
86,99,26,29
84,100,28,33
84,101,28,28
84,101,25,32
85,101,26,33
83,100,27,31
84,101,27,32
83,101,27,28
83,101,26,27
85,102,27,29
83,100,28,32
83,100,29,34
82,100,29,33
83,101,27,30
83,100,28,33
83,100,28,32
84,99,28,31
83,101,29,28
84,102,28,30
84,100,25,30
83,100,28,32
83,100,27,31
85,101,27,29
84,101,28,31
84,100,26,29
83,100,27,32
84,100,25,33
84,100,27,30
84,99,25,31
83,100,26,32
84,101,28,32
84,99,26,30
84,101,26,28
85,100,27,29
84,100,26,32
83,101,26,31
84,100,26,29
85,101,25,29
84,99,27,29
84,101,25,30
83,99,27,32
85,101,28,32
83,99,28,32
84,101,26,28
84,101,27,28
84,100,26,32
83,99,26,32
83,99,26,29
83,101,28,31
82,99,29,31
84,101,29,32
84,101,27,30
83,100,28,32
84,100,27,29
84,100,29,32
82,101,27,32
84,101,21,28
86,100,26,25
83,100,28,31
83,99,28,29
85,101,26,32
84,100,26,30
84,99,29,31
83,101,29,30
84,102,27,30
85,100,26,31
84,101,26,31
85,101,27,32
84,101,27,31
83,101,29,32
85,101,24,27
84,101,26,29
84,100,26,29
83,101,28,29
84,100,28,30
82,100,29,30
84,99,26,30
83,100,27,29
85,101,27,32
84,101,28,33
84,101,25,30
84,100,28,32
83,100,29,31
84,99,28,31
84,98,21,33
84,100,25,31
84,99,25,31
84,101,29,31
84,100,28,30
84,100,26,29
84,101,25,32
84,100,27,32
83,100,29,33
84,102,23,28
85,100,24,30
83,100,28,31
84,101,28,32
83,100,26,31
84,102,27,29
84,100,28,30
83,101,27,30
83,100,26,31
82,100,30,33
83,100,29,28
83,101,29,31
85,100,27,28
84,101,27,29
83,101,25,30
83,100,26,30
84,100,27,28
85,101,24,27
85,101,24,31
84,101,28,32
83,100,28,30
83,102,27,30
84,100,27,29
83,99,28,32
84,100,28,31
83,100,28,31
84,100,26,30
83,100,25,28
84,100,25,30
83,100,24,30
84,100,26,33
84,100,28,28
84,101,27,31
83,100,24,30
84,99,26,31
85,100,28,32
83,101,26,30
85,100,27,32
83,99,29,30
83,100,27,30
85,100,27,29
84,102,29,31
84,102,27,28
83,101,29,30
84,100,28,29
84,99,26,31
83,100,28,32
83,100,27,29
83,102,28,29
84,101,27,31
84,101,26,30
84,102,26,29
84,99,26,31
84,101,25,29
83,100,27,30
84,101,26,31
84,101,26,26
84,99,24,31
85,101,27,31
85,100,26,30
84,100,26,30
83,102,26,28
83,100,27,30
84,99,27,31
84,100,28,32
84,102,28,32
83,100,29,30
83,101,28,31
83,99,27,31
85,101,26,30
83,100,27,34
83,100,28,31
83,99,25,30
84,101,28,30
84,101,28,28
84,100,30,30
85,100,29,29
84,100,29,30
84,101,29,30
84,100,28,29
83,100,28,31
84,101,26,29
83,102,28,30
84,100,26,30
84,100,26,30
83,101,25,29
84,99,26,32
84,101,26,31
83,100,26,30
84,102,28,29
84,100,27,33
84,101,27,32
84,100,27,31
84,100,26,31
83,101,27,28
84,102,27,30
84,101,25,30
83,101,27,30
84,99,25,28
83,101,28,30
84,101,23,29
84,99,26,32
83,101,26,33
83,100,30,32
82,100,29,33
83,100,28,32
84,100,26,29
84,100,28,33
84,101,26,30
84,101,23,29
85,101,25,32
84,101,26,32
84,101,24,26
85,101,24,27
83,100,29,31
83,99,29,32
84,101,28,30
84,100,26,32
84,100,29,32
83,100,29,30
84,101,27,30
84,99,27,30
84,102,29,30
84,100,27,26
84,101,25,29
84,100,27,29
84,101,27,30
84,101,25,29
83,101,27,30
83,100,26,29
83,102,28,30
84,99,28,31
84,101,29,31
85,101,26,28
83,100,29,33
83,100,28,32
83,100,24,30
83,99,27,31
84,101,26,31
83,101,28,31
83,99,26,29
85,101,28,29
83,100,28,29
84,100,27,30
84,100,25,31
85,99,27,32
85,101,26,30
83,99,27,31
84,99,25,30
84,101,27,29
84,102,23,29
85,100,25,31
84,99,24,30
85,100,25,32
83,100,28,32
83,100,28,32
83,99,27,31
84,100,27,29
84,99,26,32
83,101,29,33
82,101,28,31
85,100,29,30
83,100,29,32
83,98,30,32
83,101,28,31
85,99,28,30
83,101,27,29
84,100,28,30
85,100,29,32
84,100,28,28
83,100,29,30
85,100,28,25
84,100,27,27
85,101,28,29
84,100,28,29
83,99,28,29
83,101,27,28
83,101,29,31
83,99,28,32
83,100,28,32
84,100,27,32
83,99,27,29
84,99,26,29
84,100,27,31
83,98,28,33
85,100,26,28
84,99,27,30
84,101,26,29
85,100,24,29
83,101,26,30
84,102,28,30
84,102,26,29
84,101,26,29
83,102,26,29
83,101,26,28
82,101,24,31
85,100,24,29
84,101,27,28
85,102,28,30
84,101,27,29
84,101,26,29
83,102,28,28
84,102,24,28
83,100,26,32
84,99,26,27
84,100,27,28
84,100,25,28
84,101,25,30
83,100,25,31
84,100,27,29
83,102,27,30
84,102,27,29
84,99,26,30
85,101,27,30
84,100,25,32
84,99,26,31
84,101,27,31
85,102,26,27
84,99,26,31
84,102,24,27
83,100,27,29
84,100,27,30
83,102,27,31
86,102,23,27
86,101,24,25
83,99,27,29
85,101,27,31
84,100,26,29
83,101,27,29
84,99,27,30
84,101,27,30
85,100,24,31
84,100,27,34
84,100,23,29
85,99,27,32
84,99,26,30
84,102,25,27
85,101,25,27
84,99,23,29
84,100,26,30
84,99,25,31
84,100,25,33
84,99,27,33
84,100,27,32
85,100,25,31
85,100,24,31
84,100,23,30
85,100,26,31
85,101,26,32
83,100,27,30
83,101,25,31
85,99,27,30
83,100,27,30
83,100,29,34
84,100,29,29
85,101,28,33
84,100,29,32
84,99,28,31
84,101,27,31
84,99,23,27
85,100,24,30
83,99,29,33
83,100,28,32
84,101,30,38
84,99,31,37
83,99,29,35
85,100,28,31
83,99,29,34
83,100,28,30
84,102,26,28
84,100,24,28
83,100,28,31
83,99,26,29
84,99,28,31
83,101,31,31
84,100,28,32
83,100,28,30
84,102,31,32
84,101,29,30
84,99,28,32
84,98,28,30
85,99,28,32
84,100,29,31
84,100,29,33
83,101,28,31
85,100,26,29
84,101,26,30
83,102,28,30
85,100,28,29
83,100,28,29
83,101,25,29
84,101,25,28
83,100,26,29
85,100,27,30
84,99,27,29
83,101,26,29
83,100,23,30
86,100,23,26
86,101,26,27
84,101,29,31
83,100,28,32
84,100,27,29
84,102,28,29
84,101,28,27
83,101,29,30
83,101,29,31
84,100,28,31
82,100,29,30
83,101,30,31
83,99,29,32
84,101,27,29
84,101,29,30
83,100,29,32
85,101,27,30
84,101,27,32
83,100,25,29
85,102,26,29
85,100,25,28
84,99,25,28
84,101,27,28
84,101,27,29
84,102,26,30
84,100,26,29
84,98,27,30
83,101,28,29
84,99,29,33
84,101,29,32
83,99,29,31
83,100,28,30
84,101,27,28
84,99,27,29
84,101,26,31
84,100,27,30
84,102,26,31
84,100,26,33
84,99,29,32
84,101,29,32
83,101,28,31
83,100,28,28
83,101,26,29
84,103,26,29
84,101,24,29
85,101,27,31
84,100,27,31
83,100,25,28
84,100,28,30
84,101,27,30
84,100,26,31
83,99,27,31
83,100,26,29
85,102,27,27
84,101,27,27
84,99,26,29
84,99,25,34
82,101,27,33
84,99,27,27
84,101,28,30
84,102,27,29
85,100,25,28
83,100,27,30
84,100,27,28
84,101,27,30
84,99,27,32
83,101,27,30
83,100,26,32
85,99,27,34
84,101,28,30
84,98,26,29
84,101,26,30
84,102,25,29
84,101,28,32
83,100,27,33
84,100,29,34
84,100,27,30
83,102,25,30
84,99,26,31
84,100,25,31
85,101,27,31
85,100,24,31
85,100,24,32
85,100,26,33
84,100,25,31
83,100,25,31
83,100,28,34
82,100,26,30
84,101,26,30
84,102,27,32
84,100,27,32
83,101,27,30
82,100,27,31
84,102,27,30
84,101,26,28
83,100,24,32
84,99,25,30
84,100,23,30
83,100,27,34
82,99,25,31
83,101,26,31
85,102,23,28
84,100,26,30
85,102,25,30
84,101,24,29
85,100,26,32
84,100,26,32
83,100,25,32
86,100,25,30
84,100,26,29
84,100,26,31
83,101,25,30
84,100,27,30
84,99,26,29
83,101,27,30
83,99,26,31
84,99,26,33
85,102,25,31
84,100,25,29
83,101,26,30
84,100,25,32
84,101,26,30
83,102,26,29
84,101,23,30
83,100,26,32
85,100,26,34
84,100,25,28
84,102,21,29
85,100,23,33
84,100,24,29
84,101,25,30
84,100,27,32
84,100,25,28
85,99,25,27
85,101,24,28
84,99,27,32
83,99,28,32
83,100,25,30
85,100,25,33
84,101,25,31
84,99,27,30
84,100,26,30
83,101,28,30
84,100,24,29
84,101,26,33
85,99,26,32
84,100,28,31
83,100,29,28
84,102,28,30
83,99,27,30
83,102,27,30
84,100,28,33
83,100,29,32
84,101,28,29
84,102,27,31
85,100,26,30
84,100,25,28
85,100,27,28
84,100,28,31
83,102,28,28
84,101,26,30
85,100,27,30
84,101,29,32
82,99,29,31
85,100,26,28
83,102,30,33
83,100,29,30
84,101,29,30
84,100,29,32
83,101,29,30
83,99,27,30
82,101,30,34
84,101,31,37
82,99,33,35
84,100,30,33
84,100,31,32
84,103,30,30
84,100,29,30
84,101,29,30
84,99,29,31
84,99,29,32
83,101,29,32
82,98,30,32
83,101,30,31
83,99,30,29
83,100,31,32
83,102,29,28
84,100,29,33
83,101,28,31
84,101,27,29
85,99,26,29
85,99,25,28
85,99,26,29
85,101,25,31
83,100,26,31
84,99,27,33
83,101,28,30
84,99,24,26
84,100,27,30
84,101,25,26
85,100,26,29
84,100,28,31
84,101,29,31
83,99,29,30
84,101,28,29
84,100,29,29
83,99,28,30
84,99,28,29
84,100,28,32
83,100,28,30
84,101,29,29
83,99,29,31
83,101,29,33
83,101,29,32
84,100,27,31
84,101,29,32
84,99,28,31
84,100,28,32
84,100,27,29
84,100,26,30
84,101,25,27
85,102,22,30
83,100,26,29
84,101,27,31
84,101,26,30
83,99,26,33
84,101,27,32
84,101,25,29
85,100,29,33
83,101,30,33
83,101,27,27
83,101,29,31
84,100,27,29
84,102,31,30
84,101,27,29
84,100,27,32
83,100,28,29
84,102,27,30
84,100,25,29
83,101,25,28
84,100,27,27
84,100,25,27
83,100,24,31
85,100,27,29
84,100,28,31
83,100,27,32
85,99,25,30
84,101,27,31
84,99,25,30
84,101,27,28
85,100,26,30
84,99,25,30
84,100,27,30
84,100,28,30
84,102,29,27
82,99,29,33
83,100,28,29
84,101,25,34
83,99,28,30
83,101,29,33
83,99,27,28
85,101,25,28
84,102,26,29
84,101,28,28
84,100,26,27
84,101,25,29
84,100,28,29
83,101,27,31
85,100,28,32
84,102,26,27
83,102,25,29
86,100,25,30
85,102,26,30
84,101,24,30
83,102,27,30
84,100,27,32
83,100,28,36
84,102,22,28
84,101,26,32
83,101,24,31
84,100,27,28
84,101,27,30
84,99,27,33
83,101,29,33
82,99,28,30
83,101,26,30
83,101,28,32
84,101,28,33
85,101,25,31
84,101,25,30
85,100,27,29
84,100,28,31
83,100,26,29
84,101,27,31
84,100,26,32
84,100,27,30
84,100,26,30
83,101,24,30
83,100,27,31
83,101,28,30
83,100,25,28
84,101,28,33
85,100,26,32
84,100,26,32
83,100,24,29
84,101,29,34
82,100,29,31
82,100,27,31
84,102,28,31
84,99,28,30
83,101,27,27
83,102,24,28
83,100,25,25
84,101,25,30
84,101,26,28
85,99,24,28
84,101,26,29
84,100,23,30
83,99,27,32
84,101,26,31
82,99,26,31
84,101,27,28
84,100,23,28
84,100,25,30
84,102,27,30
84,100,25,28
84,100,22,31
84,99,25,30
84,101,24,28
83,100,26,29
83,100,27,25
85,101,24,31
85,100,26,29
85,101,25,30
83,102,25,29
84,101,27,31
83,101,25,28
82,99,28,33
84,100,23,29
84,100,25,30
84,100,24,31
85,101,24,31
84,99,22,28
82,99,26,34
82,100,28,30
84,101,23,28
84,100,24,28
83,101,24,33
84,100,25,31
83,101,24,31
84,100,26,34
84,100,24,31
83,101,25,31
86,100,24,28
84,99,26,30
84,99,23,33
84,100,27,32
83,99,24,29
83,100,27,34
84,100,26,31
85,101,24,31
84,100,24,29
84,100,25,30
84,99,25,31
85,100,25,31
84,100,25,30
84,99,26,32
83,99,27,30
82,100,24,31
85,99,27,30
84,100,26,29
83,100,24,30
83,101,27,32
84,100,23,30
83,100,21,32
83,100,24,31
85,100,25,33
84,100,25,31
85,101,26,31
84,101,23,28
84,100,25,30
83,100,28,31
84,101,27,31
84,101,24,29
84,100,26,30
84,98,26,29
84,100,23,29
83,100,27,30
83,100,26,30
84,101,26,27
85,100,24,30
83,100,24,28
84,100,24,32
83,100,22,30
83,100,24,29
85,101,25,28
84,100,26,26
84,100,27,31
83,101,24,32
85,100,26,31
83,100,28,34
86,100,23,30
84,100,23,29
85,99,25,29
84,101,23,26
84,101,24,27
83,101,25,33
83,99,23,30
85,100,23,33
85,100,25,31
84,100,24,31
83,100,28,31
83,100,25,30
84,101,26,31
83,100,26,29
85,99,26,29
85,101,24,31
84,100,24,29
84,99,24,30
84,101,26,32
83,99,27,30
84,102,27,33
83,100,27,31
82,99,24,29
83,99,24,30
83,100,26,32
85,100,28,29
85,102,27,27
83,100,26,30
84,102,26,29
84,99,21,31
85,100,23,31
84,99,26,32
83,101,26,32
83,101,25,25
83,100,25,26
84,101,26,30
84,101,28,31
83,100,27,31
83,100,27,30
83,101,27,28
84,99,25,27
84,100,23,31
83,100,25,26
85,101,25,30
83,99,24,30
84,100,26,29
84,103,23,28
84,101,25,30
85,99,27,32
84,100,27,30
84,101,28,32
85,101,27,27
83,100,25,28
83,100,25,31
83,100,27,32
85,101,26,27
84,101,29,30
85,100,25,33
84,100,24,30
84,102,26,29
83,100,26,31
84,101,24,30
83,100,28,31
83,99,27,30
84,102,26,27
85,101,28,29
85,100,27,29
85,99,25,32
84,102,23,30
84,101,26,28
84,100,25,28
85,102,22,28
85,101,23,29
84,99,23,28
85,100,26,29
84,100,24,32
83,100,26,31
84,101,28,30
83,101,27,29
83,100,24,30
84,101,24,29
84,100,26,31
84,100,24,32
84,101,26,32
83,100,26,29
83,100,28,33
85,101,26,29
84,99,26,31
84,100,25,32
83,100,23,33
84,101,27,34
83,101,23,29
84,100,25,32
84,99,25,29
85,101,25,29
83,101,26,31
84,100,28,33
84,100,28,31
84,100,27,29
83,101,25,32
83,100,27,33
83,100,26,30
84,100,27,31
84,99,28,32
83,102,26,31
84,99,27,32
82,101,25,31
84,100,26,32
84,101,25,31
84,100,24,32
84,99,27,31
83,102,26,28
84,100,23,33
83,100,28,28
85,101,22,30
83,101,26,29
83,100,26,32
84,100,24,30
83,100,26,32
83,101,26,26
84,101,26,31
83,100,25,29
84,100,26,32
84,102,24,29
85,100,24,28
84,100,26,31
83,99,25,31
85,102,27,29
85,100,27,31
83,99,26,29
83,102,29,32
81,99,30,32
83,100,27,32
84,100,26,30
83,100,26,30
84,101,28,29
84,101,26,31
83,100,26,31
83,101,24,30
84,99,25,32
84,99,27,28
85,100,24,31
83,100,25,32
83,100,26,32
83,99,26,31
83,102,24,27
84,99,26,31
83,102,23,31
83,101,28,34
83,100,26,34
84,99,27,33
83,100,26,32
83,101,27,31
83,100,28,30
83,100,27,31
83,100,25,32
85,101,27,30
84,99,27,30
85,101,28,29
85,101,24,25
84,102,27,28
84,99,24,30
83,100,25,33
85,101,27,32
84,101,26,28
84,101,27,29
83,101,25,30
84,100,28,33
84,101,23,29
83,101,27,31
85,99,26,29
83,101,26,30
83,99,25,30
84,101,27,31
84,99,26,30
83,101,25,30
85,100,26,28
85,101,23,27
85,101,24,27
84,101,23,28
85,100,24,30
85,99,24,28
83,100,25,29
85,101,25,28
84,100,25,31
83,100,25,31
84,100,27,33
84,99,26,33
83,101,26,31
83,101,27,33
83,100,27,33
84,98,26,31
83,101,28,31
83,100,29,31
84,100,29,31
84,101,28,28
84,99,27,32
84,101,30,31
84,100,29,31
83,100,29,32
84,100,29,30
85,101,28,30
84,99,29,32
83,100,29,31
84,100,29,28
84,102,30,31
84,99,28,33
84,100,29,34
84,100,29,29
84,99,29,30
82,100,29,31
84,101,27,29
84,99,27,33
83,99,28,30
84,100,28,31
83,99,29,29
83,101,27,29
83,101,28,28
84,100,29,33
84,99,29,33
83,101,29,33
84,99,28,31
83,101,29,31
83,100,28,31
83,99,28,30
84,101,28,32
83,99,29,32
82,100,29,33
83,100,29,32
85,101,28,29
85,102,28,31
84,99,28,32
84,101,29,32
85,101,28,32
84,100,28,30
84,101,25,26
84,101,24,29
85,101,26,30
84,99,27,31
83,100,29,32
83,99,28,31
83,100,27,29
83,101,29,30
84,100,24,28
84,99,28,32
84,101,27,31
84,100,28,31
83,100,28,26
85,101,24,27
84,100,26,31
83,100,27,32
82,100,28,30
84,99,27,30
84,101,26,32
84,99,27,32
84,100,30,34
83,99,28,33
84,99,27,30
84,99,28,31
84,100,28,33
85,101,29,34
83,101,30,36
82,101,30,31
84,101,24,31
84,100,26,30
84,102,28,31
85,100,27,30
84,101,26,29
84,99,24,29
84,101,28,30
83,99,26,30
84,102,24,28
85,102,24,28
84,101,27,27
84,100,24,27
84,100,25,32
83,101,24,30
83,101,28,33
84,100,25,31
84,99,25,28
84,100,26,32
83,100,24,32
84,100,28,36
83,101,30,32
83,100,28,30
84,101,25,31
83,102,28,30
84,100,27,31
83,100,26,31
84,103,23,27
83,100,25,31
83,100,26,28
83,101,29,28
84,101,25,30
83,102,26,30
83,101,29,32
84,102,28,33
83,100,28,30
83,100,27,29
83,101,29,31
84,99,28,31
84,101,27,32
84,100,26,31
84,101,27,32
83,101,27,32
85,101,28,29
84,100,28,32
83,99,28,29
83,99,28,32
84,101,28,30
84,101,27,31
85,101,26,29
84,100,25,31
83,100,25,29
85,99,26,32
84,102,27,29
85,100,25,28
85,102,24,27
83,100,28,31
83,102,27,30
84,100,28,34
83,102,21,29
84,101,25,30
84,100,25,27
83,102,24,29
84,101,24,30
85,101,25,31
84,101,25,30
83,100,24,28
84,101,25,29
84,100,24,28
83,100,27,31
85,101,27,30
83,101,26,32
84,100,25,30
84,99,26,33
84,101,25,29
84,99,25,31
84,98,26,32
84,102,25,28
84,101,24,30
83,101,25,29
84,101,25,29
84,100,27,28
83,100,24,30
85,99,26,31
83,102,27,30
84,100,25,28
84,101,25,28
84,101,26,28
84,101,27,30
84,101,25,27
84,101,25,27
84,102,25,30
83,100,27,30
83,100,28,30
83,100,27,29
85,101,26,27
82,100,30,31
83,101,28,28
84,101,29,29
84,101,24,32
85,100,27,30
84,101,27,30
84,100,26,30
84,99,27,31
84,101,27,28
84,99,28,31
84,100,26,29
84,102,25,28
84,100,27,28
83,101,26,29
84,101,27,30
83,101,26,29
84,99,27,31
83,100,28,25
83,100,28,28
83,99,26,27
83,100,26,27
83,100,26,30
83,100,27,29
82,102,29,30
84,101,29,30
84,100,27,29
84,101,24,27
83,102,27,31
84,101,26,27
84,102,22,29
84,101,25,29
85,100,26,31
83,101,26,30
83,99,27,30
84,100,28,32
83,100,28,32
84,101,26,29
84,101,24,28
83,100,27,32
84,101,28,31
84,99,26,28
84,101,26,32
83,100,25,28
84,99,25,27
84,101,26,26
84,101,25,30
85,100,26,31
84,100,26,29
83,101,26,29
83,100,27,29
83,99,25,31
83,101,26,27
82,101,28,31
84,99,24,29
84,100,26,30
83,99,24,32
84,100,26,32
84,99,25,29
83,100,25,30
83,100,27,31
83,100,25,32
84,101,26,31
84,100,27,30
83,100,25,31
84,100,28,33
83,100,28,32
83,100,26,30
84,101,27,31
84,100,25,28
84,100,26,32
84,101,24,30
84,100,26,29
84,101,23,27
85,101,25,27
84,99,24,28
83,100,26,30
84,100,27,32
84,99,25,28
84,101,27,31
84,100,25,30
83,100,28,30
84,102,28,29
83,100,26,30
85,99,26,32
83,100,25,33
85,99,26,32
84,100,27,29
83,102,27,29
84,100,24,30
84,100,27,30
84,101,24,30
84,100,26,28
84,99,24,30
84,101,24,32
84,101,24,31
84,101,27,31
84,100,27,31
83,99,26,29
83,101,25,32
85,100,28,29
84,100,25,28
83,100,25,30
83,101,25,36
85,101,25,30
84,100,26,29
84,101,24,30
85,100,25,28
83,99,27,31
84,101,27,30
84,100,25,32
83,99,25,32
83,99,24,30
84,101,25,31
83,100,25,31
83,101,28,30
84,102,26,30
84,100,27,32
84,100,27,30
83,102,25,30
83,100,26,31
83,101,28,32
83,100,23,30
85,99,25,30
84,101,25,28
84,101,24,28
83,100,26,31
82,99,25,32
83,100,27,35
83,98,26,35
84,102,23,31
83,101,27,34
82,101,27,29
82,98,27,30
83,102,27,30
83,101,25,30
83,101,27,32
84,101,28,29
84,100,26,28
84,101,26,29
84,102,27,31
84,100,26,31
84,100,24,30
83,101,29,31
83,99,27,31
83,101,27,31
83,100,27,31
84,100,27,34
83,99,27,31
83,100,29,34
84,100,27,27
85,102,26,28
83,100,27,29
83,101,29,30
84,100,29,31
83,101,29,34
82,100,29,33
85,99,27,30
85,101,27,31
84,100,27,31
84,101,28,32
84,100,24,29
84,99,28,31
83,100,31,32
83,100,31,33
84,99,30,31
84,101,29,33
82,99,29,32
84,99,31,33
83,100,28,30
83,99,27,30
84,100,28,31
84,99,28,32
84,100,30,32
84,100,29,34
84,101,29,29
83,100,26,31
84,100,27,34
83,100,27,29
83,100,28,31
84,100,25,29
84,100,26,31
84,101,24,28
85,100,25,27
84,102,28,30
83,100,25,28
84,99,25,32
83,100,23,33
85,100,25,33
84,101,24,27
85,100,26,29
85,99,24,30
84,101,24,30
83,100,24,29
85,101,27,32
84,100,25,30
84,99,25,29
85,100,27,32
84,102,23,30
84,100,27,33
84,100,25,29
84,101,26,31
84,100,25,31
83,101,28,31
83,100,26,32
84,100,25,28
84,101,24,29
84,102,27,30
84,101,24,29
84,100,26,29
83,101,25,30
84,100,26,29
83,101,24,31
84,99,26,32
84,99,23,27
83,99,24,32
84,100,25,31
83,100,25,29
84,100,26,32
85,100,25,32
83,101,25,32
84,101,26,30
85,102,26,29
83,101,25,31
83,100,23,31
85,99,26,32
83,102,26,28
84,100,25,29
84,100,27,33
83,100,26,30
83,100,26,31
83,99,25,29
83,101,25,28
82,100,25,31
83,99,25,28
84,101,27,28
84,101,25,29
83,100,24,29
84,100,26,30
83,101,24,28
85,99,25,31
85,101,27,27
85,100,25,31
84,99,25,30
84,101,27,29
83,101,26,31
84,102,27,29
83,100,24,27
84,101,27,33
83,100,26,30
84,99,26,29
83,101,27,31
85,100,27,30
84,102,27,34
83,101,28,31
84,100,27,31
85,100,25,26
85,102,24,28
84,100,25,31
83,101,27,27
84,102,28,28
84,100,25,29
84,102,24,29
85,101,26,26
85,99,26,28
84,101,27,29
85,101,26,28
84,100,26,28
83,100,26,31
85,100,27,30
84,102,28,30
85,101,27,29
85,99,27,31
85,99,26,30
84,102,28,29
84,101,28,32
85,100,26,31
83,99,27,31
82,101,28,28
85,100,27,29
84,100,25,31
84,99,23,28
85,101,25,27
84,101,25,30
84,99,25,32
83,101,25,32
83,99,28,32
84,100,24,28
84,101,27,30
83,101,25,31
86,101,24,29
84,99,25,29
84,101,25,29
83,99,26,30
85,101,26,31
84,99,27,30
83,101,26,27
85,101,27,30
83,102,27,31
84,100,26,29
84,101,27,27
85,102,25,27
85,101,25,28
85,100,27,29
85,102,24,29
84,100,27,27
84,101,28,29
84,99,27,30
83,101,27,28
85,99,27,29
85,101,26,27
84,100,27,32
84,99,26,30
83,101,26,30
84,102,23,29
84,101,25,27
85,101,28,31
84,101,28,29
84,101,26,29
83,101,26,29
83,100,27,28
83,101,25,28
85,101,26,28
83,100,27,31
84,101,28,30
85,101,25,31
84,100,25,31
83,100,27,29
84,101,27,30
83,101,25,28
85,100,27,30
83,99,27,30
83,101,27,27
83,101,28,31
83,100,25,28
84,100,27,27
84,101,26,30
84,100,28,34
84,99,28,30
84,101,25,30
83,100,25,29
85,100,25,27
85,100,24,30
84,100,28,32
84,100,27,31
85,100,24,29
84,99,26,34
84,101,23,30
86,100,25,31
84,100,26,30
83,102,24,28
85,100,26,31
84,99,27,32
84,100,26,32
84,99,26,33
85,101,24,27
85,101,25,28
85,100,26,29
85,99,24,27
85,100,26,24
83,101,27,28
84,101,24,28
85,100,26,31
84,100,26,30
84,100,25,28
84,101,25,28
84,101,29,31
85,101,24,28
84,101,23,28
85,99,24,32
83,101,27,32
84,100,28,29
83,100,27,31
84,100,30,31
83,101,29,32
83,100,27,29
85,101,29,31
82,100,30,28
83,101,28,30
83,101,26,27
85,101,28,27
85,100,25,30
84,100,24,31
83,101,27,29
83,100,25,29
84,101,26,30
84,101,25,29
83,100,27,32
84,99,26,31
83,100,27,30
83,100,28,32
84,100,27,29
82,100,26,31
84,100,28,33
84,99,27,30
84,102,28,31
83,99,27,30
84,102,28,31
83,100,26,29
86,101,25,25
84,103,29,31
83,100,29,31
83,100,29,31
83,101,28,31
83,100,27,31
85,101,27,30
84,99,25,29
84,100,27,28
84,102,27,29
83,99,29,31
84,101,29,32
84,99,27,32
84,101,26,30
85,100,23,31
83,100,28,31
83,100,26,31
85,100,28,32
83,99,28,29
84,101,27,30
83,99,28,33
83,101,28,32
84,100,26,31
85,99,25,26
85,101,26,29
85,100,26,31
84,100,27,29
84,100,29,32
84,101,24,27
83,102,26,30
85,100,29,31
84,100,27,28
85,102,28,29
83,101,28,31
82,101,28,33
84,99,26,29
84,101,28,30
84,101,27,30
83,99,29,32
83,101,27,28
84,102,28,30
84,100,26,30
84,99,27,31
84,101,28,29
83,99,27,28
84,102,29,30
83,102,26,27
84,99,28,30
83,100,27,29
84,102,28,29
85,99,27,30
83,101,28,29
84,99,27,29
83,100,27,29
84,102,27,28
83,100,25,28
84,100,26,25
84,101,26,28
84,99,24,28
84,100,25,30
84,99,24,30
84,99,23,29
85,99,25,29
84,101,27,30
84,99,27,29
84,101,25,30
85,101,25,25
86,102,25,29
84,101,26,31
83,100,27,29
83,99,28,33
83,101,28,29
84,100,28,29
85,100,26,33
84,99,28,31
84,101,28,31
84,100,25,29
83,101,28,30
85,100,25,28
85,102,28,27
85,100,26,29
85,99,25,30
83,100,26,30
84,99,25,29
84,102,28,29
84,101,26,27
84,100,27,27
85,100,27,30
83,98,29,32
83,101,25,29
86,100,25,28
84,100,25,28
84,99,27,32
84,101,26,29
83,99,26,30
83,101,30,31
85,101,24,25
84,101,25,27
83,100,29,31
84,99,28,29
84,100,27,29
84,101,27,31
83,99,27,30
84,100,28,32
83,100,29,33
85,100,24,29
85,100,28,30
84,101,28,27
84,100,27,25
84,101,28,28
84,101,26,29
84,100,28,31
83,99,28,29
83,101,29,31
84,99,27,31
83,100,27,27
84,101,22,28
84,101,25,29
83,99,24,30
82,101,29,30
83,100,27,28
83,101,25,29
82,100,27,31
85,100,27,34
83,100,27,30
83,100,27,29
83,100,26,30
83,100,28,30
82,99,27,30
83,100,29,29
84,100,26,28
84,99,24,27
84,101,26,29
84,98,24,30
84,101,25,30
84,99,26,33
83,100,26,31
84,99,25,29
84,100,23,29
83,99,26,33
82,99,27,29
83,101,27,27
84,101,25,30
83,100,27,31
84,99,27,29
85,102,26,26
85,99,24,30
84,100,27,30
83,101,27,31
83,99,26,28
83,101,27,29
84,100,28,29
84,100,26,31
85,101,25,30
83,99,25,31
83,101,28,31
84,100,27,31
84,101,26,29
83,100,24,32
84,99,26,29
85,101,27,29
85,100,25,27
86,101,25,27
