219,221,53,85
222,224,53,90
226,230,52,86
229,241,50,83
230,253,48,84
234,257,46,86
231,257,48,83
236,257,43,85
234,255,44,85
231,257,47,86
234,256,46,84
232,257,46,86
234,255,45,85
232,260,47,84
235,258,45,82
234,261,45,82
234,256,45,85
235,256,43,86
235,253,42,86
235,253,42,86
235,253,42,86
235,253,42,86
235,253,42,86
225,252,51,89
227,260,44,83
225,268,46,73
229,271,43,70
235,276,35,67
243,270,28,70
252,268,23,74
255,266,25,75
252,267,29,76
251,268,30,73
255,269,27,72
255,269,27,72
255,269,27,72
255,269,27,72
255,269,27,72
255,269,27,72
255,269,27,72
255,269,27,72
255,269,27,72
255,269,27,72
255,269,27,72
255,269,27,72
255,269,27,72
255,269,27,72
255,269,27,72
255,269,27,72
255,269,27,72
255,269,27,72
255,269,27,72
255,269,27,72
255,269,27,72
255,269,27,72
255,269,27,72
255,269,27,72
255,269,27,72
255,269,27,72
255,269,27,72
255,269,27,72
259,266,24,76
259,263,23,81
260,261,22,83
260,264,23,80
261,260,24,84
261,260,24,84
261,260,24,84
261,260,24,84
261,260,24,84
261,260,24,84
261,260,24,84
261,260,24,84
261,260,24,84
261,260,24,84
257,266,34,80
249,267,47,81
249,275,48,68
248,272,47,71
250,275,46,69
250,272,45,72
251,271,46,72
250,273,47,71
251,273,46,70
253,265,44,79
254,260,41,85
252,258,44,87
253,258,44,87
252,265,44,80
253,260,44,86
253,259,43,85
253,256,43,93
254,252,42,96
254,253,41,99
253,255,42,95
252,258,41,87
254,263,40,82
257,263,37,83
257,263,36,86
259,266,33,88
264,267,22,90
265,270,20,82
264,275,25,75
258,274,34,72
250,278,43,67
245,272,51,70
247,270,49,75
245,268,49,78
247,268,47,79
245,269,49,80
246,268,49,81
245,269,49,77
245,269,50,78
246,268,48,81
246,263,49,83
248,262,47,84
247,257,47,88
248,252,45,92
247,252,47,101
246,255,47,95
246,253,48,95
245,255,48,94
247,258,47,89
245,265,49,80
246,267,48,79
244,270,51,74
247,269,48,76
244,275,50,70
244,280,51,63
244,281,52,62
244,281,51,62
244,282,51,61
245,286,49,57
244,294,50,49
245,291,48,52
244,285,51,58
248,282,48,61
247,285,51,58
247,293,51,50
245,277,52,66
248,273,50,72
252,268,45,80
257,267,38,84
262,274,31,79
268,279,21,75
266,282,28,71
257,272,38,78
251,271,48,79
251,272,50,79
250,275,54,77
251,274,53,77
251,274,51,79
250,276,54,77
248,281,54,74
250,283,53,71
245,283,59,71
244,261,60,87
251,258,51,98
252,260,50,95
251,259,51,96
251,259,52,97
253,261,49,93
251,262,50,93
251,266,51,89
251,262,52,94
248,264,54,90
246,266,56,90
247,272,54,84
245,275,56,80
244,272,58,82
245,277,57,78
248,271,54,85
250,265,53,89
249,264,54,92
248,265,56,92
249,263,55,91
251,263,52,91
249,262,54,91
251,265,52,92
250,262,51,91
250,266,53,93
250,262,52,90
248,264,53,92
249,263,53,91
250,263,54,92
250,264,53,89
250,264,52,90
250,262,52,91
249,264,54,93
250,262,52,92
249,264,55,90
249,264,54,91
249,265,53,89
249,264,53,90
250,262,51,91
249,265,53,91
250,264,52,90
247,264,56,93
249,265,53,91
249,265,52,90
248,263,56,92
248,267,53,89
249,262,53,92
251,263,51,92
249,264,54,92
247,263,54,91
248,264,55,90
252,266,52,91
249,264,54,90
248,263,56,93
248,263,54,92
251,264,51,91
250,264,52,89
248,265,57,91
251,263,51,92
251,263,53,90
249,267,56,87
249,264,55,91
249,265,54,88
249,265,53,87
248,264,55,92
249,262,54,93
250,264,54,92
250,263,52,90
250,262,51,90
250,265,53,90
250,260,51,90
249,262,50,88
243,259,52,89
238,256,50,92
230,257,48,90
221,258,44,88
212,260,43,84
200,259,39,83
190,251,32,89
178,250,29,90
164,249,34,81
151,239,39,81
137,234,49,80
136,229,49,78
131,223,52,79
133,216,51,81
137,213,49,76
140,207,50,79
153,201,42,80
163,198,38,76
177,191,29,75
189,185,33,77
200,182,36,78
210,180,42,79
218,177,43,80
224,174,48,82
232,176,52,83
238,177,55,82
244,176,49,84
247,176,48,84
248,175,52,84
248,176,51,83
245,171,49,83
242,174,47,85
233,171,54,83
226,173,54,83
222,174,49,82
214,177,50,80
202,181,57,79
195,183,56,82
182,185,60,84
178,189,56,84
173,193,54,84
163,197,55,82
159,198,52,82
160,202,44,83
160,200,36,83
158,202,31,83
156,202,28,84
156,200,27,82
155,199,27,84
151,198,31,84
149,195,32,83
143,196,37,88
137,197,41,89
131,204,43,88
125,213,42,86
119,218,49,88
115,225,47,88
109,232,47,89
105,237,51,88
101,242,51,82
101,243,51,83
103,241,47,85
105,242,48,79
109,244,44,75
118,240,41,74
125,239,42,74
134,235,39,77
144,240,36,71
156,237,34,71
170,237,32,71
183,235,32,74
200,237,25,70
215,233,23,76
226,232,25,73
239,231,24,72
253,231,24,73
265,228,25,71
279,227,24,68
288,227,24,66
296,226,26,65
307,225,25,69
315,225,26,68
319,228,27,65
323,225,24,68
322,231,27,61
321,224,28,65
315,230,30,60
303,234,35,56
294,227,34,63
280,218,39,69
263,214,41,76
247,214,39,79
223,212,49,83
204,215,47,83
177,215,52,88
149,218,53,91
118,225,64,89
97,228,63,92
67,232,71,94
37,238,79,91
15,234,82,96
5,244,75,87
3,245,69,86
3,247,63,87
1,256,63,85
6,258,65,87
15,263,60,83
30,265,57,82
50,266,51,79
71,266,43,75
88,262,42,73
108,257,37,70
130,251,30,67
146,246,32,66
161,238,30,67
178,233,28,64
192,228,27,65
205,226,25,63
216,227,22,61
225,225,23,66
233,229,21,66
239,236,22,68
245,244,20,69
249,255,20,67
251,256,21,66
252,255,20,70
251,254,21,72
251,254,21,72
251,255,22,71
252,252,20,73
252,253,20,72
251,253,21,74
252,253,21,73
251,255,21,71
252,253,20,73
251,253,20,73
251,252,21,73
252,256,21,70
252,253,20,73
251,253,22,73
250,252,22,74
251,253,21,73
251,254,21,73
252,256,20,70
252,253,20,71
250,256,21,69
247,253,25,71
251,253,21,72
251,254,21,72
251,255,21,71
252,255,20,72
252,256,20,70
251,255,21,72
252,256,20,70
251,255,20,69
252,258,19,67
252,254,20,72
252,256,19,70
252,258,21,67
251,257,20,68
252,256,20,69
251,259,20,67
251,256,20,70
251,258,20,67
252,256,20,69
252,256,19,71
252,258,20,68
251,255,21,70
251,254,21,73
250,256,21,70
251,255,20,70
251,253,20,71
251,253,21,73
251,255,21,72
251,254,20,71
251,256,19,69
251,256,20,70
251,254,20,71
251,253,19,73
251,252,20,74
251,252,20,75
251,255,20,71
252,254,20,72
252,252,19,73
252,253,20,73
252,257,20,69
251,256,20,69
250,253,22,73
251,254,21,71
251,254,20,71
252,253,19,72
251,253,20,73
252,252,21,74
250,254,21,73
252,256,21,71
252,256,20,69
251,259,20,66
251,255,20,71
251,256,20,69
252,258,20,67
250,257,21,69
251,260,21,66
251,259,20,66
251,261,21,63
251,260,22,65
249,257,23,67
251,257,22,67
251,256,20,68
252,255,20,70
250,256,22,69
251,256,21,69
249,256,21,69
244,259,26,66
238,262,28,61
230,258,37,63
230,258,37,63
230,258,37,63
230,258,37,63
230,258,37,63
230,258,37,63
230,258,37,63
230,258,37,63
230,258,37,63
230,258,37,63
230,258,37,63
230,258,37,63
230,258,37,63
230,258,37,63
230,258,37,63
230,258,37,63
230,258,37,63
230,258,37,63
230,258,37,63
230,258,37,63
230,258,37,63
230,258,37,63
230,258,37,63
230,258,37,63
230,258,37,63
230,258,37,63
230,258,37,63
230,258,37,63
230,258,37,63
230,258,37,63
230,258,37,63
230,258,37,63
230,258,37,63
230,258,37,63
230,258,37,63
185,272,48,60
185,272,48,60
185,272,48,60
191,264,47,57
193,268,37,52
184,269,29,50
165,258,30,57
143,246,37,63
124,236,46,60
115,222,50,66
114,217,52,63
117,200,54,75
129,195,50,75
144,189,45,79
151,183,51,79
156,176,53,79
155,168,58,80
152,163,59,76
146,156,56,79
137,145,49,85
121,142,56,85
106,141,60,85
97,144,59,84
84,149,62,81
74,154,70,80
74,159,63,80
73,161,64,87
77,168,60,87
88,170,53,90
94,183,48,80
98,186,42,83
96,188,42,86
89,187,42,87
77,191,41,80
67,187,48,81
59,181,54,82
56,158,61,97
61,143,69,91
67,123,72,88
81,99,73,81
92,80,79,89
94,66,96,98
92,59,88,102
83,43,88,101
