317,255,33,28
318,253,29,26
318,254,31,27
316,252,30,28
317,254,31,26
317,254,31,28
318,253,30,27
317,253,30,28
317,252,32,28
317,253,31,29
317,253,30,29
318,254,31,27
316,254,31,26
319,252,30,27
318,253,31,28
317,252,32,28
315,254,32,29
318,253,30,26
316,253,30,27
318,255,31,26
317,251,30,29
316,253,32,28
318,253,30,29
318,251,29,29
317,252,31,28
317,252,30,29
318,252,32,27
318,253,30,28
316,250,30,29
318,250,29,30
317,250,30,31
318,246,31,34
318,242,32,38
317,245,31,37
317,245,29,38
313,243,30,40
312,242,31,42
314,237,27,38
314,237,27,38
314,237,27,38
317,224,28,33
317,224,28,33
323,219,27,25
323,219,27,25
323,219,27,25
323,219,27,25
323,219,27,25
323,219,27,25
323,219,27,25
323,219,27,25
323,219,27,25
323,219,27,25
323,219,27,25
323,219,27,25
323,219,27,25
323,219,27,25
323,219,27,25
323,219,27,25
323,219,27,25
323,219,27,25
323,219,27,25
323,219,27,25
323,219,27,25
323,219,27,25
323,219,27,25
323,219,27,25
323,219,27,25
323,219,27,25
323,219,27,25
323,219,27,25
323,219,27,25
323,219,27,25
323,219,27,25
323,219,27,25
323,219,27,25
323,219,27,25
323,219,27,25
323,219,27,25
323,219,27,25
323,219,27,25
323,219,27,25
323,219,27,25
323,219,27,25
323,219,27,25
323,219,27,25
323,219,27,25
323,219,27,25
323,219,27,25
323,219,27,25
323,219,27,25
323,219,27,25
323,219,27,25
323,219,27,25
323,219,27,25
323,219,27,25
323,219,27,25
323,219,27,25
323,219,27,25
323,219,27,25
323,219,27,25
323,219,27,25
323,219,27,25
323,219,27,25
323,219,27,25
323,219,27,25
323,219,27,25
323,219,27,25
323,219,27,25
323,219,27,25
323,219,27,25
323,219,27,25
323,219,27,25
323,219,27,25
323,219,27,25
323,219,27,25
323,219,27,25
323,219,27,25
323,219,27,25
323,219,27,25
323,219,27,25
323,219,27,25
323,219,27,25
323,219,27,25
323,219,27,25
323,219,27,25
323,219,27,25
323,219,27,25
323,219,27,25
323,219,27,25
323,219,27,25
323,219,27,25
323,219,27,25
323,219,27,25
323,219,27,25
323,219,27,25
323,219,27,25
323,219,27,25
323,219,27,25
323,219,27,25
323,219,27,25
323,219,27,25
323,219,27,25
323,219,27,25
323,219,27,25
323,219,27,25
323,219,27,25
323,219,27,25
323,219,27,25
323,219,27,25
323,219,27,25
323,219,27,25
323,219,27,25
323,219,27,25
323,219,27,25
323,219,27,25
323,219,27,25
323,219,27,25
323,219,27,25
323,219,27,25
323,219,27,25
323,219,27,25
323,219,27,25
323,219,27,25
323,219,27,25
323,219,27,25
323,219,27,25
323,219,27,25
323,219,27,25
323,219,27,25
323,219,27,25
323,219,27,25
323,219,27,25
323,219,27,25
323,219,27,25
323,219,27,25
323,219,27,25
323,219,27,25
323,219,27,25
323,219,27,25
323,219,27,25
323,219,27,25
323,219,27,25
323,219,27,25
323,219,27,25
323,219,27,25
323,219,27,25
323,219,27,25
323,219,27,25
323,219,27,25
323,219,27,25
323,219,27,25
323,219,27,25
323,219,27,25
323,219,27,25
323,219,27,25
323,219,27,25
323,219,27,25
323,219,27,25
323,219,27,25
323,219,27,25
323,219,27,25
323,219,27,25
323,219,27,25
323,219,27,25
323,219,27,25
323,219,27,25
323,219,27,25
323,219,27,25
323,219,27,25
323,219,27,25
323,219,27,25
323,219,27,25
323,219,27,25
323,219,27,25
323,219,27,25
323,219,27,25
323,219,27,25
323,219,27,25
323,219,27,25
323,219,27,25
323,219,27,25
323,219,27,25
323,219,27,25
323,219,27,25
323,219,27,25
323,219,27,25
323,219,27,25
323,219,27,25
323,219,27,25
323,219,27,25
323,219,27,25
323,219,27,25
323,219,27,25
323,219,27,25
323,219,27,25
323,219,27,25
323,219,27,25
323,219,27,25
323,219,27,25
323,219,27,25
323,219,27,25
323,219,27,25
323,219,27,25
323,219,27,25
323,219,27,25
323,219,27,25
323,219,27,25
323,219,27,25
323,219,27,25
323,219,27,25
323,219,27,25
323,219,27,25
323,219,27,25
323,219,27,25
323,219,27,25
323,219,27,25
323,219,27,25
323,219,27,25
323,219,27,25
323,219,27,25
323,219,27,25
323,219,27,25
323,219,27,25
323,219,27,25
323,219,27,25
323,219,27,25
323,219,27,25
323,219,27,25
323,219,27,25
323,219,27,25
323,219,27,25
323,219,27,25
323,219,27,25
323,219,27,25
323,219,27,25
323,219,27,25
323,219,27,25
323,219,27,25
323,219,27,25
323,219,27,25
323,219,27,25
323,219,27,25
323,219,27,25
323,219,27,25
323,219,27,25
323,219,27,25
323,219,27,25
323,219,27,25
323,219,27,25
323,219,27,25
323,219,27,25
323,219,27,25
323,219,27,25
323,219,27,25
323,219,27,25
323,219,27,25
323,219,27,25
323,219,27,25
323,219,27,25
323,219,27,25
323,219,27,25
323,219,27,25
323,219,27,25
323,219,27,25
323,219,27,25
323,219,27,25
323,219,27,25
323,219,27,25
323,219,27,25
323,219,27,25
323,219,27,25
323,219,27,25
323,219,27,25
323,219,27,25
323,219,27,25
323,219,27,25
323,219,27,25
323,219,27,25
323,219,27,25
323,219,27,25
323,219,27,25
323,219,27,25
323,219,27,25
323,219,27,25
323,219,27,25
323,219,27,25
323,219,27,25
323,219,27,25
323,219,27,25
323,219,27,25
323,219,27,25
323,219,27,25
323,219,27,25
323,219,27,25
323,219,27,25
323,219,27,25
323,219,27,25
323,219,27,25
323,219,27,25
323,219,27,25
323,219,27,25
323,219,27,25
323,219,27,25
323,219,27,25
323,219,27,25
323,219,27,25
323,219,27,25
323,219,27,25
323,219,27,25
323,219,27,25
323,219,27,25
323,219,27,25
323,219,27,25
323,219,27,25
323,219,27,25
323,219,27,25
323,219,27,25
323,219,27,25
323,219,27,25
323,219,27,25
323,219,27,25
323,219,27,25
323,219,27,25
323,219,27,25
323,219,27,25
323,219,27,25
323,219,27,25
323,219,27,25
323,219,27,25
323,219,27,25
323,219,27,25
323,219,27,25
323,219,27,25
323,219,27,25
323,219,27,25
323,219,27,25
323,219,27,25
323,219,27,25
323,219,27,25
323,219,27,25
323,219,27,25
323,219,27,25
323,219,27,25
323,219,27,25
323,219,27,25
323,219,27,25
323,219,27,25
323,219,27,25
323,219,27,25
323,219,27,25
323,219,27,25
323,219,27,25
353,234,29,25
354,234,29,22
353,236,28,19
352,236,29,20
350,236,30,19
350,236,30,19
350,236,30,19
350,236,30,19
350,236,30,19
342,234,31,18
342,234,31,18
339,234,31,19
339,234,31,19
339,234,31,19
340,232,26,21
339,232,26,18
341,232,24,18
341,232,24,18
341,232,24,18
343,231,20,18
342,232,19,14
343,234,20,14
343,234,20,14
343,234,20,14
342,232,20,16
344,232,20,15
344,232,20,15
344,232,20,15
343,233,19,15
345,231,17,16
343,233,19,17
343,234,20,14
343,233,19,16
341,233,20,15
343,235,18,14
343,235,17,15
342,234,17,14
343,234,17,15
341,234,18,15
342,232,17,15
340,232,19,16
341,231,16,16
339,231,17,17
342,230,14,16
341,232,12,16
341,230,13,17
341,231,12,16
340,230,12,16
342,229,11,16
341,229,11,15
340,230,11,15
339,230,12,16
339,230,12,16
339,230,12,16
339,230,12,16
339,230,12,16
339,230,12,16
339,230,12,16
339,230,12,16
339,230,12,16
339,230,12,16
339,230,12,16
339,230,12,16
339,230,12,16
339,230,12,16
339,230,12,16
339,230,12,16
339,230,12,16
339,230,12,16
339,230,12,16
339,230,12,16
339,230,12,16
339,230,12,16
339,230,12,16
339,230,12,16
339,230,12,16
330,248,10,16
330,248,10,16
330,248,10,16
330,248,10,16
330,248,10,16
330,248,10,16
330,248,10,16
330,248,10,16
330,248,10,16
330,248,10,16
330,248,10,16
330,248,10,16
330,248,10,16
330,248,10,16
330,248,10,16
330,248,10,16
330,248,10,16
330,248,10,16
330,248,10,16
330,248,10,16
330,248,10,16
330,248,10,16
330,248,10,16
330,248,10,16
330,248,10,16
330,248,10,16
330,248,10,16
330,248,10,16
330,248,10,16
330,248,10,16
330,248,10,16
330,248,10,16
335,243,11,17
335,243,12,17
335,243,12,16
336,242,12,17
334,242,13,19
335,242,12,19
335,242,12,19
335,242,12,19
336,242,13,20
337,242,12,20
335,242,14,19
335,241,13,18
334,241,14,19
336,241,12,20
337,242,12,19
335,242,13,20
336,243,13,19
336,242,13,20
335,243,13,21
336,243,12,20
334,244,14,18
333,243,13,20
334,244,13,19
335,244,12,18
334,245,13,18
334,245,13,19
334,245,13,17
334,245,12,17
332,247,13,18
333,247,12,16
334,246,11,15
334,243,11,17
336,243,10,18
334,241,12,19
332,242,12,17
334,242,13,18
334,244,12,17
334,245,12,17
334,245,11,16
334,244,12,16
333,245,12,16
332,245,14,17
333,244,13,19
334,244,11,17
335,244,11,16
334,244,12,17
334,243,12,20
333,243,13,20
333,244,12,21
330,244,14,20
331,243,15,18
328,245,18,17
333,245,15,15
332,244,13,16
334,243,12,16
335,244,11,17
335,243,12,18
333,242,13,17
335,242,12,19
335,242,11,19
335,244,11,17
336,246,11,16
336,247,12,15
335,246,12,16
335,246,12,17
334,246,12,17
335,243,11,17
335,244,12,18
334,242,11,20
333,244,13,18
335,245,12,17
335,242,11,19
335,242,11,18
334,245,12,19
335,243,12,19
335,244,12,18
336,243,11,19
337,243,11,18
336,243,10,18
336,243,11,18
337,244,10,17
336,243,9,19
334,242,12,18
335,243,10,18
334,241,13,19
332,242,15,20
350,239,17,20
331,241,17,18
328,243,19,19
318,247,21,20
316,245,18,23
317,244,15,26
316,245,15,23
315,243,17,27
315,243,17,27
314,245,19,25
313,244,19,25
314,246,18,23
313,244,19,25
315,244,17,24
315,247,16,22
314,245,16,22
316,247,15,22
315,246,17,20
317,245,16,20
318,246,14,21
318,246,14,22
318,245,14,23
315,246,16,23
314,247,15,22
318,246,12,24
320,247,12,23
322,247,8,23
322,245,9,24
322,246,10,23
321,246,11,24
321,246,11,24
324,245,8,24
324,246,9,23
323,247,10,23
322,245,10,23
322,247,10,23
323,246,9,24
320,245,12,24
319,244,11,25
320,247,10,23
318,248,13,22
316,246,13,24
315,244,14,26
312,244,17,27
311,245,17,26
309,245,17,26
308,246,15,27
306,245,17,26
303,245,18,25
304,244,15,26
306,241,14,25
332,240,17,21
332,242,14,17
332,242,14,17
332,242,14,17
332,242,14,17
332,242,14,17
332,242,14,17
332,242,14,17
332,242,14,17
332,242,14,17
332,242,14,17
332,242,14,17
332,242,14,17
332,242,14,17
332,242,14,17
332,242,14,17
332,242,14,17
332,242,14,17
332,242,14,17
332,242,14,17
332,242,14,17
332,242,14,17
332,242,14,17
332,242,14,17
332,242,14,17
332,242,14,17
332,242,14,17
332,242,14,17
332,242,14,17
332,242,14,17
332,242,14,17
332,242,14,17
332,242,14,17
332,242,14,17
332,242,14,17
332,242,14,17
332,242,14,17
332,242,14,17
332,242,14,17
332,242,14,17
332,242,14,17
332,242,14,17
332,242,14,17
332,242,14,17
332,242,14,17
332,242,14,17
332,242,14,17
332,242,14,17
332,242,14,17
332,242,14,17
332,242,14,17
332,242,14,17
332,242,14,17
332,242,14,17
332,242,14,17
332,242,14,17
332,242,14,17
332,242,14,17
332,242,14,17
332,242,14,17
332,242,14,17
332,242,14,17
332,242,14,17
332,242,14,17
332,242,14,17
332,242,14,17
332,242,14,17
332,242,14,17
332,242,14,17
296,253,15,17
290,255,17,17
288,255,17,16
289,257,18,15
288,256,18,15
287,256,19,15
286,257,22,15
284,254,24,17
284,256,24,17
283,255,25,17
284,256,24,16
284,255,25,15
283,256,24,15
285,256,25,15
285,255,25,15
285,256,25,15
285,256,25,16
284,255,26,15
284,255,25,16
284,257,25,17
284,257,25,16
284,257,26,15
285,256,25,16
283,254,25,18
284,255,26,16
284,256,25,16
285,253,26,18
283,254,28,18
284,251,29,20
282,249,31,22
289,248,26,22
293,245,24,26
294,243,24,28
296,243,25,28
294,242,30,28
296,243,29,26
299,244,26,27
297,243,29,27
297,243,30,26
298,240,34,28
297,244,28,26
299,245,27,26
300,245,28,24
297,250,31,19
296,248,32,19
297,246,32,22
297,244,34,23
298,244,35,24
299,244,34,24
299,243,37,24
300,245,36,23
300,245,38,23
299,245,39,22
300,245,39,22
300,245,41,23
299,244,41,23
300,245,41,22
301,245,41,23
300,244,41,23
301,244,41,24
301,244,40,21
299,243,42,23
300,246,41,22
301,244,40,25
302,242,41,24
300,243,42,25
300,244,41,22
302,243,41,21
300,241,43,24
299,243,43,22
300,242,44,21
298,242,45,23
299,241,45,23
297,240,46,23
299,242,46,22
297,241,46,23
298,243,47,22
298,241,48,22
298,241,46,22
299,242,43,23
298,242,46,21
299,242,45,23
296,243,47,20
297,242,48,21
297,241,47,21
298,242,46,22
297,241,48,19
297,242,45,20
298,242,47,25
298,242,46,27
297,241,48,26
299,242,47,21
304,242,42,25
300,241,44,23
298,241,45,25
299,243,47,21
298,244,47,25
296,241,49,26
298,242,47,25
298,243,46,23
298,242,48,24
301,243,47,22
297,243,47,23
298,242,47,23
297,243,48,25
299,243,45,23
299,243,46,23
300,243,46,22
300,242,45,21
299,242,47,24
299,242,47,22
298,242,46,22
300,243,46,25
300,241,46,24
299,242,47,24
297,243,49,25
296,241,48,25
296,243,48,20
298,242,47,17
301,242,46,16
297,243,48,15
299,242,46,13
299,243,48,15
297,242,47,15
298,243,48,15
299,242,47,14
300,241,46,14
302,242,45,16
300,243,48,13
304,244,44,13
299,244,46,13
301,242,46,13
301,241,46,15
302,241,44,17
302,242,45,17
301,242,46,14
299,241,47,18
299,244,49,14
299,243,49,16
302,243,46,14
299,243,49,18
299,243,50,23
300,242,50,20
297,238,51,26
297,242,51,23
296,242,52,24
298,243,50,23
298,242,50,26
296,243,52,24
297,243,53,23
297,242,51,24
297,242,52,24
296,241,53,24
295,243,51,21
296,242,52,23
296,242,51,24
295,242,51,23
297,241,51,25
296,242,51,25
297,242,51,24
298,241,51,24
297,242,51,24
297,243,51,23
297,243,52,23
295,243,50,23
297,242,52,24
296,242,50,23
295,242,52,24
296,241,52,25
297,241,50,23
295,241,51,23
297,240,50,24
295,241,50,23
296,241,48,23
295,241,48,23
294,241,49,24
293,241,51,23
295,241,49,24
296,241,48,25
295,241,50,25
296,240,49,24
297,241,48,25
297,241,47,25
297,240,47,25
296,241,48,25
297,241,48,24
296,238,47,26
296,240,48,24
296,241,48,24
297,242,49,24
296,242,48,24
297,242,49,24
295,241,47,25
295,242,44,25
296,237,44,28
298,240,44,26
296,242,42,24
296,236,39,30
298,236,40,29
297,238,45,25
296,238,46,25
298,239,45,24
299,238,45,26
298,237,46,26
296,235,46,27
298,234,46,31
296,233,47,30
297,230,48,34
298,229,47,36
298,229,49,36
299,225,49,39
298,225,47,40
298,227,47,38
298,227,47,35
297,235,43,31
300,228,41,35
298,225,42,39
300,225,42,41
298,219,39,46
298,219,38,44
299,224,41,44
300,231,40,41
301,234,42,34
297,242,36,26
297,243,32,23
296,244,31,19
295,245,32,20
297,245,31,19
297,245,33,20
296,244,33,19
297,245,31,19
297,244,32,19
295,244,33,20
297,245,34,19
297,244,33,20
296,245,32,20
296,244,34,20
297,242,33,22
296,244,32,19
296,244,32,22
298,244,32,21
296,243,33,21
296,244,34,20
298,243,32,22
297,243,34,22
297,245,32,20
297,245,33,20
296,243,34,22
296,244,34,20
296,244,34,21
298,245,33,20
295,245,34,20
295,243,33,22
295,243,34,22
297,244,33,21
296,244,33,22
296,242,32,23
296,244,32,23
297,243,32,22
296,242,32,22
297,243,32,21
298,243,31,20
297,242,33,22
299,244,31,20
297,243,29,20
299,243,29,21
297,244,30,22
298,243,31,22
298,244,30,21
300,244,30,23
301,244,32,23
300,243,38,23
300,242,44,23
298,241,49,25
299,241,46,24
299,241,52,23
299,241,53,24
297,241,52,23
297,241,48,23
297,243,45,22
297,243,44,22
297,244,42,23
296,244,42,22
295,244,42,22
295,243,44,25
296,242,44,25
292,242,46,27
293,243,47,25
294,242,49,26
293,244,51,24
291,244,49,25
291,244,48,25
295,245,45,24
294,242,44,23
288,245,48,23
287,244,51,25
288,244,48,26
286,245,51,24
287,244,51,26
286,244,53,26
287,245,50,26
289,246,49,26
288,245,50,26
285,245,52,25
284,245,55,25
285,245,55,26
287,244,56,27
288,243,55,28
288,243,57,27
286,242,59,31
284,240,65,31
286,240,68,31
286,240,68,31
286,240,68,31
286,240,68,31
286,240,68,31
286,240,68,31
286,240,68,31
286,240,68,31
286,240,68,31
286,240,68,31
286,240,68,31
286,240,68,31
286,240,68,31
286,240,68,31
286,240,68,31
286,240,68,31
286,240,68,31
286,240,68,31
286,240,68,31
286,240,68,31
286,240,68,31
286,240,68,31
286,240,68,31
286,240,68,31
286,240,68,31
286,240,68,31
286,240,68,31
281,243,72,28
281,243,72,28
281,243,72,28
281,243,72,28
281,243,72,28
281,252,68,27
281,252,68,27
283,250,67,30
281,250,77,30
282,246,79,36
291,229,70,48
297,214,62,57
293,229,60,67
288,216,69,78
260,302,65,59
260,302,65,59
260,302,65,59
168,251,55,52
168,251,55,52
168,251,55,52
261,304,60,55
261,304,60,55
261,304,60,55
261,304,60,55
261,304,60,55
191,262,65,50
144,183,53,48
148,189,46,40
193,269,51,34
193,269,51,34
194,278,51,35
193,278,37,36
198,278,30,39
202,276,27,40
206,279,27,38
206,279,27,38
140,238,35,39
139,246,39,30
138,248,42,25
138,248,42,25
138,249,41,25
137,248,40,27
139,250,39,26
138,250,40,24
139,250,40,24
137,249,41,24
138,250,42,24
138,251,41,23
137,249,40,24
139,251,40,22
138,249,41,26
138,249,40,25
137,250,42,24
137,250,41,24
138,250,40,23
139,250,39,25
139,250,40,24
137,251,39,24
137,250,40,25
137,251,40,25
138,252,40,24
138,251,39,24
137,253,39,22
137,252,40,23
138,250,39,24
138,251,40,23
137,251,39,24
137,251,41,25
138,252,40,23
138,250,39,26
138,252,39,23
138,250,39,27
138,252,39,22
138,252,39,22
138,251,39,23
138,253,40,21
138,250,40,24
138,251,39,23
137,251,40,24
137,251,39,24
137,253,39,24
139,250,40,24
138,250,39,26
138,249,40,25
137,251,40,24
138,252,39,23
137,250,39,25
136,252,39,21
137,252,41,23
137,251,39,22
137,252,40,23
137,252,40,24
138,252,39,22
139,253,38,22
139,252,39,24
138,252,39,23
138,251,39,25
138,253,40,22
139,253,40,23
138,251,40,23
136,251,40,24
138,251,39,24
138,253,39,22
139,251,39,23
138,250,40,26
138,251,39,24
138,253,39,22
138,254,39,22
137,251,39,23
138,250,39,26
137,250,39,26
137,253,38,23
137,252,40,21
138,252,39,21
139,255,39,18
138,253,40,20
137,252,40,22
138,251,40,25
138,250,38,23
137,249,40,24
138,251,40,26
139,253,40,22
138,253,39,20
138,252,39,23
139,251,38,25
137,251,40,23
138,252,39,23
138,252,39,23
138,252,40,24
138,254,41,21
138,252,40,26
137,251,41,24
136,252,41,22
137,252,40,24
138,251,40,26
138,251,40,24
139,252,39,24
139,252,40,21
137,249,40,26
137,250,39,26
137,252,41,23
138,253,40,20
137,252,39,22
139,254,39,20
136,256,40,18
138,252,39,23
136,250,39,24
138,253,39,22
139,252,40,21
138,251,39,23
138,252,40,20
139,254,39,20
139,254,40,19
139,253,40,21
138,256,40,18
138,252,39,20
138,251,38,25
138,252,40,23
139,252,38,23
138,252,38,22
139,252,39,21
138,251,40,21
138,251,38,22
138,255,38,20
137,252,40,20
137,253,40,21
138,251,40,23
137,254,39,19
138,252,40,23
139,254,38,20
139,252,38,21
138,252,39,21
138,252,38,23
139,254,38,18
139,251,39,21
139,254,39,20
138,252,39,21
139,252,39,25
139,252,41,24
139,253,39,23
138,252,41,22
139,254,40,21
139,251,40,23
138,252,39,21
138,252,38,22
138,252,38,23
137,254,38,19
138,251,40,23
139,253,39,22
138,252,39,22
139,251,38,22
139,252,39,22
138,256,39,17
138,254,38,19
137,252,39,21
139,253,38,18
138,255,38,19
137,254,39,20
139,256,39,18
138,253,39,19
138,256,39,18
139,254,39,19
139,252,39,21
138,251,40,23
138,254,40,19
138,251,37,24
138,251,37,24
136,253,39,22
137,252,40,20
138,253,39,21
138,252,38,22
138,254,39,20
139,252,39,22
139,251,39,22
138,256,39,18
137,256,39,17
139,254,39,19
138,257,39,17
136,253,40,20
138,255,40,20
137,253,40,21
140,254,38,19
137,256,39,18
137,254,41,18
139,254,40,21
138,253,38,22
138,251,39,23
138,255,39,20
138,251,39,23
138,253,39,20
138,251,40,23
138,254,40,21
138,253,38,19
136,256,40,17
138,254,39,19
139,253,39,20
138,252,39,21
139,257,39,16
138,252,38,21
138,255,40,19
137,253,40,21
139,253,39,21
137,255,39,19
139,253,39,21
137,252,39,22
138,253,38,21
137,254,38,21
138,253,39,22
138,251,39,23
139,253,39,20
139,253,38,21
138,253,39,20
139,256,40,17
137,253,38,21
138,254,40,19
137,253,40,22
138,253,39,22
138,253,39,21
138,251,39,23
138,255,40,20
138,252,39,22
139,255,38,21
137,253,39,21
138,254,39,18
138,256,40,17
139,255,40,19
138,253,41,22
139,256,39,20
140,255,41,18
137,254,40,19
139,254,38,21
137,256,39,17
137,256,39,16
138,256,40,18
138,257,40,15
139,257,40,14
138,256,40,16
138,255,40,20
138,252,41,22
138,253,39,21
138,254,38,20
139,254,39,19
138,255,39,20
137,255,40,20
138,255,40,17
138,256,40,18
139,256,39,15
137,256,41,17
137,252,39,22
137,255,41,18
139,254,39,20
137,254,40,20
138,255,40,18
138,257,39,18
138,253,40,20
138,252,41,23
138,253,38,22
137,252,39,22
138,253,40,21
137,252,40,23
137,252,39,24
138,257,40,18
138,256,40,18
139,254,40,19
139,256,39,19
138,255,39,20
137,251,40,23
138,254,40,20
139,253,39,21
138,254,40,22
137,254,40,19
138,257,41,18
138,254,40,18
138,253,39,21
138,253,40,24
138,250,42,24
139,253,39,21
138,253,41,20
139,253,40,21
137,255,40,18
137,252,40,23
139,253,41,20
138,254,39,18
137,253,38,20
138,250,40,25
137,253,40,23
140,253,39,23
137,251,39,22
138,253,41,20
138,255,39,20
136,252,40,20
138,256,40,18
139,256,39,18
138,257,39,16
139,256,38,18
138,255,39,19
138,253,40,19
137,253,40,22
138,257,39,17
138,252,39,21
139,257,39,17
137,257,40,17
137,257,40,17
138,257,40,17
138,257,40,17
138,256,39,19
139,255,39,18
137,256,40,18
138,256,39,16
139,257,39,17
136,256,40,19
138,251,41,25
139,253,40,21
139,255,38,19
139,256,39,19
138,257,39,18
138,257,40,17
138,256,39,20
137,253,41,22
138,255,39,21
139,251,40,25
138,253,41,21
137,257,41,18
139,253,40,22
139,257,39,18
137,257,40,18
139,256,40,19
139,255,39,21
136,251,41,24
138,253,38,21
138,255,40,19
138,255,40,18
138,255,40,20
138,248,40,26
138,250,40,24
138,250,40,25
137,250,37,26
137,253,39,22
137,254,41,19
140,252,39,22
137,250,41,25
139,251,40,25
136,251,41,23
137,254,40,21
136,251,39,23
138,256,40,19
138,256,40,16
138,258,40,16
137,257,40,17
136,257,40,16
136,257,40,18
139,256,40,20
139,250,40,25
137,253,40,21
138,255,40,18
139,255,39,20
138,255,40,21
137,253,40,21
139,252,41,23
139,255,40,21
138,252,39,22
137,255,39,19
138,253,40,20
137,255,40,19
139,255,39,17
137,255,40,17
139,257,40,17
138,257,40,18
137,254,40,21
138,253,39,21
139,252,39,22
136,253,40,23
138,251,41,23
136,253,39,22
137,251,40,22
138,255,41,18
137,252,40,21
137,250,41,25
138,253,40,20
137,254,38,21
138,251,40,22
138,250,40,24
139,250,40,22
137,253,41,21
139,252,40,21
138,250,39,23
138,250,40,23
138,254,39,19
137,254,39,17
137,257,40,16
136,254,40,19
137,253,39,22
140,253,39,20
137,257,40,17
138,255,39,20
139,253,40,21
139,253,39,23
139,250,41,24
138,252,39,22
138,255,40,18
137,253,40,19
138,251,41,21
137,252,39,21
138,255,40,18
139,254,39,18
137,252,42,21
136,252,40,21
137,250,42,22
137,251,40,21
137,253,39,19
136,251,39,21
136,252,40,20
136,251,40,20
136,251,41,22
137,250,41,22
137,251,40,21
138,251,41,22
137,250,39,22
136,251,41,20
139,251,39,21
136,255,42,18
137,254,38,19
137,255,38,17
138,256,39,17
138,255,40,17
136,256,40,17
136,257,38,15
137,255,41,16
136,257,40,16
135,256,40,16
136,256,40,16
137,255,40,16
138,254,39,19
138,255,40,16
137,256,40,16
138,257,39,16
137,257,40,16
137,257,39,15
137,255,40,16
137,257,38,15
136,256,39,16
135,257,40,15
135,257,40,16
