289,184,17,21
289,183,18,21
292,183,17,21
293,185,16,21
293,185,16,20
294,183,16,22
294,183,16,21
296,185,16,20
297,186,16,20
296,184,17,20
296,184,18,20
295,184,18,20
296,182,19,22
295,183,20,20
293,185,23,20
294,187,23,21
295,185,22,23
298,181,21,23
300,179,22,23
304,177,21,23
305,180,22,21
305,182,22,20
307,179,23,22
309,179,23,22
308,182,24,22
310,185,26,21
313,183,25,22
314,183,24,21
316,183,23,21
319,185,23,22
321,188,23,22
319,191,25,23
322,192,23,21
327,192,25,21
328,194,26,22
332,197,26,22
333,198,28,22
335,198,26,22
338,197,25,22
338,196,25,23
341,198,24,22
342,199,26,22
340,199,26,21
341,197,25,22
341,195,27,22
340,195,27,21
342,196,27,20
344,193,26,19
343,192,25,19
343,188,24,18
345,184,22,20
346,182,22,20
346,179,23,19
345,177,25,19
346,176,25,20
348,176,24,21
347,177,25,22
350,178,25,21
349,180,28,21
349,182,28,20
347,184,27,20
348,185,25,21
348,185,25,21
348,187,25,22
346,190,26,22
344,192,26,20
345,194,24,22
345,194,26,21
346,193,27,21
349,191,29,20
350,189,29,19
353,187,27,20
352,183,26,21
357,181,24,20
359,176,23,20
358,175,26,21
356,177,26,21
357,179,23,21
355,180,24,21
353,180,25,21
353,180,25,21
356,183,27,21
357,182,27,20
360,180,25,20
360,178,23,20
364,178,22,22
365,179,24,24
367,181,24,21
369,177,25,23
372,172,25,24
373,170,24,22
376,167,25,24
377,164,24,22
378,159,25,22
381,155,25,21
383,151,24,20
383,148,22,21
385,151,21,22
385,154,21,22
385,157,21,22
385,159,24,21
384,162,23,21
385,163,22,20
383,164,23,22
383,167,25,21
382,168,25,20
382,171,25,20
381,171,23,20
382,175,21,20
382,174,22,20
382,174,23,20
378,174,23,20
378,176,24,20
377,179,23,20
376,179,23,20
379,177,23,19
379,176,24,19
380,175,23,19
379,176,25,19
381,178,23,20
381,177,24,19
384,179,21,20
384,182,19,21
385,186,18,20
386,190,18,20
386,192,21,18
384,192,20,19
386,192,20,19
386,191,21,20
385,194,22,20
384,196,24,19
385,197,26,20
386,197,25,20
387,198,24,19
388,199,24,21
389,200,24,20
388,201,26,19
390,202,27,20
393,204,27,20
391,204,27,20
395,205,26,19
397,206,24,20
398,209,26,21
399,211,27,19
401,214,27,18
402,214,25,18
404,216,22,20
406,218,21,21
405,223,22,20
402,227,24,18
401,227,25,19
403,227,23,20
404,229,22,19
400,230,24,20
399,233,26,20
399,239,28,19
399,240,27,19
403,237,25,18
403,235,24,18
403,234,23,18
404,235,22,20
406,236,22,20
406,236,23,19
405,236,24,18
405,233,22,19
404,231,24,20
404,230,24,20
406,233,24,20
407,234,24,21
408,238,23,19
409,237,25,20
412,234,23,20
416,234,20,22
417,235,20,20
419,236,20,21
421,239,21,21
420,241,22,21
419,243,22,20
419,243,24,23
419,244,23,22
420,245,23,23
420,248,24,24
423,248,22,23
428,248,19,20
429,249,17,20
431,250,16,19
430,251,16,19
432,249,14,19
431,245,14,18
432,247,15,19
429,247,16,19
431,246,17,20
431,246,18,20
429,247,19,22
429,246,21,25
426,248,22,25
425,249,23,24
427,250,24,25
428,250,31,23
428,248,31,25
427,247,33,25
428,248,32,25
429,248,33,28
432,248,32,26
432,247,36,24
434,248,37,23
437,245,38,25
438,244,38,24
441,244,36,24
442,243,35,23
442,244,36,24
443,245,36,24
443,248,37,23
448,246,35,23
451,247,33,26
451,248,33,26
456,250,30,26
456,251,29,25
460,252,29,26
461,252,30,25
463,252,30,24
461,250,29,24
462,251,30,25
462,249,31,28
466,250,29,28
467,249,29,28
468,250,28,27
472,251,25,24
474,249,24,25
476,248,23,25
479,246,21,25
480,245,21,26
483,248,21,23
481,248,24,22
481,247,27,22
483,247,27,24
485,244,24,26
487,245,24,28
488,247,25,28
487,247,27,26
489,245,28,27
490,245,27,28
492,244,26,29
494,244,26,28
496,244,27,30
496,244,29,29
498,248,30,27
500,249,32,27
503,246,32,28
503,249,34,26
507,247,31,28
509,248,31,27
514,248,30,29
512,249,33,29
513,249,33,27
517,248,31,27
517,246,32,28
519,245,29,28
520,241,28,29
522,240,27,30
523,238,25,31
525,238,25,30
526,242,25,25
524,243,27,29
524,244,27,29
523,241,28,32
524,240,28,33
526,242,28,34
529,243,27,35
534,243,24,32
537,243,23,31
540,240,23,29
545,239,22,27
546,237,23,29
550,238,24,32
553,239,26,33
555,241,30,35
560,244,33,37
566,249,34,39
569,250,33,37
570,253,34,39
569,256,36,40
563,256,37,40
554,258,42,41
549,257,45,44
545,259,49,42
542,261,43,44
538,263,43,40
531,261,46,42
528,264,52,40
517,259,65,45
515,258,65,45
515,253,61,46
517,251,60,44
514,247,49,44
507,243,47,46
506,244,47,46
503,240,48,45
505,241,49,42
508,240,59,44
508,237,63,45
507,238,66,47
496,231,68,52
488,230,72,55
482,232,65,58
475,240,60,55
470,249,60,53
461,248,65,55
454,246,71,56
450,239,64,54
441,232,68,52
436,228,67,49
432,227,68,50
423,231,71,51
425,237,69,46
421,237,67,46
413,239,70,46
404,244,68,46
392,245,77,47
390,244,78,48
393,242,75,48
386,233,80,51
377,230,80,51
364,239,85,52
359,247,81,53
345,254,79,54
329,267,84,52
313,277,84,50
295,281,87,54
284,288,85,57
275,297,79,55
257,301,91,56
237,304,96,55
227,309,90,52
220,314,90,48
277,224,72,54
291,219,53,58
298,219,45,55
304,221,42,57
309,223,41,60
313,226,40,59
320,223,43,59
329,216,43,55
336,207,41,60
336,203,41,66
335,208,44,65
338,211,42,62
342,206,44,61
345,202,45,64
350,198,44,67
352,194,47,65
357,190,42,63
361,192,42,64
365,191,41,62
364,189,41,65
365,189,44,64
369,192,43,65
369,188,47,65
369,188,48,65
370,195,50,63
368,203,51,65
368,206,48,63
367,208,48,62
365,208,48,61
363,214,48,65
362,224,49,61
358,229,54,69
359,231,50,74
359,231,51,76
358,232,51,76
360,235,49,73
359,238,51,74
357,240,49,76
353,246,48,76
354,248,48,71
350,249,47,70
351,247,47,69
352,241,48,68
358,236,48,70
362,239,48,68
369,241,49,72
371,235,51,65
376,224,53,65
383,218,52,64
390,214,52,68
394,211,51,66
397,211,53,69
400,212,55,68
402,214,58,69
404,219,59,66
405,224,59,66
408,223,61,64
413,221,63,59
415,217,63,62
417,217,65,63
417,221,67,63
414,225,69,63
412,227,70,61
410,229,70,62
412,230,70,60
410,232,69,59
409,233,70,59
405,236,73,61
406,241,71,60
404,248,71,59
403,252,70,59
398,253,71,60
400,257,70,60
396,259,74,57
396,253,73,58
399,247,72,56
397,237,74,53
401,229,76,55
398,220,76,55
396,217,75,54
398,218,71,53
399,218,73,51
400,214,74,51
401,211,75,53
402,213,74,53
400,213,75,52
396,216,75,50
394,219,72,49
394,219,75,50
392,221,75,51
391,222,72,49
383,220,77,49
382,218,74,50
379,215,78,50
378,212,75,49
376,207,77,49
376,206,77,48
374,209,72,49
373,211,72,47
371,210,71,47
369,210,71,47
367,212,71,48
363,215,71,46
361,218,68,48
363,226,67,46
363,231,68,46
363,232,67,46
362,236,62,43
361,233,62,44
360,232,60,44
356,230,62,43
356,224,59,43
356,217,55,42
357,211,55,42
360,207,52,43
359,209,50,44
360,218,49,43
361,224,47,43
361,229,45,41
361,231,44,41
359,233,41,40
356,234,38,39
355,236,38,41
354,238,37,40
354,241,38,42
356,241,37,41
355,244,35,40
354,247,36,39
354,246,35,42
352,245,35,44
354,248,34,45
354,253,35,44
357,253,34,46
358,250,33,45
357,252,33,43
359,254,32,43
358,258,30,45
361,260,29,45
360,262,28,45
360,265,29,46
361,265,27,43
361,267,29,43
361,268,30,44
362,269,30,42
361,274,31,40
360,276,31,42
361,281,31,45
360,281,32,45
361,284,30,44
359,285,31,42
359,284,32,44
358,285,29,45
356,282,31,48
354,280,29,45
353,277,29,45
353,276,29,44
354,277,28,42
355,275,28,43
356,274,31,46
359,271,30,45
357,270,29,45
358,272,30,45
358,273,32,45
358,272,30,44
358,269,32,43
359,267,32,47
359,267,34,52
358,270,35,53
357,271,33,54
357,271,34,52
356,271,34,50
359,272,34,50
358,275,33,50
360,277,35,56
362,281,34,55
366,284,34,56
367,283,35,55
366,280,35,55
366,280,33,55
365,283,34,50
365,283,35,48
363,278,35,53
363,278,36,50
361,279,38,52
358,279,37,57
355,272,36,63
352,271,39,64
350,274,38,60
351,279,38,56
348,281,38,60
347,282,38,62
345,286,39,62
347,284,39,59
347,286,39,58
346,285,39,60
344,285,39,55
345,285,38,55
344,284,37,52
345,284,38,53
342,285,39,58
343,285,37,54
343,284,37,53
342,281,38,54
342,278,37,52
344,277,37,57
343,273,36,56
345,271,37,59
345,270,36,55
347,267,37,54
350,264,37,57
351,261,36,56
353,261,34,54
353,262,37,52
354,263,36,49
355,264,35,56
352,267,36,59
350,264,40,58
350,262,38,57
353,259,37,59
352,256,38,57
352,256,38,53
350,253,38,57
347,254,38,59
347,258,38,63
344,258,41,63
341,255,42,63
336,251,44,60
335,246,43,57
329,243,40,54
324,236,43,53
319,233,44,60
315,227,45,66
309,228,45,64
303,223,44,61
297,214,43,59
295,208,40,59
293,204,39,57
292,201,38,60
289,202,39,54
289,208,39,54
291,216,38,58
295,210,38,60
297,209,38,60
297,213,39,58
301,218,38,54
300,223,38,56
299,230,42,64
295,232,44,63
295,231,42,67
294,233,43,66
292,234,41,59
292,239,39,59
292,238,40,62
291,238,40,65
294,233,38,61
292,223,39,57
292,215,41,59
296,209,39,58
297,205,37,56
298,202,37,54
296,201,40,53
298,200,39,57
300,192,38,57
300,180,39,54
299,173,41,53
296,168,41,56
296,169,40,55
296,170,38,55
296,168,37,55
296,168,37,55
297,170,36,54
295,169,35,53
296,169,35,52
296,170,33,52
290,173,34,54
289,177,34,54
286,178,34,52
286,178,36,49
287,175,35,51
287,174,34,47
287,174,34,49
284,175,35,50
285,179,35,48
287,181,33,45
284,180,33,47
284,181,35,49
285,182,34,47
284,183,36,47
282,184,38,49
282,185,40,49
286,189,38,50
287,190,36,48
288,191,36,46
291,191,35,48
294,192,34,45
299,191,34,46
300,193,34,45
304,198,32,47
307,205,33,45
312,207,31,45
317,209,32,47
322,214,31,45
325,214,32,43
329,213,32,43
331,209,33,44
332,206,33,44
334,201,33,43
335,195,32,42
336,194,34,42
342,199,35,41
351,203,34,40
356,204,35,43
361,205,32,43
358,204,32,44
355,204,33,43
353,203,34,41
352,196,32,45
354,197,32,44
357,195,33,46
362,193,32,45
368,197,32,42
372,196,31,40
373,194,32,39
377,193,31,42
378,194,30,41
381,197,30,43
383,199,30,42
383,197,32,44
385,198,31,44
386,198,35,43
385,202,35,43
386,206,33,45
385,207,34,45
