391,81,58,59
390,78,56,62
390,77,56,62
390,77,57,63
390,76,58,62
391,79,57,60
392,76,59,64
393,75,59,66
391,75,59,66
392,74,59,66
391,75,58,63
393,75,57,67
391,75,58,63
392,74,58,65
391,75,59,65
392,77,58,65
392,76,56,63
390,77,58,64
392,78,56,65
389,78,59,64
389,78,58,64
390,80,55,61
389,79,55,64
389,81,58,64
391,80,53,63
390,79,55,65
391,79,54,65
386,81,58,62
386,82,57,62
386,81,57,62
386,82,56,62
386,82,56,63
386,83,56,61
386,82,56,62
386,82,56,62
386,82,56,62
387,83,55,60
385,81,57,63
386,82,54,61
385,81,56,63
385,82,56,62
386,81,55,62
386,82,55,62
386,83,59,63
388,80,58,63
386,80,58,62
388,81,58,59
386,80,59,63
386,81,58,62
386,81,58,63
387,81,58,63
388,81,56,59
387,80,59,68
387,81,59,62
388,82,58,66
388,82,57,61
389,82,56,63
389,82,55,65
388,81,55,63
390,81,52,60
384,80,60,66
390,80,54,62
388,82,57,64
387,83,56,58
386,84,57,61
387,83,56,62
387,82,56,62
387,81,56,63
388,82,56,62
388,82,55,62
388,81,56,63
389,82,55,62
388,83,58,62
389,82,56,62
389,82,56,62
389,82,56,63
389,82,56,62
388,82,56,63
389,83,55,62
388,83,57,62
390,80,58,64
389,81,57,60
390,79,56,67
390,79,56,64
390,82,57,60
390,82,56,64
389,82,57,61
390,81,59,64
391,80,56,64
391,79,58,67
391,79,57,62
391,80,55,63
391,81,58,64
390,79,58,65
389,80,57,60
390,81,56,65
390,81,55,61
391,81,57,64
391,81,58,63
391,80,58,66
390,81,57,66
391,83,56,64
392,80,58,65
392,81,53,62
391,80,57,64
392,80,55,66
393,81,55,63
392,81,57,63
394,81,56,63
394,82,55,60
393,80,57,61
394,80,56,65
392,84,57,59
392,83,57,62
392,82,57,63
392,83,58,62
393,82,57,63
393,82,56,63
394,83,56,62
393,83,56,61
394,82,56,62
394,81,56,63
394,80,56,62
394,81,57,62
394,80,56,64
394,81,57,61
395,81,61,64
395,78,60,64
395,77,60,65
397,78,58,64
396,77,58,67
398,76,57,67
398,78,60,64
397,77,59,67
397,78,58,65
397,78,59,67
398,80,56,63
397,79,56,67
397,81,55,67
392,80,61,66
393,78,57,69
394,77,57,66
391,80,58,67
391,81,57,62
390,80,59,64
391,83,57,63
389,83,57,63
390,84,56,62
389,84,58,63
390,85,56,62
390,84,57,61
390,84,57,62
391,84,57,62
391,83,57,62
391,82,57,62
392,82,57,62
392,81,57,62
393,81,56,61
393,81,57,62
393,81,57,61
395,75,57,64
392,75,60,64
394,74,57,66
394,74,58,64
394,74,59,66
393,75,60,66
395,73,58,66
392,74,61,71
397,76,58,64
396,74,58,65
356,77,61,67
370,77,55,64
361,78,59,74
353,80,64,70
344,82,60,70
336,82,61,69
327,83,61,68
320,83,62,68
312,84,62,68
305,84,60,67
300,83,59,67
294,83,58,66
289,83,57,65
284,83,58,64
281,82,57,65
278,82,56,63
276,80,56,63
275,80,56,63
276,79,56,63
277,79,56,63
279,78,57,64
283,77,58,63
287,76,58,64
294,75,59,64
301,73,62,65
309,73,64,65
318,72,64,66
329,73,63,67
338,73,60,67
347,70,62,71
355,73,62,67
366,74,60,66
377,74,56,67
382,72,58,66
388,76,60,64
393,73,58,66
397,74,58,69
401,74,55,68
399,76,62,66
399,75,64,68
401,75,60,66
400,75,65,67
401,76,62,69
401,75,62,68
402,74,62,68
404,80,59,60
403,80,59,62
403,81,59,63
404,81,59,61
405,80,58,62
405,80,59,61
405,80,58,61
406,79,59,63
406,79,59,62
407,78,58,62
406,78,59,62
407,77,59,63
408,77,59,62
409,78,59,61
405,73,63,64
405,73,66,67
407,76,64,62
408,73,62,66
408,74,63,67
409,75,61,66
407,73,63,66
409,74,63,67
408,75,66,63
410,74,62,66
408,75,63,64
409,75,62,64
408,77,64,64
408,76,62,65
407,77,63,66
408,76,62,66
408,78,60,62
410,81,57,62
410,81,58,62
410,82,58,61
410,81,59,61
411,81,57,61
411,81,58,62
411,81,57,62
411,81,58,61
411,81,59,62
411,82,57,61
411,81,58,61
411,81,57,61
412,81,57,61
412,82,57,62
413,83,56,58
409,77,62,65
409,78,61,64
409,78,63,64
410,76,62,66
411,78,63,65
409,77,66,66
411,78,66,65
409,77,67,64
418,76,60,61
416,77,63,66
415,77,63,64
419,77,62,60
420,77,62,64
422,75,61,65
425,79,56,60
425,80,57,61
426,80,57,61
428,80,57,61
430,79,57,61
432,79,56,59
434,77,57,61
437,76,57,59
440,77,57,58
443,76,58,58
447,75,58,57
451,74,57,57
455,73,56,58
459,72,56,59
463,70,56,59
468,70,55,59
473,71,55,58
477,72,53,59
481,73,54,60
485,75,55,60
491,77,55,60
493,78,58,63
495,79,60,62
498,79,61,63
502,80,60,63
502,81,63,66
504,83,62,65
506,83,62,67
506,85,63,65
508,86,63,64
508,88,63,64
509,89,63,62
510,90,65,60
511,89,65,62
513,88,63,63
514,88,63,62
514,87,64,59
515,88,64,58
517,88,64,58
520,87,61,57
520,87,63,59
522,87,63,56
522,86,64,58
524,85,64,58
523,86,65,56
524,85,64,56
523,85,64,57
524,86,64,57
524,85,65,57
524,86,64,57
525,85,62,57
525,86,64,56
525,87,64,55
523,86,66,55
525,86,64,54
524,86,65,56
525,87,64,56
525,87,65,56
525,86,64,56
525,87,65,53
524,87,64,56
524,87,65,53
525,87,64,55
524,87,65,53
523,86,65,56
501,89,91,58
501,88,92,62
506,87,86,61
500,86,86,65
503,87,89,68
498,88,93,59
501,87,92,64
512,85,83,61
518,88,74,67
509,88,81,60
513,87,78,60
516,85,76,57
511,85,81,60
513,86,78,59
516,86,74,55
514,87,79,57
517,85,76,59
518,85,73,58
517,84,75,61
517,85,75,57
519,86,74,62
518,87,72,57
523,85,65,58
524,87,63,54
525,87,63,56
524,86,66,56
525,86,64,56
525,85,64,56
525,86,64,54
523,88,65,52
523,88,65,56
524,86,65,55
523,87,68,53
524,87,65,55
523,86,67,55
524,86,67,55
525,86,65,55
525,86,64,56
525,86,64,56
524,87,65,55
524,86,66,54
524,87,66,54
524,86,65,54
524,86,65,55
524,87,66,54
523,86,67,55
524,86,66,54
520,86,71,52
520,86,72,53
519,86,72,55
521,86,70,55
522,86,68,54
523,86,70,53
522,85,70,55
521,85,70,54
521,86,70,54
522,86,69,53
522,85,69,53
523,86,69,53
522,85,70,53
524,86,67,53
522,87,71,53
522,85,69,54
523,86,68,55
521,86,71,52
525,87,65,54
521,85,69,57
524,87,62,53
523,88,65,53
522,88,68,51
522,88,67,53
523,86,67,55
523,86,67,54
523,87,68,52
523,86,65,56
525,86,65,55
522,87,69,54
524,86,64,56
526,87,63,54
525,87,62,56
527,87,61,56
525,87,64,55
525,86,65,56
525,85,64,60
525,86,61,56
524,86,64,58
524,86,65,57
524,86,65,56
523,85,66,58
523,86,64,56
524,86,65,56
525,86,65,57
524,86,65,56
525,86,65,56
525,85,63,56
523,85,64,57
521,85,64,59
518,83,65,61
515,82,64,61
511,80,64,63
507,78,64,61
504,77,63,63
499,76,62,63
495,75,61,62
492,76,57,62
489,76,55,65
486,76,52,62
482,77,48,61
474,79,52,59
468,80,53,58
461,84,55,55
455,86,57,54
454,85,55,57
450,88,57,56
448,88,58,58
442,90,58,61
439,94,57,62
436,97,56,59
430,100,59,60
428,100,58,58
427,103,55,56
421,105,52,56
419,106,53,54
417,106,52,55
415,104,52,57
413,103,53,58
410,101,52,59
407,101,55,58
406,102,50,56
402,99,50,56
399,98,52,54
393,94,53,57
387,88,53,60
376,85,58,61
367,85,57,60
364,82,52,58
351,85,54,56
341,82,56,58
329,79,58,57
317,76,60,58
308,73,59,59
299,71,54,57
288,70,53,57
279,68,53,58
268,70,52,56
259,71,53,55
251,72,52,56
245,74,53,57
240,74,53,57
236,77,54,57
233,78,53,56
230,80,50,56
227,81,48,55
227,83,46,54
225,86,44,50
227,88,47,49
229,88,42,49
233,90,44,48
238,89,48,49
243,89,46,49
248,88,46,51
255,87,46,52
265,87,49,50
277,87,46,49
290,83,45,52
300,80,46,52
310,77,51,56
321,76,54,54
332,75,53,54
344,73,53,55
357,72,52,57
370,73,50,57
380,72,48,57
387,75,50,57
397,76,46,58
404,80,45,54
410,83,51,52
417,85,49,53
421,87,47,52
425,89,47,52
427,91,46,51
429,93,46,51
429,94,46,51
429,96,46,50
429,98,46,50
428,99,46,50
427,101,45,50
427,102,45,49
426,103,45,49
425,104,44,47
424,105,44,48
425,106,43,47
424,107,43,48
424,107,43,48
424,108,43,47
425,110,43,47
425,112,44,45
425,114,43,45
424,115,44,45
423,118,44,44
422,119,45,43
421,121,45,44
420,123,46,44
417,124,49,44
418,123,47,47
419,125,48,45
418,126,50,46
420,126,46,47
419,127,50,44
417,126,51,44
426,127,43,45
419,128,51,44
425,127,45,45
420,128,52,44
420,126,54,46
421,127,52,49
424,128,49,46
426,127,46,46
422,128,53,45
422,126,49,48
427,127,42,45
426,126,48,47
427,128,45,45
429,128,45,47
427,127,44,45
424,125,48,47
429,126,44,48
426,126,42,45
426,127,44,44
422,126,47,45
428,126,43,46
424,124,45,46
429,125,41,45
420,123,50,50
428,124,43,49
425,124,44,46
426,123,47,48
427,123,44,45
428,124,44,44
426,124,46,43
428,123,44,42
428,123,46,43
430,123,49,43
430,124,46,42
431,122,49,44
433,121,49,43
433,120,48,43
434,119,48,42
434,118,48,41
435,117,49,42
436,116,49,43
436,116,47,42
438,115,46,43
438,114,43,44
438,114,46,44
436,113,48,45
440,113,44,45
439,114,46,42
438,113,45,43
440,114,45,43
437,113,48,44
437,113,46,44
438,113,46,44
437,113,47,44
438,113,46,44
438,113,46,45
437,113,47,45
439,114,45,45
437,115,46,45
436,115,46,45
437,116,46,44
437,116,46,43
436,116,48,43
435,116,47,44
435,116,47,44
435,117,46,43
434,117,45,47
436,115,38,49
430,115,47,52
414,116,71,51
431,118,44,41
430,113,47,50
431,118,44,41
500,128,66,36
435,114,43,44
429,112,48,48
431,116,45,43
434,114,39,43
416,109,62,52
424,114,51,46
423,114,51,43
424,117,56,43
382,107,54,45
430,112,45,38
383,113,34,53
429,113,53,49
432,118,51,45
431,116,47,45
430,117,47,46
436,118,45,46
435,117,46,45
435,117,47,45
435,117,46,46
436,117,46,46
436,117,47,46
435,117,46,47
435,117,47,45
435,117,47,46
435,117,47,48
434,116,48,47
436,117,46,46
436,117,47,45
435,116,46,44
437,116,45,45
435,115,47,46
435,115,46,45
435,114,46,45
435,115,45,46
434,114,46,46
435,114,46,45
433,113,47,45
433,112,47,46
434,112,47,47
433,111,48,47
433,112,51,47
432,111,52,48
434,111,49,50
434,110,51,49
433,109,52,50
434,109,51,50
435,109,50,51
431,107,56,52
434,105,55,55
434,106,55,54
431,104,60,55
430,104,60,58
432,103,56,56
432,103,58,55
431,103,59,57
432,105,58,55
430,103,61,58
432,103,62,56
431,105,60,56
430,104,62,55
435,105,56,55
433,105,60,53
435,106,56,54
435,106,56,52
432,107,58,51
436,107,52,53
437,107,50,52
437,107,52,52
437,107,52,52
437,107,52,54
437,107,51,53
437,107,51,53
437,107,51,53
437,106,51,53
438,106,52,53
437,107,53,52
438,106,52,54
437,106,51,52
438,106,52,54
438,106,52,53
439,105,52,54
438,106,51,54
438,106,52,52
439,106,52,53
439,106,52,53
440,106,52,53
440,107,51,53
440,107,52,53
440,107,53,53
439,108,52,51
440,108,53,53
440,109,53,53
441,109,53,53
440,111,52,52
440,110,54,52
441,110,53,53
440,109,55,53
440,109,54,53
439,108,55,53
442,107,53,55
442,106,53,55
443,105,53,56
444,104,53,55
446,103,52,55
447,102,52,56
447,101,53,57
449,100,52,57
449,100,53,56
451,99,52,56
450,99,53,56
450,99,53,55
451,98,52,57
451,98,52,58
452,98,52,57
451,99,52,56
451,99,52,59
451,98,53,57
452,98,53,59
453,99,52,57
452,99,52,57
447,99,59,57
446,101,62,58
444,100,63,57
443,100,67,58
443,96,65,64
439,98,68,59
445,97,59,62
447,100,58,56
449,100,57,60
447,100,61,60
450,98,57,61
446,100,61,56
446,100,61,59
448,97,58,60
443,100,64,58
443,99,63,60
447,98,55,57
450,99,51,56
448,99,53,58
449,99,51,56
449,99,51,56
448,98,52,57
447,99,51,55
446,98,52,56
446,98,49,55
445,98,50,56
443,98,52,55
443,100,50,54
443,101,50,52
441,102,51,52
442,104,48,50
441,104,47,49
441,106,46,48
440,105,48,48
439,106,48,47
439,108,46,48
438,109,46,48
437,110,48,47
437,111,47,47
436,112,46,45
437,113,45,44
436,112,45,46
433,113,50,47
431,111,49,48
433,110,47,49
432,111,48,48
436,114,45,47
436,114,44,46
438,110,45,50
430,110,60,52
438,109,46,51
439,110,46,51
435,107,52,54
439,107,48,52
431,106,56,55
439,108,49,50
439,109,50,50
435,107,54,52
442,108,48,49
441,109,50,47
442,109,48,47
441,107,49,49
441,108,48,48
440,107,49,48
440,107,49,48
440,106,48,49
440,106,49,49
440,107,48,48
439,107,50,48
441,107,48,47
439,105,49,50
438,107,49,48
436,102,51,56
435,105,49,51
434,105,53,51
438,105,49,52
436,104,51,53
438,103,48,52
436,102,51,52
439,102,46,51
437,105,49,48
441,101,47,53
439,99,47,54
440,102,50,51
439,101,48,51
440,103,50,50
438,100,50,54
440,103,49,50
441,102,48,50
442,103,47,49
441,101,48,51
441,102,48,50
442,101,48,51
441,99,47,51
441,100,47,50
441,99,47,49
441,99,46,50
441,98,45,49
440,98,45,48
441,98,43,47
438,98,44,46
437,97,42,44
435,96,42,44
433,96,42,43
431,95,43,43
429,94,43,43
428,93,43,45
425,92,44,44
423,91,43,44
422,89,44,45
421,89,43,45
421,89,43,44
419,89,44,44
419,89,43,44
418,89,45,46
419,90,44,45
419,91,44,46
419,93,44,46
418,94,45,45
418,96,46,45
419,97,45,45
418,98,45,45
418,98,46,47
419,99,45,47
419,99,45,47
419,98,45,48
419,99,44,46
419,98,44,48
419,98,45,49
418,98,46,49
418,101,45,45
419,101,44,44
419,100,44,46
419,100,44,46
418,99,45,47
418,97,45,47
418,97,44,46
418,95,45,46
418,93,45,47
417,91,46,46
417,88,46,47
417,85,47,49
417,83,46,48
418,82,46,48
419,81,46,47
420,80,46,48
423,80,45,46
424,80,44,46
427,78,44,47
429,79,44,46
431,77,43,46
433,78,44,45
437,78,43,44
439,76,44,43
442,75,44,44
444,75,45,44
447,75,45,42
449,73,45,45
452,72,46,44
453,72,47,43
455,71,47,44
456,71,47,44
458,70,47,44
458,70,47,44
459,70,47,43
459,70,46,43
458,69,47,45
457,69,47,44
456,70,48,44
455,69,46,45
453,69,47,45
451,70,48,45
449,70,48,46
448,71,47,45
446,72,48,46
445,72,47,47
444,74,47,46
441,75,47,46
440,76,48,46
439,78,48,46
437,78,49,47
435,78,50,47
435,79,49,47
434,80,51,47
434,81,50,47
432,81,51,48
431,81,51,49
430,81,52,50
425,80,56,54
420,72,62,68
419,71,64,65
420,73,60,62
421,77,61,62
421,77,59,63
421,74,61,66
421,73,61,68
419,73,61,64
419,76,61,63
421,76,60,58
419,75,63,63
420,74,63,58
422,75,60,59
419,72,63,63
423,69,61,61
424,72,59,58
430,77,53,52
430,78,53,51
430,78,53,51
430,77,53,52
429,78,53,51
429,78,52,51
428,79,52,50
427,80,52,50
425,81,52,50
423,81,52,51
421,82,52,51
418,83,52,53
416,85,51,52
412,86,52,52
409,88,55,54
406,89,55,54
402,91,56,56
399,92,55,56
394,95,54,55
389,97,54,55
385,100,55,55
382,102,53,54
378,103,53,57
372,106,53,56
367,108,54,55
362,111,55,55
