238,189,56,94
236,186,60,100
238,185,56,99
238,186,56,99
239,184,55,100
240,184,55,102
239,184,55,101
238,186,56,98
237,185,59,100
235,183,63,102
230,182,69,102
228,182,70,101
227,183,72,101
224,182,75,101
224,182,73,101
223,182,74,101
219,181,75,102
210,181,83,103
208,180,85,105
201,178,92,110
200,180,90,106
196,178,91,114
190,178,97,115
192,181,100,111
184,179,99,119
180,180,99,125
171,181,119,127
168,180,107,133
175,183,121,125
169,180,137,136
174,176,128,140
210,179,92,129
227,185,66,102
234,191,68,103
235,189,65,102
237,192,62,99
242,192,59,94
243,189,60,88
244,190,60,101
240,189,66,92
245,188,63,91
225,189,81,96
202,184,94,99
174,180,92,104
191,181,84,103
194,182,83,102
192,184,81,97
195,185,76,95
201,183,73,99
207,184,72,97
208,188,69,92
210,193,63,87
210,194,64,87
210,199,59,80
207,186,62,98
207,197,58,85
201,196,66,92
198,195,72,91
188,198,61,89
239,193,65,96
175,197,83,91
163,204,63,87
239,189,63,102
241,189,55,95
239,192,61,96
238,192,59,93
240,190,62,99
239,192,63,90
238,194,65,89
113,200,52,79
112,195,48,78
108,196,51,76
103,194,55,76
101,191,61,79
98,195,64,74
99,193,68,77
98,193,70,76
100,197,71,74
103,198,72,74
107,199,73,74
113,201,70,74
118,201,72,76
125,206,71,75
135,208,69,74
143,211,64,73
150,209,61,76
160,206,61,76
163,201,66,86
168,204,65,80
178,201,60,83
187,195,63,86
202,190,54,89
208,185,75,97
224,186,69,94
229,186,69,97
228,187,70,95
229,187,71,98
229,185,71,99
227,185,74,99
227,186,71,96
226,186,70,92
221,183,63,91
216,180,58,92
213,180,70,94
214,180,60,92
203,178,79,93
199,180,76,82
195,178,88,94
181,178,86,86
181,181,73,90
181,180,77,96
176,179,103,103
177,185,89,94
165,188,72,92
156,188,72,85
151,183,75,88
149,180,75,87
147,177,75,86
147,176,72,84
148,175,67,88
150,178,61,81
151,176,56,80
152,175,55,81
155,174,53,89
158,175,49,92
162,173,47,91
166,176,44,96
169,175,44,100
170,176,45,100
169,177,47,107
166,192,60,95
166,194,65,94
163,196,71,92
167,185,73,103
166,186,90,100
160,174,87,103
156,174,89,104
155,177,95,110
192,177,77,106
215,188,74,95
214,182,66,93
209,183,56,87
223,179,64,100
241,191,66,105
243,193,62,93
242,195,63,97
244,191,61,95
241,193,66,98
244,190,65,100
243,190,66,100
242,192,66,95
240,193,69,98
199,153,74,103
171,148,78,102
174,127,83,105
173,150,73,79
173,150,66,76
171,151,57,67
162,137,60,73
160,135,54,72
152,131,59,71
146,129,60,68
141,128,57,69
136,127,52,69
129,126,50,75
122,129,50,68
116,130,50,64
114,129,51,66
111,131,50,66
110,130,52,69
112,128,48,73
114,128,47,76
117,130,48,76
119,137,50,72
129,140,53,73
136,146,47,69
144,149,47,69
156,152,47,70
168,157,43,64
178,161,48,68
189,162,47,67
204,168,48,65
217,166,58,84
228,170,60,89
235,170,58,76
245,169,56,68
258,169,59,64
270,167,60,66
276,171,68,68
270,171,82,72
305,166,60,71
312,149,59,86
236,194,71,95
236,191,68,98
237,192,66,96
235,194,63,90
237,192,69,100
236,193,66,93
237,194,62,93
237,196,65,97
237,194,63,94
237,194,67,98
236,191,68,100
236,187,70,101
286,162,61,76
270,152,68,76
258,160,66,79
238,171,70,101
220,174,74,77
197,171,73,67
165,169,78,67
142,160,71,77
118,157,69,84
94,151,70,86
71,149,72,81
54,144,72,80
40,135,68,80
28,128,72,79
21,119,71,82
16,113,73,79
15,110,69,77
25,109,57,74
33,106,49,76
28,106,52,76
14,109,68,75
21,112,67,74
22,118,69,76
27,127,69,75
36,134,66,78
48,144,61,78
63,154,63,81
80,166,56,78
98,178,53,78
120,187,48,77
144,196,42,71
157,194,54,87
163,188,77,99
225,193,68,88
234,194,67,83
239,196,66,85
246,193,60,78
251,194,62,92
236,192,83,98
238,187,70,102
233,188,70,98
236,192,71,100
234,190,73,100
237,193,67,95
238,194,68,97
237,191,68,100
236,193,68,95
235,192,65,94
235,195,68,95
235,192,72,88
237,199,63,83
232,192,89,90
240,182,68,94
254,193,67,78
246,183,71,83
241,198,68,70
236,187,63,83
227,187,67,84
210,186,72,84
212,187,91,90
208,194,94,80
224,193,81,79
235,194,71,90
232,198,68,82
240,202,67,79
234,201,72,88
236,200,67,87
233,200,70,91
236,199,69,92
237,196,63,89
235,196,65,92
236,195,67,99
235,192,64,93
237,195,67,94
235,196,66,89
235,196,69,89
232,197,72,85
236,199,69,87
234,199,71,84
237,199,66,86
238,198,64,88
238,197,66,93
238,195,67,97
241,191,67,99
239,192,71,96
238,184,73,103
240,189,71,95
244,189,67,96
246,192,65,94
241,188,70,107
242,184,67,102
233,185,76,105
242,183,68,107
237,184,74,105
244,182,69,105
235,183,81,105
244,178,73,116
240,184,71,102
234,188,70,100
239,194,63,90
240,197,67,94
239,188,67,91
231,183,65,92
231,187,73,96
226,192,69,88
234,195,66,87
236,194,64,89
236,192,65,96
237,195,66,93
235,196,63,88
236,195,70,92
235,196,66,89
235,195,69,103
231,190,73,102
238,195,65,91
232,194,69,96
234,195,69,96
233,194,70,98
232,196,70,92
234,199,70,93
234,196,69,93
233,197,70,95
235,195,67,94
235,191,69,106
234,190,68,96
235,190,69,108
237,192,70,95
234,191,70,99
234,188,70,105
234,192,69,95
238,193,67,99
237,193,67,93
238,191,67,101
237,186,69,103
236,191,68,94
237,190,67,99
237,190,68,101
235,190,70,99
235,189,72,99
235,189,72,100
236,189,71,98
236,190,72,100
236,190,71,97
235,190,71,97
236,193,70,94
237,192,72,102
235,191,76,97
236,192,72,96
234,194,69,90
236,198,65,81
231,196,71,84
233,194,69,79
235,197,71,83
234,197,70,81
236,197,65,85
237,197,67,82
235,197,69,83
236,199,67,85
235,198,67,85
236,199,66,85
235,198,68,91
236,197,63,88
235,196,69,95
237,192,63,93
236,195,64,94
236,193,64,95
236,193,64,96
237,196,66,92
234,196,64,89
236,195,68,93
238,188,69,101
241,177,73,110
256,169,63,117
258,165,59,116
243,176,65,109
243,183,66,102
233,178,76,106
232,184,75,98
239,190,66,91
239,194,62,89
240,197,58,86
240,198,64,89
237,196,62,89
235,197,68,91
238,196,64,91
235,197,66,90
236,196,67,93
236,195,65,94
235,193,63,95
237,195,67,103
235,192,68,97
236,193,64,96
236,191,69,99
234,191,67,96
237,196,66,89
235,197,70,92
236,193,68,103
238,193,66,95
237,196,66,91
237,199,66,88
238,198,69,91
238,193,66,97
237,193,66,97
238,191,66,97
236,192,69,98
236,191,68,97
238,194,66,94
236,193,68,97
236,193,69,95
236,193,69,97
235,193,68,94
239,196,65,94
237,195,66,92
237,194,70,102
236,193,69,92
236,194,69,97
237,195,63,87
232,196,66,88
236,195,71,99
235,194,67,87
235,198,70,84
237,197,68,88
237,197,66,89
237,198,68,85
234,195,70,92
237,198,67,87
235,196,71,91
235,198,69,84
236,198,70,94
235,195,65,90
235,195,71,99
236,195,68,90
237,197,67,91
234,197,69,87
235,195,69,92
235,190,77,106
241,186,76,103
253,169,66,118
250,166,65,98
240,192,73,103
239,189,76,103
244,189,68,100
234,191,73,95
233,193,70,96
229,191,69,98
235,190,70,101
235,191,69,98
236,193,66,94
234,191,71,104
235,193,67,93
235,191,70,103
236,193,69,94
236,191,65,96
236,192,68,103
234,193,71,95
235,192,69,98
235,193,69,99
237,194,65,93
237,194,68,98
236,195,66,91
235,196,69,92
236,196,69,88
236,197,69,89
238,195,66,92
236,193,65,95
238,193,66,100
237,193,66,93
236,192,68,102
236,191,69,98
237,191,66,98
239,192,66,98
235,192,70,98
235,190,70,99
237,190,68,98
236,190,71,102
237,192,70,95
237,192,68,96
236,192,71,97
237,192,67,95
237,195,66,89
234,197,65,82
235,195,70,86
233,197,69,81
232,196,72,80
236,197,71,85
234,197,70,86
234,197,69,82
236,197,71,96
233,193,70,89
238,196,63,90
236,197,68,93
235,197,69,90
234,197,69,87
235,197,66,88
237,198,68,90
235,196,66,88
236,195,64,91
236,196,67,90
237,194,64,89
234,195,66,92
235,192,71,98
235,182,81,109
239,181,72,115
240,191,66,98
238,189,72,104
234,188,80,104
241,190,70,99
235,189,74,104
239,189,72,104
235,189,72,98
236,193,68,94
236,197,67,89
236,197,68,90
235,197,68,85
235,197,70,92
236,194,70,94
235,193,69,94
237,189,67,102
234,190,69,98
236,195,68,90
235,195,68,93
235,191,68,91
235,194,69,93
238,194,67,99
235,192,69,96
238,194,63,91
235,197,67,89
237,194,65,92
238,196,64,92
239,194,65,98
237,194,65,92
237,195,67,95
236,193,67,94
237,193,65,94
237,192,67,95
239,192,64,96
237,193,66,96
237,192,65,95
237,192,68,100
236,194,68,91
235,192,68,95
238,196,67,98
237,193,68,96
234,197,63,83
233,198,67,82
232,195,73,81
235,196,72,82
232,197,75,80
234,196,76,85
233,198,71,80
235,198,70,89
235,196,68,90
237,197,66,91
235,196,67,91
237,196,68,96
235,196,67,91
237,196,65,93
238,196,64,91
236,198,69,94
236,194,67,92
237,198,66,90
235,199,67,87
235,197,70,89
235,196,68,84
230,186,67,87
234,194,73,88
228,195,86,79
245,194,71,85
246,202,64,80
236,201,57,79
232,203,61,81
237,190,64,99
233,193,58,88
166,190,99,99
160,210,80,81
240,198,65,90
235,196,68,87
235,197,67,93
236,195,64,89
237,194,69,95
236,194,68,91
235,194,64,93
236,196,69,100
235,193,69,99
236,195,64,92
237,193,66,100
235,193,69,95
236,193,65,95
236,194,71,101
233,191,71,96
236,192,66,96
238,193,64,97
235,194,65,93
236,193,71,103
235,189,70,97
234,188,69,101
235,193,69,95
231,194,71,91
222,196,72,85
230,194,65,85
237,194,67,90
240,198,62,78
233,195,70,96
235,196,66,90
235,194,70,97
233,195,69,86
235,197,71,88
235,195,71,89
233,193,73,93
235,197,71,88
234,195,71,93
232,192,73,97
234,194,71,91
236,194,66,94
235,193,67,95
236,193,68,98
236,193,67,95
237,195,64,93
236,196,65,91
236,197,67,94
232,195,67,90
233,194,77,98
236,193,73,90
234,193,67,88
231,193,72,91
232,184,79,105
239,184,98,82
246,183,78,76
243,197,69,71
235,192,69,88
228,188,71,88
236,199,74,83
240,197,64,84
237,196,61,90
235,192,70,109
239,195,65,90
236,199,63,87
235,199,69,90
235,198,67,90
233,199,70,88
234,197,69,88
236,198,70,97
233,192,71,100
236,194,64,91
235,198,66,93
235,197,69,96
236,194,64,92
234,197,70,98
235,194,66,93
233,195,70,96
237,198,64,90
235,199,68,92
237,195,63,93
233,195,74,97
238,189,68,102
241,189,67,100
238,189,67,97
239,189,62,101
231,188,70,100
231,182,73,110
234,178,73,115
235,179,78,121
237,182,76,117
239,181,74,116
240,184,73,110
243,185,68,104
236,173,74,118
248,176,66,119
238,176,73,116
244,186,66,108
236,187,73,103
240,184,69,104
241,185,67,101
239,186,69,102
237,185,71,104
239,183,71,106
242,183,68,106
239,186,71,102
238,184,71,104
240,185,67,102
237,185,71,104
240,184,68,103
240,184,70,102
238,181,72,107
243,177,72,114
241,178,76,111
240,183,73,108
237,184,82,108
241,189,74,103
232,191,75,100
237,193,65,94
236,195,64,93
236,195,71,102
236,191,70,95
235,190,69,96
237,196,67,92
235,191,73,100
236,192,76,98
237,191,76,94
234,188,76,104
239,190,74,98
234,191,77,94
236,195,73,83
235,198,75,82
233,195,77,83
235,197,74,81
235,198,70,81
234,197,74,90
237,195,75,83
234,195,69,82
234,197,66,84
238,198,61,85
235,197,62,93
239,196,64,98
239,194,66,95
236,197,73,96
237,192,73,97
236,193,75,94
234,190,77,101
236,192,77,102
238,192,72,99
235,191,76,99
238,192,72,95
235,192,76,99
237,190,75,102
236,190,74,99
237,193,71,92
236,194,75,103
237,190,74,102
236,192,74,98
235,192,74,98
235,192,75,98
236,192,73,98
236,193,74,98
238,197,69,90
234,197,74,98
236,195,71,92
236,197,68,94
236,198,69,94
236,198,69,93
236,194,69,97
234,190,72,106
240,193,65,95
236,196,65,99
237,195,63,95
238,197,65,94
238,198,63,86
235,197,71,93
237,198,65,90
236,201,67,84
235,200,67,84
237,200,68,83
237,199,66,90
238,197,64,93
238,197,64,92
236,194,66,97
237,195,63,92
235,193,70,105
237,194,65,93
235,196,64,95
237,195,65,101
238,193,61,94
237,198,65,93
236,196,65,94
237,194,68,107
235,196,66,88
237,198,67,98
236,196,66,93
237,199,65,84
236,199,70,91
238,195,66,83
234,194,76,77
240,201,66,74
244,199,65,75
247,196,58,83
234,190,68,99
235,188,68,93
239,195,62,84
237,200,73,90
238,199,70,79
242,202,67,85
241,207,65,94
250,188,59,95
258,181,70,112
276,185,73,65
224,186,97,87
239,195,71,88
236,191,73,98
236,189,68,96
236,194,65,90
236,201,66,84
233,196,69,79
235,200,68,81
236,196,64,85
238,198,62,83
235,196,66,89
236,197,67,83
232,195,70,88
236,195,70,91
235,194,70,86
237,196,66,92
237,197,64,88
234,196,71,86
235,193,68,90
233,195,68,84
232,194,67,81
232,190,72,87
239,193,61,90
237,196,67,91
236,193,70,95
237,193,77,95
233,183,79,116
237,185,74,115
239,189,71,109
236,189,73,103
234,184,73,109
237,182,70,117
240,188,68,106
234,189,72,101
235,185,70,105
237,186,67,106
235,184,70,113
238,182,69,111
238,188,70,103
237,187,67,102
237,193,66,91
236,198,68,84
236,200,69,86
236,197,66,86
235,196,68,91
236,194,65,95
236,197,68,92
234,195,68,90
235,194,68,101
236,192,65,98
237,189,64,104
237,192,63,97
236,196,65,94
237,192,67,104
239,190,62,95
236,194,67,99
237,193,66,97
239,196,64,81
236,195,72,92
234,197,71,85
237,195,66,92
238,196,64,86
240,195,65,93
241,194,59,89
239,193,67,97
237,189,62,94
238,188,71,89
233,183,74,92
211,183,91,90
221,183,80,86
236,188,66,80
256,186,65,67
290,189,47,56
313,182,39,61
314,182,39,61
224,189,84,93
236,184,58,94
234,193,73,90
235,191,71,90
353,168,58,71
362,167,65,70
220,178,87,98
238,196,68,87
235,192,70,95
237,194,66,89
234,196,69,86
237,194,68,92
233,191,74,89
237,194,68,86
236,195,67,83
237,197,64,83
234,195,73,83
234,197,72,78
232,198,75,83
232,197,75,80
231,194,69,80
233,195,73,80
237,198,64,81
236,195,66,99
235,191,75,112
239,189,73,107
236,193,75,101
237,191,73,96
234,191,77,102
237,193,73,99
234,194,76,96
237,194,72,93
235,196,73,96
234,193,74,96
234,193,74,97
235,190,73,97
233,190,79,108
240,192,71,104
236,195,74,94
237,196,73,95
233,195,76,92
234,195,74,94
234,192,74,98
234,193,75,95
236,191,72,95
236,188,71,102
239,196,67,90
235,196,70,88
235,196,68,88
235,194,72,96
235,194,72,91
234,197,73,91
235,194,67,93
236,194,67,100
236,191,64,96
235,189,67,109
235,191,66,98
234,190,67,105
234,194,67,93
235,193,67,102
234,190,67,97
235,190,67,105
236,192,64,99
237,193,61,97
235,193,70,109
239,193,67,94
237,198,67,82
236,197,67,86
237,198,64,84
238,196,66,84
243,196,61,86
240,197,60,89
250,195,57,79
233,180,84,96
218,178,74,88
224,176,66,81
231,175,74,80
244,179,72,78
262,182,78,71
276,184,74,72
294,189,65,71
305,188,57,77
323,193,42,76
336,197,37,77
350,198,33,79
353,201,39,81
352,204,47,80
353,209,55,84
353,215,63,80
358,218,61,82
357,224,63,80
359,229,64,80
369,234,55,76
374,234,52,78
381,237,45,77
390,236,34,80
392,237,30,74
387,240,33,72
383,240,36,73
376,241,45,69
374,239,49,70
370,241,57,69
368,241,62,71
367,243,62,72
365,243,64,70
362,243,63,71
359,241,63,73
360,238,54,76
358,236,48,75
358,233,37,71
358,234,28,66
356,227,27,69
349,222,34,72
338,219,43,72
330,214,50,77
324,213,53,76
319,209,56,78
313,204,60,79
303,197,66,85
297,194,71,85
296,194,63,80
298,193,56,80
300,194,49,75
301,193,47,76
299,197,44,70
299,196,34,66
290,200,32,62
283,196,30,64
270,184,38,73
260,179,44,80
251,174,51,80
249,173,51,80
243,169,56,78
238,167,54,73
234,165,52,70
229,163,53,73
114,168,101,105
226,165,52,71
212,151,60,95
217,159,50,78
101,160,76,94
91,160,81,95
86,156,78,98
83,152,77,99
80,152,80,96
196,160,60,76
186,160,74,86
186,163,62,76
183,163,64,72
178,165,71,76
104,135,73,99
103,138,82,104
103,141,84,107
109,144,82,108
115,145,83,111
115,144,87,116
119,148,89,115
119,153,94,117
120,160,92,112
118,182,89,98
118,169,106,112
114,173,112,112
111,176,114,113
109,175,114,115
106,176,116,115
101,178,120,114
100,186,117,106
97,184,122,109
96,180,121,114
109,182,109,114
140,184,96,104
114,194,101,114
144,162,78,123
156,167,73,115
175,159,53,127
159,163,61,108
156,167,58,96
171,194,53,96
155,191,68,101
143,195,83,100
172,156,62,141
180,159,55,131
174,194,78,103
170,186,66,123
168,184,73,120
169,140,67,125
173,153,56,87
174,160,51,75
171,164,51,76
166,173,59,84
173,185,103,102
204,197,68,81
152,193,92,94
160,204,100,83
150,208,108,82
148,201,114,89
152,201,109,87
139,199,124,90
142,199,127,86
136,204,118,81
123,189,100,94
163,205,96,75
133,193,107,100
117,193,143,90
114,193,133,90
131,202,134,81
152,195,103,88
169,184,78,93
182,193,77,94
98,180,128,95
147,197,112,83
93,181,140,98
183,199,100,83
170,192,102,91
173,199,95,78
198,196,78,87
192,194,80,88
190,196,74,87
184,197,77,85
210,193,66,88
201,195,73,87
194,190,77,93
189,190,77,95
213,188,64,94
196,190,74,91
204,184,76,97
217,183,64,93
221,184,71,92
233,190,66,77
247,188,59,77
262,186,60,72
275,179,60,75
286,179,61,72
202,196,64,68
207,193,66,70
206,191,82,80
319,175,60,77
209,188,70,83
218,189,82,91
206,183,92,90
205,187,83,82
207,188,70,86
207,188,94,88
219,191,90,84
319,196,58,76
317,201,53,78
301,204,60,79
286,207,62,80
272,210,62,77
246,199,69,93
227,196,75,95
212,192,72,101
208,191,71,100
201,189,87,96
199,189,78,88
200,189,91,89
158,190,118,84
81,187,95,83
225,198,81,83
220,196,79,85
232,198,71,80
221,191,66,90
208,193,79,86
219,194,71,87
211,192,81,91
225,193,72,87
220,193,73,89
216,192,75,89
202,190,87,92
197,192,94,84
207,194,88,83
173,192,101,85
221,200,87,84
209,196,92,85
210,195,81,84
199,193,82,82
220,195,78,88
237,199,67,83
231,194,60,83
178,188,99,94
223,198,68,78
234,191,63,90
213,187,66,87
218,183,62,87
234,181,64,76
252,174,62,74
268,166,69,71
280,159,75,72
290,150,79,73
302,145,76,71
313,140,72,71
325,139,65,68
332,136,64,67
339,136,61,66
201,196,75,79
207,198,80,81
216,198,71,81
213,197,75,79
196,198,85,79
200,199,81,78
203,199,79,79
203,202,72,77
202,199,86,76
301,180,45,66
285,185,45,64
263,184,53,73
232,190,73,81
227,181,62,91
211,181,68,98
192,188,73,95
224,188,67,95
226,195,65,89
206,197,77,88
220,198,76,86
223,198,67,83
215,197,67,89
223,197,64,85
221,196,65,89
211,199,73,85
222,195,65,87
220,196,68,88
226,196,62,87
228,194,60,89
230,193,61,90
222,194,67,91
225,194,65,86
232,193,64,93
221,193,77,93
228,201,70,77
227,194,66,91
227,196,73,80
233,200,71,77
100,212,55,79
114,218,60,79
129,220,67,80
151,205,110,94
194,208,68,88
203,196,81,102
213,210,73,86
224,212,73,80
245,212,70,77
264,211,76,74
288,203,72,71
305,194,71,72
325,184,64,73
339,177,63,74
349,168,63,73
360,162,65,70
368,158,66,70
375,153,66,69
380,150,65,68
385,150,63,67
387,152,61,64
397,155,48,61
397,159,44,59
378,153,59,68
375,157,53,69
372,165,46,69
352,166,54,76
345,174,47,76
333,180,44,77
321,190,42,75
301,202,44,70
284,200,43,78
271,208,49,69
255,202,56,81
248,201,59,83
224,195,64,94
212,200,66,89
249,197,53,84
140,203,106,97
199,203,67,82
129,200,60,84
115,196,57,70
101,194,53,64
87,186,54,64
77,174,56,65
67,168,57,60
61,154,54,65
55,150,55,61
49,148,56,59
46,152,51,50
42,142,56,58
50,157,42,45
42,164,47,35
43,174,34,28
46,172,37,33
51,162,44,48
54,157,58,62
61,167,56,62
68,175,60,63
76,184,61,64
87,194,53,63
101,195,56,65
116,195,68,86
132,196,89,106
220,192,64,92
191,192,85,100
215,186,63,97
221,193,69,89
238,190,68,85
261,200,58,68
280,193,61,70
303,189,55,71
315,175,59,79
334,178,52,69
240,200,73,84
228,199,71,75
244,199,62,73
237,196,63,74
235,196,67,82
236,198,63,75
237,198,65,80
233,195,67,83
367,162,58,77
361,168,61,75
352,172,63,77
344,178,62,76
334,182,59,80
323,188,56,80
306,195,59,79
282,203,67,76
258,201,68,82
235,197,75,93
221,206,74,85
203,195,83,92
172,199,93,93
147,208,93,83
129,207,91,77
110,203,87,82
96,201,74,83
221,185,84,100
225,186,77,98
217,179,85,116
222,183,76,103
225,187,77,105
219,180,83,112
221,179,83,111
222,182,80,106
223,182,81,109
223,181,81,106
220,181,85,106
221,183,83,102
222,183,85,103
219,181,87,108
223,183,79,100
223,185,83,104
226,182,79,112
225,180,84,117
229,180,81,121
225,190,81,107
220,188,81,109
236,187,66,112
245,192,58,115
237,185,69,114
243,190,63,104
235,185,76,109
237,190,65,99
237,192,63,95
232,195,67,91
233,197,72,85
232,195,70,80
231,194,74,82
234,197,70,90
236,199,65,84
232,196,70,88
234,200,67,83
235,199,66,84
235,199,66,83
234,198,66,81
235,198,66,85
235,199,65,84
233,197,70,89
236,199,68,86
234,198,70,84
236,198,67,82
232,196,73,89
236,190,71,102
237,194,63,88
233,199,67,84
238,191,73,94
241,188,62,86
243,185,61,86
237,186,62,88
232,183,67,92
232,184,65,91
228,182,69,96
229,182,74,101
222,186,71,91
228,188,69,96
234,195,64,90
238,195,65,90
238,195,62,94
241,198,63,99
239,195,63,93
239,198,62,88
236,195,67,94
239,196,61,90
234,197,69,86
238,199,66,91
237,197,66,90
238,197,64,86
238,198,64,89
236,199,68,89
239,199,62,87
236,198,66,92
241,195,65,98
238,196,62,89
239,198,60,88
240,194,64,100
239,196,61,92
237,196,64,94
237,194,61,93
237,193,61,93
236,192,62,95
232,191,68,102
228,185,70,101
224,185,76,100
227,185,69,101
223,185,74,96
232,189,73,98
235,191,64,95
234,192,69,102
227,186,71,97
218,183,84,96
225,184,77,97
224,183,76,101
217,182,87,102
212,180,89,101
203,180,95,91
204,179,99,99
197,175,105,99
193,172,107,100
181,171,91,91
172,170,81,89
170,173,69,88
166,170,63,84
161,169,66,81
157,169,66,87
152,169,66,81
149,166,63,81
145,170,63,73
142,169,62,74
137,172,63,74
136,173,60,73
131,171,61,75
129,170,59,75
127,172,59,72
124,173,62,71
122,174,59,71
123,176,57,69
122,178,57,67
122,176,56,72
122,174,54,76
123,176,54,76
124,180,52,71
124,186,53,64
126,182,52,68
126,182,53,69
129,181,50,71
131,182,51,70
133,184,52,69
131,185,56,69
125,187,62,65
125,186,67,64
124,185,62,65
129,190,49,65
135,191,37,66
140,189,32,66
141,187,39,66
139,182,48,68
129,177,66,72
130,171,67,94
128,170,67,84
136,173,59,77
144,177,51,72
162,174,36,82
166,182,31,67
168,177,34,67
167,168,51,72
167,169,57,75
169,167,64,76
169,169,68,84
174,168,63,89
174,172,60,89
173,174,58,98
183,177,60,86
201,176,57,87
213,183,68,85
218,184,64,77
221,179,74,90
228,185,69,81
233,180,65,84
241,180,61,88
244,188,64,100
238,192,55,86
232,184,62,101
240,189,68,87
236,196,68,85
297,178,61,68
231,184,81,109
272,185,79,82
309,174,58,66
319,169,44,68
324,171,39,66
332,172,33,64
334,174,32,65
333,175,34,64
338,177,30,65
337,180,31,64
334,179,37,68
233,193,75,93
236,194,70,97
234,194,69,92
233,193,66,89
236,197,63,82
231,192,68,97
238,202,63,82
234,194,63,90
243,198,65,93
239,190,59,88
229,188,70,93
219,187,81,93
226,188,77,94
169,176,65,86
158,174,61,75
144,178,62,67
131,176,54,65
118,173,53,63
108,170,49,62
98,166,49,63
90,156,48,72
82,153,53,69
77,153,57,64
76,152,57,63
81,161,49,51
76,150,58,54
74,147,64,55
78,146,62,58
80,137,69,65
88,132,67,72
98,133,63,70
115,132,52,70
136,134,38,70
146,134,33,73
155,144,30,64
164,144,37,65
170,140,46,62
179,138,47,62
183,138,59,60
196,141,60,57
207,130,64,64
214,131,65,64
218,129,63,66
225,129,60,64
231,128,56,59
232,125,54,58
236,124,50,55
239,121,45,59
241,119,40,61
242,119,35,59
243,122,31,59
238,124,32,62
234,135,28,56
222,137,32,59
209,135,37,63
190,134,48,68
172,136,62,64
160,136,57,64
150,137,59,61
140,136,57,61
124,134,61,64
116,129,60,64
108,127,60,64
104,123,61,60
100,122,52,57
99,120,58,49
98,116,54,50
98,113,52,50
101,110,47,51
104,106,45,54
107,109,44,53
109,112,46,51
112,114,47,52
118,118,47,53
126,121,47,60
136,125,44,65
143,131,41,66
151,141,46,65
160,147,50,59
175,147,48,60
185,146,59,63
205,140,52,65
221,135,62,67
232,128,65,64
243,121,71,69
256,121,60,60
268,119,62,55
281,119,63,52
288,117,64,54
297,116,59,54
302,115,59,54
307,116,55,54
306,120,56,52
304,123,56,52
299,125,57,53
296,132,52,50
287,135,51,55
277,136,47,63
263,146,52,63
248,158,49,61
230,183,77,109
240,187,72,109
168,169,72,77
164,158,51,60
140,160,38,67
117,159,43,65
95,149,48,73
78,147,47,68
62,143,51,64
47,135,60,65
35,129,61,64
26,125,63,61
17,119,62,61
15,116,58,57
15,113,56,56
16,114,54,51
9,112,63,52
18,112,54,51
14,112,58,52
20,112,53,53
16,112,62,56
24,115,58,57
28,114,62,63
39,118,62,66
49,122,61,72
60,129,68,75
70,137,74,81
84,146,82,83
103,155,82,87
122,165,91,88
145,169,87,87
166,177,95,105
213,188,76,85
233,197,72,76
247,198,73,75
279,200,67,66
308,198,54,63
326,190,51,69
339,178,52,75
349,175,54,74
361,174,52,74
374,175,50,74
383,175,47,76
392,177,44,75
399,179,41,74
403,183,40,72
407,187,38,70
410,189,34,69
411,192,32,68
409,193,31,67
406,194,31,66
403,194,32,65
400,194,34,61
397,193,37,61
394,193,38,58
390,192,41,58
387,190,42,55
384,188,42,53
382,186,42,51
379,182,43,50
378,179,43,48
376,177,43,47
374,176,43,44
372,175,44,42
371,175,45,41
370,175,45,41
367,176,48,41
366,178,49,42
364,179,51,46
363,183,52,47
361,186,54,52
361,190,53,56
359,194,55,59
357,199,56,61
356,200,56,64
354,198,56,70
349,196,59,74
347,190,59,79
345,180,57,80
340,168,58,82
337,153,53,80
335,136,47,82
337,117,42,90
335,98,37,94
333,58,36,125
329,55,39,110
327,47,39,100
321,33,51,104
314,26,63,112
309,28,68,101
301,32,77,101
307,39,72,94
296,55,82,98
302,72,76,92
301,104,79,83
303,130,77,83
306,151,76,86
305,158,78,100
311,174,76,98
313,200,76,84
326,209,67,82
333,216,62,81
343,223,52,76
351,228,46,67
364,229,38,66
371,229,32,62
378,226,25,58
383,225,21,55
386,221,19,52
386,218,21,50
386,218,21,49
389,212,33,42
390,215,34,44
390,221,30,44
389,227,28,45
390,232,23,53
388,237,22,54
384,242,26,63
379,246,31,68
371,249,36,70
361,248,42,78
353,249,47,79
339,244,54,82
328,237,60,84
315,229,67,87
300,217,73,87
290,212,76,81
285,208,82,82
274,203,86,74
266,200,94,75
251,199,101,61
245,193,105,58
258,186,86,47
251,156,88,68
240,173,83,52
239,145,85,76
243,144,76,86
244,139,71,93
247,134,68,114
244,165,67,94
241,189,58,85
243,192,62,91
244,196,66,94
239,196,74,106
243,188,71,117
243,181,84,124
301,248,55,74
318,250,49,72
325,247,53,76
332,248,54,69
338,243,55,70
345,238,54,66
350,230,55,65
356,223,53,61
361,216,51,52
364,209,50,50
367,203,47,47
370,197,45,44
373,191,43,43
375,187,41,41
378,183,37,39
381,179,33,38
383,177,28,36
385,177,26,34
386,176,23,34
388,177,21,34
390,178,19,35
389,181,19,37
389,184,19,38
388,191,20,36
386,195,23,41
383,201,26,44
378,208,32,48
372,215,36,51
366,221,40,54
359,228,43,62
351,234,49,66
344,241,50,72
332,245,57,78
326,250,55,85
312,251,62,89
294,246,74,94
271,229,84,108
256,212,89,105
237,212,99,99
235,213,87,78
223,199,90,74
216,185,89,94
195,168,103,71
193,145,98,68
176,126,105,69
176,105,104,79
174,96,100,84
179,98,90,82
178,86,88,94
178,87,86,98
182,97,87,97
189,113,79,96
200,143,69,87
211,167,77,103
229,186,64,93
233,199,58,84
240,202,68,93
245,200,64,106
243,195,68,111
241,191,67,102
236,190,71,101
235,190,55,95
237,196,63,92
238,196,62,91
337,214,54,67
342,210,53,60
348,205,48,55
356,202,40,50
365,197,30,47
372,195,25,42
379,191,21,40
379,185,31,40
375,181,39,40
373,179,45,40
373,179,47,39
376,179,45,39
379,179,43,40
384,182,37,41
388,186,31,46
391,191,26,48
392,197,25,51
391,203,27,51
386,208,37,53
382,216,47,56
377,226,55,60
372,233,62,66
368,242,63,69
362,248,64,73
354,251,63,78
347,252,60,81
337,249,48,83
327,244,39,87
312,233,42,86
284,215,64,96
270,204,67,97
238,186,79,95
242,169,73,101
243,183,68,103
175,126,107,62
149,102,123,58
137,62,113,82
131,38,107,93
126,13,91,111
126,8,92,115
121,6,83,116
121,8,81,114
235,195,73,89
101,9,69,114
88,32,87,100
81,60,86,78
75,80,88,71
73,98,93,73
70,111,78,83
68,128,75,85
71,145,67,86
72,168,62,89
76,189,45,89
80,206,37,94
83,226,33,85
86,240,32,84
85,246,41,79
81,248,46,73
74,246,55,69
71,245,59,63
68,241,61,61
68,238,60,56
69,232,59,55
71,224,58,57
77,217,49,55
80,211,45,53
84,206,37,51
89,204,28,48
90,203,22,48
87,200,22,48
81,199,29,46
77,199,37,43
71,199,45,42
68,199,50,44
63,199,55,46
59,200,57,48
56,203,56,48
52,209,52,48
48,215,49,48
44,221,44,50
41,223,36,56
39,225,30,62
36,226,31,70
25,228,43,73
10,225,60,81
6,223,65,86
7,205,68,104
6,205,68,101
8,193,71,99
8,181,73,99
8,161,82,96
7,140,87,91
9,113,86,91
28,85,73,94
48,46,60,105
64,24,60,116
75,7,68,115
82,10,82,102
92,5,93,94
102,6,105,80
112,14,118,65
125,20,90,62
144,23,77,72
158,34,90,90
170,45,81,90
185,76,95,89
191,98,90,104
214,130,68,113
221,175,73,98
230,190,63,100
234,199,58,111
231,203,56,118
229,199,59,127
221,194,72,139
219,191,65,136
226,190,84,120
233,196,80,110
235,193,76,106
237,196,72,98
232,195,72,95
235,197,67,93
235,200,66,87
232,197,73,102
239,200,64,82
231,196,70,95
233,202,71,93
235,200,67,88
235,198,68,102
233,198,70,92
234,200,69,97
235,200,68,93
234,199,70,98
233,200,69,86
233,198,73,105
233,201,75,88
234,199,71,94
232,201,72,88
233,200,71,94
233,199,70,91
234,199,69,91
234,198,69,94
234,200,67,88
232,199,73,97
231,198,72,87
231,200,73,95
233,199,70,87
232,199,72,94
231,200,72,86
231,201,74,92
230,202,73,83
229,201,76,91
229,202,72,80
232,203,72,85
230,204,74,82
233,203,73,90
233,202,68,80
233,200,70,87
233,201,71,93
233,201,69,87
234,201,71,95
234,199,69,85
234,201,68,92
236,200,67,92
234,200,67,86
236,198,66,96
235,199,67,91
234,197,69,101
235,198,69,93
238,199,64,91
235,198,66,87
235,199,66,86
237,201,66,82
233,201,70,84
234,199,70,78
232,200,72,81
234,199,71,86
232,197,70,96
233,199,72,102
234,197,72,93
233,199,71,94
233,198,71,96
232,199,71,87
232,199,73,101
234,199,71,89
231,199,71,91
234,197,69,96
235,195,66,92
235,195,69,100
236,195,66,92
236,196,62,90
234,196,69,97
239,194,63,97
236,196,60,89
231,193,73,115
238,190,71,103
234,190,69,97
235,188,66,104
232,196,70,81
234,196,71,79
235,196,70,85
230,197,73,82
205,203,86,117
234,215,80,111
249,206,82,110
215,187,80,95
227,194,75,80
231,198,78,87
231,197,78,95
229,189,81,92
233,193,75,87
234,195,68,81
234,198,72,85
235,196,67,80
235,197,69,92
236,196,64,91
235,197,69,94
236,196,62,85
232,195,76,104
237,191,69,95
236,195,63,91
234,194,71,96
237,195,65,84
231,196,71,84
234,199,70,85
232,197,68,77
225,196,73,84
227,195,83,78
269,217,81,64
239,219,80,73
219,213,77,82
172,217,75,80
115,212,85,81
72,198,82,92
28,186,88,89
236,197,72,83
234,194,66,97
236,195,64,93
234,195,69,104
235,189,68,101
235,192,69,103
235,192,68,96
236,193,63,95
234,196,66,94
235,195,68,100
236,194,64,95
237,195,66,100
237,191,64,98
235,193,63,94
236,193,69,104
235,190,68,102
235,193,68,100
237,192,63,95
237,195,65,100
236,194,64,95
235,196,69,103
238,192,66,98
235,193,64,94
236,194,67,100
235,192,71,83
234,194,69,81
235,196,70,80
233,198,69,79
245,192,61,85
232,194,66,88
227,194,73,87
236,193,67,80
236,176,62,90
249,175,66,85
235,183,81,114
237,177,91,110
227,187,75,96
237,192,70,90
232,193,72,97
234,192,69,92
235,194,69,95
231,186,74,94
227,177,85,107
234,175,93,102
222,187,92,87
238,176,96,91
230,170,93,85
219,174,90,88
209,177,93,90
197,180,96,91
182,179,97,100
158,175,88,106
130,185,89,97
110,194,64,96
90,199,66,94
69,199,66,91
54,195,70,87
44,189,66,87
39,181,63,85
36,178,63,79
32,174,66,73
31,170,69,72
31,169,74,68
234,195,72,98
236,189,68,102
236,190,65,98
236,195,64,95
234,195,65,95
235,195,71,101
237,194,64,89
235,198,67,91
237,197,64,84
240,199,65,80
240,199,60,83
244,195,59,85
236,197,64,85
231,192,72,93
232,189,61,90
231,183,62,90
237,182,58,90
240,178,65,98
243,172,63,103
258,170,59,75
268,156,58,73
268,138,69,79
267,130,78,77
266,125,76,75
257,116,86,71
248,108,88,70
233,200,74,87
233,200,72,86
212,93,76,71
202,88,65,73
182,87,67,76
162,92,57,73
142,98,53,78
117,101,58,85
94,107,57,89
73,114,64,90
50,122,79,87
36,130,83,83
235,193,71,94
234,192,68,98
236,192,62,95
233,194,69,105
235,191,68,98
235,193,63,97
236,194,67,99
235,192,65,99
236,192,66,101
237,194,65,94
233,197,67,91
236,196,71,102
237,194,69,92
235,198,69,95
239,198,65,92
239,197,63,91
235,197,68,95
237,195,64,92
234,191,66,94
228,186,75,100
224,179,63,90
228,180,60,91
234,177,59,89
236,175,61,87
240,172,65,89
242,171,74,88
244,167,83,85
241,164,83,86
239,160,78,83
231,151,86,82
224,141,92,99
213,137,95,91
199,131,103,89
174,118,101,95
156,123,89,84
134,126,78,82
114,129,73,86
87,131,72,90
59,138,70,90
36,143,73,92
18,143,73,97
7,149,73,96
15,150,59,99
17,181,50,72
235,194,68,95
234,192,65,101
235,193,67,99
234,191,64,97
234,194,67,101
235,194,64,94
235,194,67,96
234,194,64,90
236,196,69,93
233,194,65,90
235,196,71,93
235,195,64,87
237,197,68,89
242,202,59,77
239,194,65,96
239,197,57,81
222,189,74,94
227,192,73,87
223,194,63,88
227,196,63,86
227,201,57,82
231,205,54,81
233,203,58,87
236,199,62,92
235,199,63,92
235,199,68,91
233,199,71,92
230,198,78,94
225,193,86,101
216,191,93,97
210,187,94,102
190,184,105,104
173,181,105,101
144,176,115,97
120,176,99,93
101,180,84,95
79,174,90,98
57,177,85,93
33,179,82,91
11,177,84,93
3,177,82,95
0,174,80,104
18,169,68,95
13,183,63,108
18,189,58,98
16,188,64,91
35,195,47,85
12,198,81,92
17,202,88,86
20,203,98,86
37,206,90,83
58,207,85,81
77,208,78,79
101,210,66,73
121,210,62,69
140,209,67,68
165,208,58,71
170,201,67,85
234,195,68,91
226,190,68,89
227,190,71,87
228,188,69,83
234,186,70,96
235,185,61,84
237,185,68,91
237,184,64,83
239,183,63,82
240,183,65,88
240,184,70,83
237,186,74,86
229,187,80,90
222,189,87,98
212,199,93,101
200,213,91,90
176,210,101,98
157,216,91,102
130,218,96,92
110,218,75,95
84,220,72,105
227,193,83,96
235,192,71,99
232,193,73,105
239,195,65,96
235,196,64,95
233,192,73,117
238,191,71,104
231,188,74,99
234,192,67,96
232,192,69,102
233,193,69,99
234,193,66,96
234,195,67,98
234,195,65,93
234,194,71,106
235,194,69,87
233,197,66,89
235,197,69,91
233,197,67,83
235,199,72,90
235,197,67,80
235,198,68,87
237,198,63,84
239,197,66,105
241,198,64,88
237,197,69,102
240,192,69,98
242,194,66,91
240,188,77,100
243,195,73,92
241,193,81,90
245,197,72,88
237,193,85,86
239,192,88,92
242,193,89,92
240,196,76,89
235,193,87,87
234,192,85,92
237,190,78,98
235,189,80,98
236,188,81,98
235,189,79,98
235,189,76,97
236,191,70,95
236,193,68,96
237,195,63,93
235,197,67,94
235,194,68,98
237,194,66,95
233,194,69,91
236,196,67,92
235,198,66,90
235,196,66,95
235,194,68,96
233,195,67,90
233,198,74,99
234,194,67,91
231,196,74,102
234,195,71,91
232,192,70,99
237,194,66,95
236,190,63,100
235,189,67,109
236,185,65,106
236,189,65,101
235,192,67,100
234,191,71,86
234,193,70,86
232,194,74,86
233,195,72,84
233,194,74,92
234,196,72,87
232,193,74,95
233,193,73,91
235,192,71,93
234,194,75,93
235,190,70,95
236,192,69,100
235,189,67,105
236,189,67,103
237,191,64,100
236,191,66,102
236,190,67,103
235,190,67,99
235,190,66,97
236,190,68,104
235,188,67,102
235,189,68,105
235,190,68,98
234,191,70,106
237,190,65,97
235,189,66,100
237,191,64,103
237,191,65,103
237,189,64,102
238,190,63,102
236,189,64,102
237,190,64,105
236,189,63,100
237,189,65,105
234,190,69,102
234,193,69,92
235,192,65,96
235,194,68,94
235,191,68,98
236,193,68,85
235,192,68,96
236,192,66,91
236,191,66,97
238,189,61,100
238,191,60,96
238,191,66,104
234,188,71,103
235,190,71,101
238,189,71,92
235,193,72,94
233,190,74,104
236,188,72,104
234,187,76,109
237,190,74,108
237,192,72,100
238,192,71,93
236,192,72,94
240,193,68,90
243,192,64,88
240,192,64,89
236,193,67,88
235,193,67,99
239,194,63,86
235,191,71,81
235,192,69,84
238,192,67,89
235,193,67,87
237,193,66,93
236,193,66,92
235,194,67,96
238,193,63,94
235,193,67,99
239,190,63,97
235,191,66,99
238,191,63,102
236,191,65,103
237,189,63,106
237,189,65,106
239,190,62,92
238,191,66,99
235,189,68,105
234,190,67,99
237,191,64,103
236,189,64,104
234,193,64,97
233,192,70,107
237,193,65,93
234,194,70,96
236,193,67,93
236,194,68,97
236,193,64,96
237,194,66,98
239,191,59,97
242,193,58,92
242,190,61,87
240,195,59,86
239,192,65,95
244,194,59,86
240,194,62,89
242,192,62,89
241,194,61,87
240,192,61,95
240,193,63,86
240,193,62,88
238,190,64,88
237,192,65,93
236,191,65,101
239,190,60,105
239,192,61,103
236,194,67,88
237,193,65,91
238,194,64,96
235,191,66,100
238,193,63,98
236,194,65,97
237,193,67,115
234,194,68,98
236,197,65,87
238,196,65,88
236,197,64,82
233,193,72,104
234,193,68,95
234,196,69,95
236,194,65,97
237,196,66,95
236,192,61,97
238,192,64,102
239,191,62,96
243,190,60,90
244,191,57,88
243,190,59,89
243,192,57,90
239,193,62,88
241,193,63,87
242,195,60,83
239,192,66,88
242,192,62,86
242,192,62,86
243,192,62,86
242,194,61,85
241,193,59,89
238,191,63,106
238,190,61,101
237,192,67,104
234,193,69,91
238,194,65,90
238,195,65,93
235,193,64,96
235,195,64,97
235,193,65,103
236,193,64,100
236,194,66,102
235,193,66,101
235,193,68,101
