403,94,60,67
406,99,53,64
396,104,54,61
349,118,63,58
329,124,61,52
308,117,61,53
296,110,65,57
292,108,76,56
298,98,80,54
302,87,82,64
310,81,83,54
309,66,92,66
313,65,92,62
306,52,95,71
311,47,94,68
308,50,88,62
303,54,86,64
301,57,78,66
297,72,78,69
293,81,86,62
288,80,81,69
281,73,72,81
269,79,74,87
250,89,69,83
237,95,68,91
236,108,66,90
230,116,69,94
232,118,63,102
239,117,56,100
246,117,59,97
258,116,56,101
267,109,62,96
272,99,63,100
279,95,61,101
284,91,59,103
296,96,62,89
307,96,59,88
310,98,70,85
324,109,76,86
325,109,89,93
327,113,94,90
326,109,101,97
322,124,104,92
320,130,106,91
314,132,116,88
307,131,130,90
304,128,129,98
292,129,130,101
282,124,134,97
270,112,131,106
265,109,132,106
258,102,135,113
254,89,143,111
260,89,135,105
264,96,135,125
258,92,153,139
263,96,141,130
259,92,135,138
265,84,126,149
264,79,126,151
269,78,112,150
278,81,104,146
279,81,93,147
281,80,84,156
284,72,77,161
282,50,76,168
281,49,75,173
271,46,79,175
269,44,80,167
272,50,73,166
271,37,75,172
273,30,74,169
272,26,67,170
280,27,66,172
281,32,66,174
284,32,65,160
290,34,62,169
289,41,67,166
297,39,73,166
301,42,70,167
304,49,72,170
310,56,59,162
313,53,64,163
317,55,65,165
319,60,66,166
323,64,59,160
319,61,66,165
322,61,67,164
323,65,63,164
323,66,69,161
325,65,64,165
327,70,64,160
323,70,68,163
324,69,76,168
321,71,94,163
323,79,104,151
314,81,129,162
312,89,155,171
315,102,188,172
320,115,202,172
328,131,210,155
336,132,213,148
341,146,222,150
342,150,239,142
348,150,258,167
343,143,290,191
346,158,272,169
331,170,294,153
314,171,300,146
318,162,303,173
316,152,281,199
304,150,254,173
311,145,237,181
310,137,221,178
317,120,212,204
320,112,215,237
301,128,192,191
281,136,163,147
283,131,132,127
271,119,128,90
258,107,133,86
227,58,128,109
202,25,122,129
202,25,122,129
169,-22,133,125
169,-22,133,125
169,-22,133,125
169,-22,133,125
169,-22,133,125
169,-22,133,125
169,-22,133,125
169,-22,133,125
169,-22,133,125
432,38,136,118
538,208,132,150
538,208,132,150
538,208,132,150
538,208,132,150
538,208,132,150
538,208,132,150
538,208,132,150
538,208,132,150
538,208,132,150
538,208,132,150
538,208,132,150
538,208,132,150
538,208,132,150
538,208,132,150
538,208,132,150
538,208,132,150
538,208,132,150
538,208,132,150
538,208,132,150
538,208,132,150
538,208,132,150
538,208,132,150
538,208,132,150
538,208,132,150
538,208,132,150
538,208,132,150
538,208,132,150
538,208,132,150
538,208,132,150
538,208,132,150
538,208,132,150
538,208,132,150
538,208,132,150
538,208,132,150
538,208,132,150
538,208,132,150
538,208,132,150
538,208,132,150
538,208,132,150
249,138,136,112
257,146,103,93
272,142,81,89
264,127,89,89
269,120,90,92
277,114,79,100
287,122,74,99
278,120,90,101
276,121,96,111
267,119,105,114
269,122,106,105
259,124,118,103
271,126,109,108
272,128,108,107
277,133,110,115
275,125,84,122
278,136,105,110
279,138,99,115
274,139,100,111
269,138,100,103
272,143,103,105
264,140,110,112
261,137,111,122
259,136,119,123
260,135,112,133
267,146,91,117
288,149,100,124
292,152,110,135
295,147,103,139
306,148,117,139
309,158,115,139
311,167,132,159
323,162,118,154
326,169,114,133
336,163,98,124
333,166,94,109
327,170,93,98
325,164,83,101
315,164,80,89
300,163,90,85
294,158,82,87
279,154,82,84
265,147,71,88
246,145,86,80
228,141,88,80
217,141,86,77
201,135,83,81
191,137,91,85
180,142,88,77
170,143,88,85
157,143,72,84
155,143,73,87
149,141,74,82
137,145,64,77
131,163,76,71
127,163,79,78
125,162,96,78
128,167,106,82
125,172,96,80
120,185,108,81
114,193,118,70
128,188,110,81
123,195,116,81
119,202,129,78
117,207,146,71
110,211,169,67
100,212,180,66
118,217,179,64
150,224,192,64
172,222,197,66
200,222,202,72
220,227,185,77
231,232,191,77
254,232,195,72
287,230,195,88
294,235,208,88
329,236,179,82
353,231,156,67
364,223,163,68
370,224,161,61
371,222,169,64
373,220,161,59
381,217,156,64
381,205,151,62
381,196,140,56
377,184,130,61
385,182,115,52
379,172,103,54
372,168,100,57
364,160,94,53
342,157,100,54
335,155,96,50
324,155,96,48
309,156,91,48
297,154,90,51
288,155,88,52
269,168,93,47
261,173,91,49
250,177,94,48
242,178,94,53
239,177,96,61
236,178,93,55
230,187,94,48
223,192,100,53
220,192,101,55
220,195,97,50
215,192,99,54
211,197,97,52
210,196,95,55
207,196,94,52
203,195,94,56
201,192,94,59
199,195,96,72
192,187,103,89
187,178,110,109
188,178,107,115
199,180,95,116
208,182,88,120
219,190,81,120
227,192,68,130
230,199,64,156
235,199,58,157
234,206,53,156
230,208,51,148
226,220,56,137
228,217,50,135
225,213,57,140
217,216,63,135
216,204,74,145
220,192,67,126
228,181,81,111
229,167,99,116
241,154,94,113
250,131,103,114
257,121,109,115
261,112,108,108
268,105,109,105
274,98,109,102
275,97,108,100
280,94,109,103
278,91,108,104
283,93,105,101
288,95,105,104
285,101,105,92
292,106,104,100
293,107,103,90
294,109,110,86
294,109,108,105
298,98,103,105
301,101,102,108
298,106,104,109
297,106,114,105
303,101,104,110
303,99,100,104
298,103,101,100
302,98,99,103
299,100,100,115
299,99,102,113
297,102,108,106
298,94,112,108
304,96,113,103
289,98,127,108
283,98,144,119
278,100,152,113
282,101,156,107
268,105,173,83
262,109,186,79
265,108,165,96
264,95,162,104
269,89,152,92
271,81,150,96
272,72,155,86
271,63,166,82
294,44,151,105
301,38,144,122
301,38,144,122
301,38,144,122
301,38,144,122
301,38,144,122
301,38,144,122
301,38,144,122
301,38,144,122
301,38,144,122
301,38,144,122
301,38,144,122
301,38,144,122
301,38,144,122
301,38,144,122
301,38,144,122
301,38,144,122
301,38,144,122
301,38,144,122
301,38,144,122
301,38,144,122
301,38,144,122
301,38,144,122
301,38,144,122
301,38,144,122
301,38,144,122
301,38,144,122
301,38,144,122
118,4,134,132
118,4,134,132
118,4,134,132
118,4,134,132
118,4,134,132
118,4,134,132
118,4,134,132
118,4,134,132
125,17,116,125
125,17,116,125
125,17,116,125
119,41,115,102
95,49,97,90
95,49,97,90
93,62,79,80
110,72,64,64
115,75,63,66
113,77,65,60
113,82,65,55
104,80,71,58
101,85,72,55
106,95,69,48
97,98,73,51
101,103,70,52
108,114,65,48
99,125,67,51
91,126,71,49
87,125,76,51
95,128,71,49
96,132,72,47
92,136,69,50
91,142,72,50
81,151,76,52
76,155,79,53
65,162,82,46
55,162,89,50
55,164,80,55
51,172,72,49
44,172,68,50
38,178,67,51
25,185,69,49
6,179,77,61
0,178,77,62
2,173,74,68
3,176,68,73
3,176,68,73
3,176,68,73
3,176,68,73
3,176,68,73
3,176,68,73
3,176,68,73
0,197,51,74
0,197,51,74
0,197,51,74
0,197,51,74
0,197,51,74
0,197,51,74
0,197,51,74
0,197,51,74
0,197,51,74
0,197,51,74
0,197,51,74
0,197,51,74
0,197,51,74
0,197,51,74
0,197,51,74
0,197,51,74
0,197,51,74
0,197,51,74
0,197,51,74
0,197,51,74
0,287,38,70
0,287,38,70
0,287,38,70
0,287,38,70
0,287,38,70
0,287,38,70
1,309,42,62
31,316,53,61
31,316,53,61
31,316,53,61
31,316,53,61
31,316,53,61
31,316,53,61
31,316,53,61
31,316,53,61
31,316,53,61
31,316,53,61
31,316,53,61
31,316,53,61
31,316,53,61
31,316,53,61
31,316,53,61
31,316,53,61
31,316,53,61
31,316,53,61
1,278,43,65
1,278,43,65
1,278,43,65
0,281,38,63
0,281,38,63
1,278,46,63
0,253,47,64
0,253,47,64
22,236,52,52
21,237,51,41
19,237,52,43
2,240,54,44
2,242,52,46
0,245,49,43
1,239,43,51
1,239,43,51
2,223,47,45
1,210,50,47
0,208,50,46
7,204,51,44
7,204,51,44
36,183,45,39
50,171,39,35
56,156,31,34
57,146,29,38
56,149,29,36
55,148,30,35
57,147,33,36
64,143,33,39
63,151,30,34
61,151,29,37
58,144,31,43
62,127,30,43
66,113,29,41
63,111,29,37
64,118,29,33
54,131,31,34
51,135,27,35
50,138,26,30
44,140,27,31
33,136,31,28
25,138,31,29
8,140,32,29
0,135,29,32
0,135,29,32
0,135,29,32
0,135,29,32
0,154,31,35
0,154,31,35
0,154,31,35
0,154,31,35
0,154,31,35
0,154,31,35
0,154,31,35
0,154,31,35
0,154,31,35
0,154,31,35
0,154,31,35
0,154,31,35
0,154,31,35
0,191,30,31
0,259,36,31
0,259,36,31
0,259,36,31
0,259,36,31
2,203,45,30
2,203,45,30
2,203,45,30
2,203,45,30
2,203,45,30
2,203,45,30
14,159,46,30
14,159,46,30
14,159,46,30
14,159,46,30
8,168,42,26
12,165,38,24
12,165,38,24
12,165,38,24
12,165,38,24
12,165,38,24
73,211,45,24
60,284,48,25
60,284,48,25
60,284,48,25
60,284,48,25
60,284,48,25
60,284,48,25
60,284,48,25
62,227,42,31
66,206,38,35
61,201,39,40
61,201,39,40
-1,200,32,39
0,187,37,39
86,108,34,48
122,96,47,47
139,91,57,54
160,87,67,57
184,83,62,58
202,82,59,61
221,77,58,64
230,73,62,58
237,73,73,63
255,74,75,60
268,74,75,65
276,75,75,63
288,77,75,65
301,81,76,69
308,86,73,66
315,89,74,71
315,90,74,90
314,87,79,93
314,85,81,99
322,85,76,95
325,87,71,86
319,85,70,71
314,84,69,70
302,85,78,71
274,95,83,73
257,98,81,79
235,123,77,73
219,129,72,73
190,131,77,63
171,130,82,66
158,133,84,68
150,139,84,71
147,140,82,74
146,137,85,85
144,133,89,94
135,132,100,97
119,142,107,88
109,155,110,82
104,163,108,95
104,167,117,98
102,167,116,102
92,177,121,111
62,198,131,132
40,211,139,131
25,217,146,137
12,225,152,124
7,226,152,128
23,227,133,122
5,217,148,133
7,204,143,117
1,186,151,109
-1,169,162,121
1,165,152,120
0,151,162,133
2,154,154,118
13,155,152,119
14,155,155,134
23,156,157,138
53,148,145,142
71,141,137,149
100,133,127,157
120,137,116,159
139,146,108,162
161,152,92,149
176,149,87,156
182,150,93,157
188,156,93,159
188,158,95,155
193,160,95,153
195,160,96,150
203,157,86,149
216,150,79,146
221,149,83,141
230,143,79,139
240,137,78,134
250,136,74,135
250,138,82,140
252,140,84,130
262,140,79,127
268,137,79,130
279,133,70,127
278,132,78,128
284,132,78,122
289,125,76,124
303,124,72,123
309,118,71,118
318,111,70,122
328,104,69,126
340,90,59,143
344,83,62,156
346,81,72,166
357,89,62,168
360,93,65,158
373,96,69,154
368,90,77,177
379,122,101,168
385,134,113,177
387,140,127,171
401,158,123,160
403,163,132,154
417,169,132,147
418,171,150,150
415,169,169,157
428,169,178,171
433,182,191,156
441,181,180,140
443,177,179,131
443,173,186,127
453,168,184,144
458,175,178,148
470,189,167,148
485,193,151,136
499,206,135,129
519,217,115,126
521,238,115,114
520,252,116,102
525,266,112,92
530,275,107,81
545,279,92,76
545,289,91,66
544,281,94,64
546,275,89,61
533,281,99,60
528,264,108,71
522,248,115,70
521,247,117,74
511,243,124,67
504,222,129,63
498,208,138,70
478,206,155,68
467,188,167,70
460,182,178,69
450,181,176,75
443,170,153,75
435,168,143,69
416,172,137,67
407,163,147,65
398,156,135,56
376,158,134,56
364,151,121,57
347,153,125,55
331,145,128,59
330,143,119,60
316,149,114,58
299,143,123,70
287,137,131,79
286,140,127,90
279,141,124,85
305,148,112,92
292,128,121,107
308,116,102,122
332,117,75,124
340,125,64,118
350,138,60,104
337,144,50,92
341,146,43,85
329,141,39,74
321,135,36,64
315,127,36,67
319,140,33,54
305,132,39,62
299,140,34,62
299,147,36,49
300,121,37,61
301,118,38,74
303,129,36,66
301,119,41,76
299,121,42,76
301,119,43,77
295,120,53,82
288,121,59,91
285,123,61,100
293,131,76,95
278,134,95,97
282,138,104,96
282,138,100,102
280,142,109,97
286,148,106,100
292,137,110,112
284,127,115,109
291,120,98,98
288,112,88,96
274,103,96,101
263,92,97,117
260,88,88,123
257,86,78,128
238,83,79,132
235,88,65,128
234,90,56,121
222,92,55,128
213,94,55,125
201,103,51,118
189,106,53,109
182,114,47,100
172,116,46,89
164,117,47,87
160,113,46,86
160,102,48,86
156,96,48,87
158,83,49,95
164,81,51,90
174,77,47,92
181,76,47,88
190,70,46,90
199,67,44,87
206,68,44,87
215,71,42,87
217,76,40,90
216,76,42,90
223,79,41,90
221,83,43,89
226,82,40,88
225,82,42,92
224,88,43,89
228,86,40,88
227,87,41,88
226,90,42,87
229,88,40,87
224,90,44,88
224,95,42,88
223,93,44,89
222,91,43,86
223,88,43,87
224,82,45,90
225,80,45,90
229,84,42,90
230,88,41,88
229,87,41,89
228,91,47,93
220,86,56,89
222,88,66,75
219,93,78,71
212,87,88,72
221,87,93,74
233,98,92,76
248,90,78,75
278,89,76,63
301,63,73,66
315,51,68,68
322,46,68,77
331,28,78,79
345,1,74,84
359,3,67,74
375,18,75,72
366,28,93,69
443,159,115,75
408,170,129,72
377,165,133,74
351,160,151,76
357,160,151,78
359,147,161,83
369,145,155,79
366,147,163,81
367,147,162,76
365,145,165,77
365,156,162,80
360,157,161,75
352,159,166,73
346,158,169,77
350,157,160,74
348,157,162,69
343,154,156,77
343,151,161,68
339,147,161,71
330,147,154,73
323,147,154,67
306,144,155,69
304,141,147,73
294,141,143,70
288,141,139,73
282,136,138,70
272,135,140,73
271,133,141,77
260,131,142,73
257,129,139,75
258,123,130,86
243,126,135,75
239,124,135,81
235,127,135,92
221,125,136,82
212,126,139,90
213,129,116,89
203,130,118,70
198,128,118,70
189,129,120,80
188,131,117,89
176,135,124,90
173,136,128,86
174,137,121,82
171,135,124,79
173,137,123,77
170,139,125,74
168,140,127,75
165,138,134,75
161,139,139,76
157,143,139,70
155,141,135,73
160,141,128,72
155,141,134,69
155,144,131,67
148,143,133,69
145,145,133,70
142,142,139,74
139,143,138,77
140,143,139,76
138,146,134,73
132,151,135,70
121,150,145,75
126,149,140,79
121,150,132,75
122,147,134,73
113,149,137,72
110,144,136,74
109,142,135,76
112,136,134,75
117,140,118,69
118,141,118,69
123,140,117,74
124,136,113,71
125,135,113,70
127,129,114,73
128,132,104,68
129,131,105,65
125,130,111,67
123,128,112,71
122,130,107,68
119,132,104,64
112,127,108,67
112,122,116,75
110,118,114,69
108,111,106,74
110,105,104,71
112,100,106,75
115,93,104,66
112,86,108,74
114,75,112,69
117,53,106,79
119,45,112,75
117,31,112,76
119,14,116,78
117,2,106,62
120,0,90,54
119,0,93,39
119,0,93,39
119,0,93,39
119,0,93,39
119,0,93,39
119,0,93,39
119,0,93,39
119,0,93,39
119,0,93,39
119,0,93,39
119,0,93,39
119,0,93,39
119,0,93,39
119,0,93,39
119,0,93,39
119,0,93,39
119,0,93,39
119,0,93,39
119,0,93,39
119,0,93,39
119,0,93,39
119,0,93,39
119,0,93,39
119,0,93,39
119,0,93,39
119,0,93,39
119,0,93,39
119,0,93,39
119,0,93,39
263,20,77,50
364,30,85,50
348,27,84,50
333,20,72,54
310,15,60,50
285,8,59,60
284,19,53,63
233,9,60,64
212,14,69,65
188,13,82,66
185,17,100,72
162,13,105,81
133,13,100,96
128,12,94,106
120,14,93,98
118,29,104,85
102,24,111,96
102,24,97,103
103,29,86,100
124,48,83,90
131,62,96,76
143,72,109,55
147,75,117,47
158,69,107,43
165,58,101,48
173,54,90,46
177,41,90,53
180,33,88,59
191,25,82,53
209,23,77,53
222,16,74,49
247,6,69,54
264,4,62,49
285,4,59,45
307,1,67,37
307,1,67,37
307,1,67,37
307,1,67,37
307,1,67,37
307,1,67,37
307,1,67,37
419,1,62,44
433,0,70,51
418,1,71,57
389,16,83,51
381,31,83,47
370,30,80,49
369,27,82,53
359,30,88,51
362,30,90,52
364,35,86,54
367,37,83,53
366,48,73,45
372,49,73,42
365,54,77,39
367,56,78,34
373,61,72,37
373,63,73,39
370,65,75,38
371,65,71,41
371,65,71,41
368,69,76,35
363,67,75,31
366,66,66,36
365,57,61,46
383,44,50,53
387,34,47,61
384,11,56,63
384,11,56,63
392,3,62,53
392,3,62,53
392,3,62,53
392,3,62,53
392,3,62,53
