313,93,119,93
316,82,109,96
313,77,105,95
298,71,117,94
287,67,121,98
271,62,122,97
252,54,124,100
236,52,124,103
234,55,115,103
199,64,127,108
187,70,130,112
157,76,138,111
134,82,150,111
131,82,145,114
109,86,144,116
105,85,130,116
108,83,119,120
106,88,121,117
116,90,129,115
130,92,129,120
142,94,145,122
198,104,137,115
218,106,133,112
265,107,137,118
307,108,135,117
330,107,137,117
380,101,129,117
384,99,136,120
425,95,131,121
427,92,138,123
472,80,136,135
488,76,138,134
498,81,135,137
496,83,132,127
496,85,136,130
461,71,144,136
457,70,140,136
383,63,140,139
347,71,131,129
301,78,134,133
271,89,128,135
269,97,124,130
158,158,131,125
122,194,141,122
122,194,141,122
122,194,141,122
85,208,136,126
85,208,136,126
85,208,136,126
85,208,136,126
85,208,136,126
78,224,137,116
87,225,136,115
88,225,142,116
90,223,147,121
97,225,146,123
109,223,136,118
114,213,139,131
124,213,143,127
133,211,146,122
141,212,144,121
154,214,147,113
154,211,148,124
186,216,140,128
191,216,137,127
217,214,138,129
253,206,133,139
294,198,131,135
349,186,133,137
361,188,132,137
400,184,125,134
446,172,111,131
467,166,97,126
469,168,95,135
472,166,91,128
468,171,77,132
441,163,78,124
407,160,89,124
358,147,117,126
314,137,107,112
272,129,119,109
252,122,120,124
212,113,121,123
164,103,137,132
117,95,145,138
94,90,162,146
75,81,132,143
46,78,134,142
30,73,139,141
20,66,152,142
15,65,155,138
32,63,146,149
54,65,142,154
87,69,140,154
97,68,141,153
149,73,167,160
193,85,151,154
250,99,167,151
355,111,154,152
408,117,133,143
434,112,139,140
438,112,139,140
438,101,142,133
464,102,130,128
456,95,141,123
430,98,168,111
424,91,170,118
388,103,174,104
369,100,178,115
365,104,188,115
284,119,164,112
261,126,129,112
215,133,119,113
160,137,119,115
119,135,116,114
81,126,122,119
38,119,143,121
1,106,137,136
8,106,110,121
0,105,111,138
7,118,115,138
22,133,134,140
61,153,127,144
120,174,151,139
169,182,162,144
269,176,147,154
277,191,131,133
388,175,146,144
445,174,149,140
450,169,147,125
477,168,147,136
496,169,131,137
505,180,126,136
499,181,131,131
504,177,122,138
464,211,155,127
443,213,168,116
433,210,144,96
425,209,147,93
423,215,146,93
421,213,149,100
429,214,143,106
434,211,138,108
445,213,128,102
420,216,137,107
441,216,131,92
420,215,157,105
430,216,146,101
421,213,156,108
426,214,153,103
440,214,136,98
442,216,140,83
457,210,131,86
442,191,134,105
435,176,143,116
389,151,145,123
369,143,157,118
360,132,142,130
285,129,119,136
278,124,109,141
226,134,112,152
169,151,115,165
115,165,131,171
82,176,135,170
61,183,145,160
19,191,160,157
6,199,163,148
0,198,166,143
0,198,166,143
0,198,166,143
0,198,166,143
0,198,166,143
0,198,166,143
0,198,166,143
0,198,166,143
0,198,166,143
0,198,166,143
0,198,166,143
0,198,166,143
0,198,166,143
0,198,166,143
0,198,166,143
0,198,166,143
0,198,166,143
0,198,166,143
0,198,166,143
0,198,166,143
308,263,175,99
303,233,216,117
293,169,204,164
274,82,199,193
254,30,220,198
233,7,217,178
235,4,216,158
217,-78,218,166
218,-112,182,169
201,-124,186,187
202,-132,178,196
183,-126,173,210
183,-126,173,210
198,-39,193,165
197,11,177,141
214,36,148,137
216,45,136,130
228,51,122,121
233,56,113,110
239,58,111,105
248,60,105,97
254,59,98,95
263,55,100,96
272,57,96,97
283,57,100,95
281,58,102,99
288,60,108,100
292,59,107,104
330,58,112,112
330,50,127,118
353,44,113,113
351,35,115,116
347,18,131,124
335,-3,153,132
339,-11,165,118
338,1,167,98
333,0,174,89
322,4,179,86
317,2,169,102
314,4,159,111
313,2,160,119
318,1,158,127
305,18,178,149
297,35,179,143
280,54,183,130
282,65,174,123
274,63,173,123
276,73,149,103
270,76,146,101
277,66,122,91
287,64,104,90
287,59,99,90
290,49,88,91
289,41,88,86
285,40,88,88
289,42,92,87
285,49,92,88
282,62,90,86
279,61,96,96
281,78,106,103
278,82,122,104
277,83,128,107
283,74,129,114
244,54,134,116
251,45,156,124
237,26,189,131
231,15,197,134
229,11,199,135
229,5,198,125
238,1,179,118
266,2,152,111
272,1,153,116
272,0,156,127
267,5,152,132
270,15,144,129
294,34,134,130
292,55,125,120
298,65,115,114
307,68,108,106
306,68,105,99
306,66,105,100
307,72,108,90
290,73,125,88
289,86,121,82
290,94,119,82
288,99,117,80
285,104,119,77
288,120,106,80
293,204,90,61
290,218,87,67
279,200,89,49
275,190,87,66
270,167,86,80
254,178,90,88
230,194,99,82
228,206,98,78
218,221,97,75
198,214,106,84
181,222,111,85
172,225,108,66
171,221,108,61
157,214,115,76
152,221,115,91
160,222,108,92
161,220,112,101
154,222,116,81
160,221,113,88
155,221,116,77
147,222,117,86
150,219,115,91
146,219,115,87
144,220,116,100
143,216,119,103
145,218,114,93
130,218,116,91
126,214,114,104
124,215,111,100
99,218,116,92
71,211,108,101
59,216,88,100
35,221,90,87
35,221,90,87
35,221,90,87
35,221,90,87
35,221,90,87
35,221,90,87
35,221,90,87
35,221,90,87
35,221,90,87
35,221,90,87
35,221,90,87
35,221,90,87
35,221,90,87
35,221,90,87
35,221,90,87
35,221,90,87
35,221,90,87
35,221,90,87
35,221,90,87
35,221,90,87
35,221,90,87
35,221,90,87
35,221,90,87
35,221,90,87
35,221,90,87
35,221,90,87
35,221,90,87
35,221,90,87
35,221,90,87
35,221,90,87
35,221,90,87
35,221,90,87
35,221,90,87
35,221,90,87
35,221,90,87
35,221,90,87
35,221,90,87
35,221,90,87
35,221,90,87
35,221,90,87
35,221,90,87
35,221,90,87
35,221,90,87
35,221,90,87
35,221,90,87
35,221,90,87
35,221,90,87
35,221,90,87
35,221,90,87
35,221,90,87
35,221,90,87
70,160,98,92
101,108,111,87
131,116,124,97
140,118,134,124
204,160,153,136
246,176,143,150
265,204,149,145
270,222,156,126
275,214,155,132
278,216,146,130
276,215,148,132
266,215,150,133
262,215,147,128
266,212,145,128
265,214,144,130
265,209,146,136
262,206,142,139
263,200,142,144
258,190,134,137
238,155,136,128
228,137,136,122
227,129,129,124
218,119,130,137
217,121,125,135
208,121,129,129
209,122,134,134
206,123,136,140
215,132,130,134
209,135,133,133
226,126,128,130
228,116,128,124
222,115,133,124
220,108,134,117
232,94,121,128
226,80,114,133
209,60,125,130
198,49,122,131
180,52,138,131
144,43,158,129
111,40,177,132
67,31,188,135
61,30,177,137
12,22,189,134
11,30,164,130
4,41,143,134
0,26,126,164
0,26,126,164
0,26,126,164
0,26,126,164
0,26,126,164
0,26,126,164
4,77,124,183
6,92,124,184
4,93,145,157
12,94,155,140
87,114,148,135
133,119,145,133
175,118,137,131
175,116,151,127
257,102,167,122
290,99,150,126
328,77,162,128
352,65,162,134
364,55,156,135
365,41,163,140
362,43,159,141
346,36,158,147
343,36,151,146
290,45,151,146
246,55,143,147
199,66,139,145
140,75,145,148
99,80,148,150
8,99,147,146
62,91,142,143
41,98,160,134
5,113,147,123
3,129,123,108
3,129,123,108
3,129,123,108
3,129,123,108
3,129,123,108
3,129,123,108
3,129,123,108
3,129,123,108
3,129,123,108
3,129,123,108
42,144,118,113
60,143,122,124
110,155,126,122
157,152,138,130
177,153,137,128
239,141,138,125
301,114,135,132
306,109,149,128
337,87,149,137
355,68,146,142
369,63,150,143
374,42,147,151
371,42,159,149
369,45,154,147
306,68,170,153
290,76,160,142
246,105,158,132
177,126,163,129
88,130,192,121
11,139,185,131
8,138,181,132
8,138,181,132
8,138,181,132
8,138,181,132
8,138,181,132
8,138,181,132
8,138,181,132
8,138,181,132
8,138,181,132
8,138,181,132
8,138,181,132
8,138,181,132
8,138,181,132
8,138,181,132
8,138,181,132
-1,136,163,117
8,134,170,121
107,145,140,116
180,140,128,116
245,125,118,115
295,107,128,116
320,82,136,117
359,48,142,128
360,34,136,132
359,38,133,132
348,51,139,134
324,71,132,136
230,118,142,132
205,133,128,116
119,146,134,118
41,153,133,114
7,151,143,114
6,148,153,115
0,144,147,129
0,144,147,129
0,144,147,129
0,144,147,129
0,144,147,129
20,176,132,105
20,176,132,105
0,172,116,108
38,188,106,98
110,182,116,96
169,176,103,99
214,170,109,95
238,167,107,95
311,159,95,97
329,153,98,101
344,159,95,91
353,183,98,92
352,193,103,85
352,204,106,87
355,214,102,84
351,208,102,85
343,209,100,90
346,212,100,97
358,213,103,81
358,211,102,85
357,211,114,90
363,210,108,94
361,211,107,90
356,214,107,94
359,213,101,97
351,212,105,97
353,213,104,98
354,211,105,95
355,213,102,88
355,215,103,89
358,213,101,81
358,214,100,89
351,212,105,91
358,212,102,82
356,212,102,88
354,215,103,90
356,211,98,83
357,212,101,93
361,210,101,94
353,212,106,93
361,213,98,91
357,212,104,90
356,209,104,89
361,210,100,85
359,210,101,91
360,207,103,94
359,208,103,91
359,208,103,85
366,205,103,89
367,210,106,94
367,209,107,103
369,210,112,88
371,211,107,95
369,209,114,96
366,211,113,96
369,210,112,101
371,208,108,102
364,209,113,104
365,208,111,96
365,209,110,93
369,208,105,92
369,213,106,90
360,209,112,91
366,211,104,86
362,210,101,82
362,212,103,80
361,210,101,79
362,212,100,87
357,214,104,90
359,211,103,90
357,212,105,92
358,214,103,92
354,212,103,92
355,212,102,88
356,210,100,91
357,213,99,80
358,212,98,88
353,212,106,88
354,214,106,88
360,212,102,85
361,213,100,92
357,213,104,99
358,214,106,85
359,214,102,84
356,212,102,80
358,213,103,85
359,213,107,85
358,210,100,84
356,211,100,91
357,213,100,94
357,210,101,91
357,212,102,92
355,212,106,92
356,212,107,93
359,212,101,85
357,211,99,87
352,212,103,93
354,213,103,79
349,210,107,90
350,210,107,89
348,211,102,89
349,210,104,92
349,211,101,86
351,211,102,85
352,213,109,87
356,210,103,93
356,210,104,88
357,208,102,89
354,213,100,95
355,210,98,84
352,209,95,76
352,205,94,87
350,203,97,91
334,189,105,91
329,177,97,99
324,176,92,95
307,174,98,89
297,164,91,96
297,164,91,96
90,214,99,82
144,164,101,94
216,170,101,105
216,170,101,105
278,134,105,98
312,154,99,112
307,162,96,115
307,162,96,115
307,162,96,115
218,190,108,116
218,190,108,116
218,190,108,116
116,163,97,121
93,154,110,130
82,149,122,122
67,149,134,128
62,149,133,142
62,149,133,142
266,148,130,110
266,148,130,110
321,187,113,121
321,187,113,121
355,224,102,111
365,226,104,117
372,246,95,102
316,270,117,88
316,270,117,88
316,270,117,88
316,270,117,88
316,270,117,88
266,283,110,77
267,280,111,78
291,293,95,64
295,280,92,74
303,269,82,84
290,263,83,90
260,269,92,82
237,263,112,85
164,278,95,66
164,278,95,66
164,278,95,66
255,230,85,64
282,64,93,69
275,32,104,86
272,33,110,99
276,42,107,98
284,54,104,103
286,65,104,103
292,81,107,108
292,83,105,106
295,88,107,110
300,102,111,105
298,106,111,105
299,103,109,107
303,98,113,113
296,95,123,111
298,92,117,109
300,93,115,110
307,91,111,117
301,93,120,110
303,93,110,110
305,85,115,112
308,85,114,112
310,82,117,116
310,82,117,116
310,82,117,116
219,175,123,135
306,179,134,136
363,161,164,109
409,130,169,108
424,120,159,124
393,135,148,157
372,173,127,176
316,208,135,145
235,234,115,117
210,235,120,120
109,248,117,101
92,267,103,89
92,267,103,89
92,267,103,89
269,128,93,96
269,118,99,106
264,115,108,109
271,118,103,109
268,118,108,110
271,118,108,108
281,120,105,107
275,121,105,108
285,132,107,106
287,139,106,103
290,150,107,92
297,158,110,105
297,163,111,105
301,173,111,106
298,184,110,114
296,188,108,111
285,197,112,115
276,196,121,113
270,208,119,103
265,207,121,105
264,210,120,110
257,208,112,108
254,205,116,119
254,200,119,123
248,194,108,102
247,189,102,93
222,164,111,99
198,139,110,100
160,121,114,102
143,108,106,107
132,105,99,108
47,78,114,97
13,69,99,103
13,69,99,103
13,69,99,103
13,69,99,103
114,187,108,70
117,195,110,56
117,195,110,56
117,195,110,56
99,199,130,50
99,199,130,50
99,199,130,50
99,199,130,50
83,192,146,58
91,192,137,58
98,193,133,57
96,193,136,57
113,192,122,59
63,149,108,76
153,140,109,102
268,127,116,109
282,127,116,107
348,112,131,110
372,102,143,109
436,76,133,114
458,65,136,115
458,61,143,119
456,61,143,121
449,65,147,121
442,62,160,121
387,85,167,121
370,101,162,113
287,120,145,122
260,121,145,119
134,130,142,117
103,129,138,119
103,129,138,119
103,129,138,119
103,129,138,119
103,129,138,119
103,129,138,119
103,129,138,119
103,129,138,119
103,129,138,119
103,129,138,119
103,129,138,119
103,129,138,119
103,129,138,119
103,129,138,119
103,129,138,119
6,166,147,109
32,154,148,106
105,161,124,92
194,159,102,96
261,154,112,94
290,151,97,92
332,150,102,97
367,155,109,94
381,163,114,98
411,192,110,102
396,175,117,98
401,183,107,89
419,214,114,88
420,213,113,90
410,209,109,86
413,202,106,93
406,205,106,87
402,209,116,89
407,207,114,91
402,205,117,100
383,204,109,101
353,208,100,91
327,212,96,77
271,218,106,76
221,222,102,86
138,214,103,89
89,219,113,105
90,216,113,109
49,218,111,118
7,215,135,111
1,216,130,120
4,212,118,133
4,212,118,133
4,212,118,133
4,212,118,133
4,212,118,133
4,212,118,133
4,212,118,133
4,212,118,133
4,212,118,133
4,212,118,133
4,212,118,133
4,212,118,133
4,212,118,133
4,212,118,133
4,212,118,133
4,212,118,133
4,212,118,133
4,212,118,133
4,212,118,133
4,212,118,133
4,212,118,133
4,212,118,133
4,212,118,133
4,212,118,133
4,212,118,133
4,212,118,133
4,212,118,133
4,212,118,133
4,212,118,133
4,212,118,133
114,173,108,104
107,182,118,84
109,193,119,58
101,195,128,55
110,193,117,59
107,196,116,53
