308,136,69,71
302,137,71,67
301,140,72,66
300,143,76,62
297,145,76,58
298,145,78,58
297,148,73,57
296,148,74,52
292,148,75,52
285,152,80,48
284,153,78,42
282,154,71,38
285,150,72,43
289,148,75,46
288,146,71,54
289,148,72,53
289,151,72,53
287,153,76,61
286,150,77,67
293,151,72,66
298,149,81,67
300,151,80,52
300,159,72,41
300,163,62,34
300,164,56,33
307,165,55,31
308,168,53,29
313,168,50,24
313,169,43,20
317,168,39,20
318,165,35,22
314,162,30,23
315,162,29,23
312,162,29,23
311,160,28,21
311,159,27,21
308,158,27,21
308,159,27,21
308,159,26,22
309,160,26,22
307,158,26,21
307,159,26,21
307,158,26,24
307,159,26,26
304,159,29,28
304,161,30,34
302,160,33,42
303,160,40,50
304,158,37,55
303,154,41,62
303,154,38,59
305,150,39,60
308,149,33,62
309,149,30,58
309,149,34,50
307,151,33,42
309,153,32,37
308,152,30,37
304,151,32,32
302,152,33,31
301,153,37,33
299,155,38,31
300,157,40,32
300,158,41,32
302,157,38,33
309,156,36,32
314,154,33,32
318,152,30,32
324,150,27,31
328,149,25,30
330,149,24,30
333,150,21,28
334,152,22,26
336,154,23,25
333,157,25,26
333,160,25,23
335,160,25,23
334,158,25,25
333,159,26,25
332,161,26,25
333,161,26,26
331,161,27,27
330,162,27,25
331,161,27,25
331,161,26,26
331,161,27,26
333,163,25,25
332,165,28,25
332,164,27,25
330,165,28,26
329,168,29,25
330,167,27,25
329,166,28,27
329,166,29,26
331,166,28,26
329,163,29,26
331,154,28,30
330,142,25,36
329,137,23,40
327,131,21,41
326,127,19,40
326,124,18,37
323,121,19,38
319,118,21,37
313,117,24,40
312,114,23,42
312,113,26,46
315,110,25,46
317,110,22,45
316,110,24,49
315,112,24,48
315,111,24,48
316,110,22,47
319,110,25,50
326,111,20,47
324,110,18,45
321,109,20,44
325,109,17,46
326,110,17,40
324,107,18,37
321,107,18,30
319,108,16,29
319,107,16,27
320,109,16,24
319,108,17,26
320,108,17,24
321,107,17,24
322,108,18,27
324,108,17,29
326,108,17,30
327,109,17,28
329,110,19,25
334,110,19,20
334,110,20,24
335,109,17,21
338,109,17,20
335,111,19,19
320,113,22,21
307,119,22,23
305,122,19,23
302,121,18,21
302,122,17,21
304,123,19,21
310,124,17,22
310,122,17,22
309,120,18,22
309,119,18,22
308,119,17,22
309,121,16,20
313,121,16,24
315,121,16,28
318,120,17,27
319,120,15,28
322,118,14,26
324,119,15,28
324,120,18,27
325,120,18,30
326,124,18,27
326,124,19,27
324,124,19,29
325,127,20,28
324,127,21,28
323,127,21,29
322,126,20,28
321,126,19,30
321,126,21,28
318,123,22,27
322,123,21,25
319,123,21,27
309,92,23,33
308,122,27,38
293,89,27,35
288,87,26,37
286,87,27,37
285,85,25,37
285,86,26,31
283,86,26,33
280,88,27,35
278,90,29,33
276,92,30,36
272,92,32,37
269,91,34,37
267,93,35,43
264,91,40,45
260,91,43,47
255,94,43,43
256,93,41,44
259,91,45,47
267,84,48,54
279,76,38,51
286,75,34,45
295,75,31,44
303,76,32,48
312,78,28,55
317,80,22,49
315,81,24,52
311,80,26,55
311,77,28,58
305,77,33,62
295,80,38,65
290,88,44,73
281,100,51,67
279,111,57,70
279,118,56,67
282,127,57,71
281,136,56,61
280,145,53,52
275,151,57,49
275,154,55,42
279,158,58,43
276,163,60,36
276,163,57,34
276,161,57,36
277,163,56,37
277,164,60,37
276,163,62,39
274,161,67,44
275,162,69,41
276,166,75,38
273,168,76,36
274,169,80,34
274,169,78,33
271,170,80,34
271,173,85,33
271,173,87,32
271,173,89,32
273,173,85,34
275,171,87,37
273,170,98,37
274,167,92,40
272,168,92,37
273,166,95,38
272,167,93,34
274,165,88,35
275,165,90,38
272,164,90,34
272,165,87,32
273,167,78,30
274,167,80,29
272,167,74,32
271,165,71,33
272,166,73,33
271,165,73,32
271,164,72,32
272,162,67,34
271,161,64,34
272,161,71,35
271,159,72,36
272,162,70,35
269,160,71,36
270,158,70,35
272,158,65,36
273,155,67,36
272,154,60,32
273,153,62,35
270,155,67,34
271,157,63,29
271,155,65,33
270,155,65,33
269,154,62,33
269,155,63,33
272,155,62,33
273,153,59,33
273,153,59,30
274,152,58,31
275,149,54,31
277,148,54,29
277,149,55,28
277,148,59,28
278,145,61,33
282,147,57,32
279,142,63,39
279,141,58,41
282,139,57,46
284,134,51,50
285,131,47,54
286,129,46,52
287,127,45,53
285,126,51,53
279,130,52,52
275,134,54,49
273,136,55,48
272,140,57,45
270,143,61,44
271,141,60,47
273,143,61,45
273,141,61,45
274,139,63,49
284,141,56,46
288,147,52,44
293,154,50,36
294,160,48,28
294,166,50,20
305,155,49,28
307,153,51,37
311,155,45,37
326,160,35,35
308,171,34,31
339,175,35,25
304,175,33,30
344,175,29,27
305,166,30,33
310,176,39,25
342,181,49,21
306,168,48,28
298,143,49,32
304,169,52,27
303,168,51,27
301,165,55,29
303,165,54,28
304,163,52,31
306,162,49,36
306,159,49,30
306,159,50,29
308,157,52,32
308,153,51,30
311,153,50,29
315,154,49,26
317,155,51,23
356,155,45,20
326,156,45,21
325,151,49,24
325,152,50,23
327,151,51,25
328,149,54,26
330,150,52,24
328,146,54,29
328,148,52,27
318,144,57,27
313,144,56,23
309,142,57,24
304,141,57,25
299,137,53,26
294,138,50,25
287,135,52,26
277,133,53,25
272,132,47,26
269,130,46,24
260,130,46,24
253,129,47,25
247,128,46,25
245,126,46,24
246,126,44,23
249,123,43,25
247,122,43,24
242,119,44,25
234,117,47,25
228,117,46,24
221,118,45,26
216,119,45,24
217,118,42,24
218,116,40,24
216,115,39,23
215,114,38,24
209,113,41,24
205,110,40,26
200,111,44,25
196,110,42,26
194,112,41,24
195,112,38,24
194,114,38,23
196,117,37,22
194,118,38,23
194,118,37,22
195,119,37,23
194,117,38,22
194,117,38,22
194,116,39,23
194,117,39,23
197,117,37,22
197,118,38,25
196,120,37,26
196,124,35,27
196,131,36,26
199,136,35,25
198,136,35,25
195,134,36,26
194,132,35,25
192,130,38,24
192,131,41,23
189,130,41,22
188,128,41,23
187,127,41,23
188,122,39,22
189,115,34,23
188,108,34,23
188,102,34,24
192,97,34,25
194,93,35,24
196,86,35,25
200,82,34,25
205,78,33,24
209,75,31,23
212,73,30,22
215,72,29,23
218,71,29,22
222,73,29,20
223,74,31,21
227,78,31,21
229,81,31,23
229,81,30,23
229,79,30,22
228,73,35,26
231,67,39,31
231,64,43,32
234,56,49,36
238,49,47,39
239,41,53,48
243,32,55,53
243,26,61,62
243,19,70,76
241,11,78,85
243,4,75,94
244,3,68,89
257,0,68,95
257,0,68,95
282,8,72,109
297,14,71,121
294,11,67,115
289,7,70,116
288,0,75,129
283,2,83,135
280,5,92,143
275,4,108,159
267,0,118,163
264,1,142,186
265,3,145,194
265,2,141,185
272,5,139,189
278,7,130,187
275,3,131,187
276,4,132,187
277,-2,121,195
269,2,137,191
265,1,134,193
270,4,127,191
247,-3,157,204
244,3,150,186
238,5,173,194
238,9,176,184
237,4,181,185
238,0,185,188
232,2,200,182
229,0,201,183
223,2,220,176
224,6,256,176
227,3,259,174
238,2,251,185
243,3,233,159
228,0,244,150
221,4,266,134
218,8,252,95
216,7,247,83
201,17,273,70
169,65,303,82
140,75,288,106
206,39,304,111
352,46,280,111
338,26,292,134
338,26,292,134
338,26,292,134
226,10,269,118
168,43,271,143
193,0,259,131
199,4,199,138
212,21,159,121
238,74,143,134
266,22,107,129
266,22,107,129
266,22,107,129
266,22,107,129
266,22,107,129
282,22,84,131
282,22,84,131
282,22,84,131
294,17,72,142
294,17,72,142
294,17,72,142
294,17,72,142
294,17,72,142
294,17,72,142
293,35,56,130
293,35,56,130
282,47,48,110
278,69,49,115
275,65,55,120
275,33,59,109
278,6,68,126
274,2,75,128
280,5,73,113
279,10,75,104
280,0,77,106
287,1,74,102
287,6,70,93
287,2,80,90
288,5,88,84
290,11,83,76
341,25,101,94
285,27,89,65
282,38,94,54
278,44,104,48
272,48,119,48
265,51,129,46
260,56,137,43
324,75,139,61
351,83,140,72
274,51,155,65
282,64,156,52
345,104,152,65
298,72,144,55
359,108,124,70
393,103,99,83
380,105,106,80
329,82,111,67
319,96,121,51
395,122,121,58
316,100,131,56
224,61,120,56
223,45,107,58
228,32,102,69
233,14,97,78
235,4,83,83
245,0,85,85
259,3,78,83
261,0,82,87
276,3,76,86
278,1,73,86
288,0,64,88
294,3,66,86
301,4,70,90
309,3,69,97
320,4,71,106
331,8,78,128
338,5,77,136
345,3,65,131
348,3,64,126
355,2,58,119
359,3,53,115
361,3,46,110
361,4,53,113
357,6,58,118
338,3,76,120
334,18,82,119
333,46,91,92
326,67,104,74
322,88,100,52
318,108,106,33
310,124,104,32
310,124,104,32
300,165,97,40
330,195,94,31
350,200,111,31
398,126,108,41
385,138,107,42
401,126,105,54
401,126,105,54
401,119,115,42
452,95,110,46
421,71,92,50
399,124,101,37
356,83,97,46
332,105,93,45
332,131,88,43
334,153,75,51
364,177,78,55
386,136,83,75
404,132,76,92
400,125,82,92
415,126,71,71
423,109,77,57
401,80,67,51
372,76,51,50
353,85,59,53
336,108,75,51
328,138,77,57
332,175,60,57
362,201,55,68
384,209,63,64
414,198,64,66
412,146,73,81
426,146,66,74
407,132,68,65
395,126,85,57
390,127,82,63
383,156,81,70
385,143,75,82
386,146,74,82
388,153,86,74
390,157,96,70
397,159,92,62
406,159,76,58
403,153,61,50
402,150,67,45
396,141,74,45
418,137,57,46
424,134,50,44
426,133,46,41
428,133,44,38
428,129,46,38
389,117,57,42
438,122,45,38
444,120,48,38
452,119,46,38
452,115,46,40
457,113,41,41
438,99,36,52
480,92,43,42
480,92,43,42
480,92,43,42
480,92,43,42
480,92,43,42
480,92,43,42
435,114,42,38
368,94,50,32
354,96,61,28
346,98,71,27
432,121,66,32
474,123,50,36
480,131,47,28
473,130,53,27
491,132,51,27
497,131,54,26
501,128,59,29
510,124,58,33
519,120,59,34
524,115,61,35
528,109,59,33
529,107,62,33
532,106,56,31
527,103,60,31
521,104,63,30
516,106,63,30
509,107,64,28
503,106,61,31
492,107,60,29
486,108,56,28
478,108,55,30
467,112,56,30
456,112,57,32
451,114,52,33
442,116,44,25
437,118,45,24
432,119,43,25
425,121,43,25
422,120,41,28
418,121,41,25
417,120,43,29
415,122,40,26
416,121,38,29
410,122,42,29
402,117,44,30
397,122,45,27
394,122,45,27
392,122,43,29
392,123,41,29
391,123,38,32
388,124,37,33
386,123,35,37
384,128,35,34
378,132,35,32
375,136,34,32
373,140,34,30
368,144,32,32
367,147,31,30
364,152,31,30
361,156,31,31
360,158,31,32
357,160,27,33
354,162,28,33
353,163,27,32
351,165,28,31
348,165,28,31
346,168,27,31
344,168,27,31
343,170,26,30
340,171,26,30
340,171,24,28
338,172,25,30
337,172,24,28
336,173,27,30
335,174,26,31
333,173,26,29
333,174,27,31
333,173,27,31
332,174,26,31
331,173,28,33
333,174,26,33
333,174,27,35
334,175,25,30
333,174,28,33
333,176,27,32
333,176,27,34
333,175,27,35
333,176,26,34
334,175,25,33
333,175,26,37
333,176,23,34
330,176,26,36
329,176,26,32
330,176,25,33
329,176,27,35
330,174,24,35
331,176,24,33
331,177,24,30
330,176,30,34
328,175,27,34
329,175,27,36
330,173,29,37
328,173,29,38
330,175,28,38
327,174,31,40
328,173,29,41
326,172,32,42
325,172,33,43
326,172,32,43
324,172,31,43
326,175,32,41
325,173,32,45
327,172,30,42
326,175,29,40
327,174,29,40
329,173,26,39
323,172,26,32
333,171,25,30
308,174,31,27
303,176,26,26
302,178,27,25
301,175,25,28
301,175,25,28
301,174,30,26
299,174,33,26
298,170,28,28
299,168,30,27
301,165,30,30
300,162,32,34
300,159,31,33
302,154,30,35
302,150,29,35
303,144,28,39
303,135,31,44
316,150,32,42
326,155,37,42
314,121,36,48
315,118,42,56
317,117,49,68
317,117,41,67
315,118,47,69
314,118,44,69
314,118,42,68
317,116,39,66
324,113,32,69
330,116,21,80
332,115,20,84
331,117,20,82
328,118,21,84
327,124,26,73
326,139,35,72
322,151,36,69
324,162,45,72
314,154,44,55
313,158,43,46
320,173,38,47
315,156,44,52
307,156,50,54
299,151,59,65
295,146,66,69
289,143,70,71
288,139,69,75
287,136,70,76
287,133,71,76
290,132,69,74
289,134,70,71
287,135,69,68
285,135,68,68
280,138,72,64
277,141,76,63
275,145,77,57
271,146,76,55
267,150,80,49
265,148,80,51
265,148,83,62
268,144,77,66
266,137,72,75
268,132,69,74
267,128,67,70
268,123,66,71
264,122,61,71
261,120,59,68
259,119,59,72
258,118,61,76
252,117,60,70
249,116,66,66
250,114,74,67
251,109,69,74
249,105,63,74
248,103,72,75
245,101,83,77
240,103,92,72
236,102,95,71
233,101,93,65
231,99,92,70
229,95,89,63
230,95,87,56
227,98,81,42
228,103,74,31
226,106,71,25
227,107,74,33
230,106,67,41
238,93,67,48
238,94,76,60
242,108,73,63
246,96,72,65
248,90,69,72
244,87,74,75
235,91,70,86
232,92,79,79
235,84,82,79
232,82,86,80
211,118,83,96
211,111,61,97
214,95,38,109
211,105,30,104
206,112,31,98
197,119,34,95
195,141,33,90
187,148,32,87
186,157,38,75
185,168,27,60
182,176,25,55
177,177,26,56
177,181,23,52
177,182,23,50
176,185,23,45
178,192,21,39
179,192,24,36
180,190,24,36
179,190,23,37
180,189,24,37
180,193,23,35
180,192,24,36
181,193,22,35
180,194,22,34
179,194,24,35
178,191,25,36
179,193,24,34
178,192,24,37
178,198,22,31
182,198,22,30
183,200,23,30
166,204,27,26
167,202,34,28
166,197,37,32
164,199,38,32
166,199,35,34
161,199,38,31
158,200,40,30
156,201,40,28
149,199,46,26
162,185,42,28
167,186,40,31
167,186,40,31
155,183,41,27
158,188,37,26
158,188,37,26
182,198,38,29
176,198,38,32
168,195,35,35
169,193,30,37
171,194,23,37
169,195,21,37
170,195,20,37
171,196,20,37
171,199,18,34
170,196,19,36
166,193,24,40
158,193,30,43
146,199,37,37
152,193,34,36
156,192,29,31
156,192,29,31
190,192,32,31
185,190,34,30
185,195,38,25
187,199,38,23
191,200,36,19
189,206,39,20
189,206,39,20
189,206,39,20
189,206,39,20
189,206,39,20
189,206,39,20
189,206,39,20
159,195,36,20
161,193,32,20
161,193,32,20
158,198,37,16
157,203,37,12
154,202,40,11
154,203,42,12
152,202,46,13
153,203,47,13
153,204,46,13
154,202,44,13
