328,106,23,41
326,104,25,40
325,104,25,42
324,103,26,42
325,105,27,41
326,105,24,39
326,104,26,41
324,103,28,41
327,105,25,40
330,106,25,40
330,106,23,41
330,107,25,42
332,108,24,41
333,107,24,41
333,107,25,42
334,106,26,41
334,106,26,41
336,105,27,40
337,103,27,40
337,100,27,42
338,97,28,42
341,96,27,40
341,95,26,39
344,94,26,41
343,92,25,40
345,91,28,40
346,92,25,39
347,91,27,41
347,92,26,40
348,92,28,40
348,93,29,42
349,93,27,41
350,95,26,39
350,97,26,39
351,98,27,40
350,98,29,42
351,101,28,41
350,103,30,39
351,104,30,41
349,104,30,44
348,105,30,43
349,106,29,42
348,105,27,42
347,107,26,42
346,106,26,43
343,106,27,42
340,105,27,42
338,107,26,41
336,107,27,41
332,107,26,42
329,108,26,43
326,107,26,42
326,107,24,43
322,108,26,43
319,110,27,40
317,110,28,41
315,110,28,41
312,111,29,41
311,113,29,41
309,110,31,42
309,112,31,42
308,114,31,41
307,113,33,43
309,112,32,42
308,113,35,43
309,112,34,41
313,113,33,41
313,112,33,41
316,112,32,42
317,110,31,42
319,110,30,42
319,109,32,41
322,105,31,41
322,102,33,42
322,100,32,42
325,97,30,42
326,94,28,44
326,91,28,43
327,88,25,44
325,87,28,45
324,87,24,44
322,86,26,44
319,84,24,45
314,85,28,44
310,82,30,46
305,81,31,47
303,81,28,46
300,79,27,46
295,77,27,49
291,75,31,49
287,74,31,50
284,73,31,52
282,69,30,52
281,68,30,52
281,67,30,53
281,64,30,53
283,63,30,55
284,62,30,54
286,62,32,54
289,61,33,55
293,62,33,53
298,65,33,51
301,66,31,53
304,71,31,51
307,75,33,50
314,80,30,48
318,86,30,48
321,91,29,48
324,94,25,44
325,96,24,43
323,98,25,43
324,102,26,42
324,104,26,41
323,106,26,42
323,108,26,39
319,109,28,41
316,109,27,40
313,109,28,39
310,107,28,40
306,109,27,39
303,107,26,39
299,107,27,39
295,107,28,38
291,106,30,38
287,105,32,38
283,105,31,38
280,104,32,38
276,103,33,40
275,101,31,40
273,99,32,40
273,95,30,41
273,91,30,42
273,87,31,42
275,86,30,41
276,82,30,42
278,79,31,42
281,74,28,43
286,71,27,43
290,68,26,45
294,64,29,45
297,63,27,44
301,64,28,44
306,64,30,46
309,65,32,45
311,68,33,45
315,70,34,44
317,73,33,43
320,76,32,44
320,77,34,45
322,81,34,45
322,84,33,43
321,89,32,42
322,94,30,43
319,99,31,44
319,106,28,42
318,110,28,41
316,117,28,38
314,123,27,38
311,127,26,39
308,131,26,40
307,135,25,41
306,141,23,40
303,145,24,41
302,149,22,39
299,153,24,42
298,156,23,41
297,159,23,39
295,161,24,39
294,163,25,37
293,163,25,40
293,164,25,40
294,164,25,37
276,184,25,32
273,187,26,29
273,192,26,26
273,194,24,20
272,196,24,15
273,199,22,14
271,199,24,13
271,199,24,13
271,199,24,13
271,199,24,13
271,199,24,13
271,199,24,13
271,199,24,13
271,199,24,13
271,199,24,13
271,199,24,13
271,199,24,13
271,199,24,13
271,199,24,13
271,199,24,13
271,199,24,13
271,199,24,13
271,199,24,13
271,199,24,13
275,201,21,11
274,198,20,13
273,196,21,15
272,193,23,13
271,192,24,14
273,190,24,17
277,187,23,19
281,182,22,24
282,176,23,30
282,172,23,32
282,163,27,40
283,154,28,41
285,146,28,42
284,136,33,45
286,129,34,43
289,122,31,44
288,120,31,45
291,116,30,43
291,114,29,45
294,109,25,42
297,104,24,42
297,99,25,42
298,95,24,41
299,90,24,41
297,85,26,42
296,80,29,43
297,74,31,41
296,68,31,43
297,63,30,43
299,59,30,43
300,57,27,43
301,56,27,45
300,63,26,43
298,71,27,43
299,75,26,42
298,71,29,43
297,64,35,46
296,60,40,44
297,58,42,42
300,54,40,44
302,51,40,45
306,53,36,45
310,50,32,43
313,46,34,45
315,41,38,47
318,38,40,47
322,36,38,47
327,36,34,49
334,38,29,48
336,38,31,49
338,35,34,49
341,31,35,51
345,29,34,50
348,29,33,51
353,32,31,49
356,34,31,53
359,44,30,50
359,43,31,49
355,37,36,50
353,33,39,49
349,30,42,47
345,30,43,48
344,26,41,49
343,25,37,52
338,20,32,53
330,13,38,53
319,6,46,54
306,2,54,55
299,1,50,52
291,1,45,47
284,2,42,39
277,3,34,31
267,1,35,26
257,0,36,22
244,0,39,18
236,0,33,14
236,0,33,14
236,0,33,14
236,0,33,14
236,0,33,14
236,0,33,14
236,0,33,14
236,0,33,14
236,0,33,14
236,0,33,14
236,0,33,14
236,0,33,14
236,0,33,14
236,0,33,14
236,0,33,14
236,0,33,14
236,0,33,14
236,0,33,14
236,0,33,14
236,0,33,14
236,0,33,14
236,0,33,14
236,0,33,14
236,0,33,14
236,0,33,14
236,0,33,14
236,0,33,14
236,0,33,14
236,0,33,14
236,0,33,14
236,0,33,14
236,0,33,14
236,0,33,14
236,0,33,14
236,0,33,14
287,44,33,18
300,30,35,21
289,31,41,23
280,32,49,23
270,28,52,30
262,38,55,38
258,34,58,53
255,23,57,65
252,25,53,65
254,28,47,66
252,36,49,64
249,43,54,66
249,48,60,67
254,50,57,63
257,47,60,65
265,49,55,65
274,52,47,64
280,53,42,63
286,56,42,64
289,56,48,61
294,57,51,59
297,58,56,61
304,59,55,62
308,63,54,60
316,60,48,62
326,56,39,62
333,61,36,58
336,61,39,60
336,59,39,61
341,61,37,61
341,61,36,62
339,62,40,62
340,59,44,63
338,58,46,62
340,55,46,64
340,56,40,64
341,56,36,64
339,56,39,62
332,56,47,62
327,55,49,61
322,56,53,60
315,59,52,60
308,66,53,62
306,68,46,61
303,75,38,58
298,76,37,58
294,78,34,58
287,78,38,59
282,78,41,58
278,76,43,58
273,71,46,57
271,71,44,58
269,73,42,58
269,73,34,58
267,68,35,58
265,69,39,58
264,69,39,61
263,69,43,61
265,69,42,63
269,69,39,65
273,69,39,66
277,69,42,64
281,70,44,64
287,68,47,66
297,65,46,65
307,65,49,62
323,63,46,63
338,61,42,63
351,61,43,65
364,61,39,62
375,60,40,60
383,60,42,57
390,65,39,56
396,69,37,54
398,69,36,56
396,71,37,53
392,72,33,53
384,74,35,51
375,79,36,50
363,83,42,48
353,85,44,45
342,83,44,45
328,77,43,45
316,74,38,44
303,69,37,45
292,64,33,46
278,59,33,46
264,58,39,42
251,55,44,41
240,50,45,42
231,46,45,43
226,44,44,43
225,38,44,44
224,32,51,44
227,31,52,39
231,31,51,35
239,30,49,35
245,30,50,38
255,29,49,45
267,31,48,50
282,30,46,53
300,32,38,54
314,33,40,53
327,36,46,55
341,37,47,55
354,40,49,53
368,39,47,53
384,41,36,52
393,39,37,52
405,37,33,49
412,37,31,47
414,35,36,49
419,37,33,46
420,39,33,48
422,43,32,45
422,46,29,47
418,48,31,46
413,50,34,47
407,54,36,45
400,57,38,46
393,60,39,47
386,64,37,45
379,69,32,45
371,74,29,43
362,77,29,44
353,83,29,44
339,89,32,44
330,92,30,43
320,95,29,41
310,93,30,45
302,93,29,45
290,93,36,45
285,91,41,46
277,92,46,44
274,91,47,43
272,91,47,44
272,91,45,45
271,90,47,46
275,92,44,48
279,92,43,50
285,95,39,51
293,100,36,50
301,107,33,44
309,111,32,43
321,117,30,43
332,120,29,42
340,126,27,43
348,131,28,43
356,134,28,42
355,137,30,40
362,139,29,39
363,139,29,40
369,139,30,40
374,139,29,40
379,138,30,39
383,135,29,39
385,132,28,38
388,130,26,39
389,129,25,38
391,128,22,38
389,129,23,38
386,127,27,38
383,128,30,37
380,130,30,37
376,132,30,37
374,132,27,37
371,132,26,37
369,132,24,37
363,132,25,38
360,132,25,40
353,132,29,39
348,134,32,40
343,132,36,41
339,129,38,42
338,126,37,41
340,122,34,41
341,118,33,43
344,113,29,41
348,108,27,43
351,105,28,42
356,101,27,43
360,99,30,44
364,97,32,45
370,97,31,43
375,96,30,46
384,97,27,46
388,100,28,46
395,102,29,46
398,104,34,47
401,109,36,46
405,115,38,45
410,115,37,45
416,111,32,45
422,107,29,44
425,104,30,45
430,99,27,44
432,98,28,45
433,97,31,45
432,96,36,46
431,94,39,49
432,93,42,49
431,95,43,47
433,96,42,50
433,99,40,52
435,99,35,51
435,99,33,51
433,98,33,52
430,97,36,52
428,96,36,54
425,96,38,55
422,94,37,56
417,91,38,57
412,93,38,56
410,93,36,56
406,94,36,57
399,98,40,56
393,99,42,55
388,103,44,54
384,108,44,53
380,114,44,51
381,119,36,48
380,123,29,45
378,125,27,46
376,123,28,45
374,121,31,43
372,121,32,44
369,122,36,41
366,123,35,38
367,123,33,38
367,123,30,36
366,120,31,38
368,119,24,38
367,117,25,37
367,118,25,35
366,116,27,34
366,116,29,34
364,116,32,35
365,115,32,35
366,115,32,35
366,114,34,36
368,116,32,37
369,117,32,38
371,116,31,38
375,115,29,40
376,115,30,40
379,114,31,41
382,112,33,41
384,108,36,42
386,104,40,44
389,97,41,48
392,93,42,48
398,87,40,47
404,79,36,50
407,71,36,54
411,65,35,55
414,61,34,56
415,58,36,55
415,59,36,52
415,58,39,50
412,60,41,48
410,63,42,48
407,65,42,52
404,71,40,52
402,77,37,51
397,83,36,52
394,89,33,51
389,96,33,49
383,101,34,48
378,106,34,47
375,111,33,43
370,114,34,41
369,116,34,41
368,117,31,39
367,117,32,39
366,118,30,38
362,117,28,37
360,114,27,37
358,111,26,36
356,109,27,35
355,105,27,35
354,100,27,35
352,98,28,34
351,95,29,35
350,92,29,35
350,92,29,35
349,93,29,34
349,94,29,37
349,96,29,36
349,98,28,37
350,100,29,38
351,103,29,40
352,107,32,38
353,106,35,39
357,105,37,40
361,102,38,41
367,100,37,42
373,93,39,46
381,87,40,46
390,82,40,47
399,74,42,49
409,69,43,47
419,63,44,48
430,60,45,46
440,56,45,44
450,56,45,43
460,59,42,46
469,62,40,48
481,66,35,51
487,71,33,54
490,78,35,56
492,87,35,53
491,96,34,52
488,107,34,49
483,114,32,49
478,122,31,46
471,129,30,45
460,134,31,45
452,139,30,40
444,145,25,37
434,147,26,37
423,150,25,35
414,151,23,34
403,151,23,33
390,150,27,32
379,148,30,33
369,146,32,33
361,145,33,31
353,141,31,32
345,139,31,34
339,137,32,32
334,134,30,32
328,132,31,32
325,130,29,33
321,128,31,33
316,126,35,33
314,124,37,32
314,122,40,33
316,119,40,34
321,117,39,36
327,114,37,38
334,113,37,39
341,109,42,41
352,109,43,42
364,107,43,42
379,106,43,42
394,105,44,42
410,103,44,44
428,102,40,47
446,101,38,49
460,102,36,49
471,103,37,49
482,105,38,48
490,108,38,48
495,110,37,47
497,114,38,47
499,118,33,45
497,120,30,45
491,124,32,42
483,126,31,41
475,128,28,38
463,130,28,37
453,131,28,37
441,132,27,37
430,134,25,37
418,136,25,34
405,136,23,33
391,135,25,33
378,135,25,32
364,134,27,32
350,132,28,31
339,130,26,32
327,127,26,33
315,125,28,34
304,123,30,33
294,119,31,33
288,116,33,35
280,114,36,34
275,112,34,35
274,109,30,38
273,106,31,37
272,105,32,39
276,104,33,40
280,102,35,42
287,101,37,44
300,99,35,47
309,97,40,48
329,98,37,46
348,95,36,50
366,94,39,50
386,91,43,50
405,88,46,52
421,87,55,51
438,85,55,50
440,85,54,50
456,82,52,49
456,83,54,48
470,82,53,47
482,82,53,48
491,82,52,47
497,82,54,48
502,83,54,50
505,86,51,48
503,89,52,49
502,93,50,49
499,98,50,50
496,100,46,50
487,106,44,51
480,111,42,51
472,116,37,48
462,121,35,49
452,127,31,46
441,130,33,45
428,133,31,44
414,134,34,46
405,137,30,46
393,136,30,44
380,138,36,45
368,139,40,42
359,141,40,43
352,144,40,44
346,145,36,44
339,148,37,44
332,153,38,42
329,157,36,42
325,161,36,43
321,166,37,43
317,172,38,38
318,177,36,33
318,180,35,30
322,182,32,29
324,187,29,26
327,191,26,21
330,194,24,17
330,197,24,15
333,200,24,13
337,203,24,14
341,204,22,14
344,205,22,13
346,207,21,11
349,207,20,12
353,207,19,11
354,208,19,10
360,210,16,9
362,210,16,9
363,211,16,9
362,211,17,8
362,210,17,9
359,209,18,10
359,208,17,11
357,206,18,12
354,205,21,13
354,204,21,14
354,203,20,15
342,205,21,15
342,205,21,15
341,207,22,14
341,207,22,14
339,207,22,12
338,206,22,13
338,206,22,13
341,205,22,14
341,205,22,14
341,205,22,14
341,205,22,14
340,207,22,13
340,207,22,13
344,207,20,13
344,206,21,12
345,206,22,11
347,206,20,13
346,206,19,13
346,206,18,13
345,206,17,11
342,206,19,12
342,206,17,12
342,206,14,12
349,211,14,11
350,211,13,10
352,212,11,8
336,207,13,9
337,206,14,11
335,206,16,9
332,206,19,10
332,206,18,10
347,212,15,9
351,211,13,10
352,212,11,9
353,212,9,7
354,212,8,8
355,212,8,8
353,212,9,8
354,212,9,7
355,213,8,7
354,212,8,8
354,213,8,8
354,212,8,8
354,213,8,7
355,212,8,7
354,213,8,7
355,212,8,8
354,213,8,7
355,213,8,7
354,212,9,7
354,213,9,7
355,213,7,6
355,212,8,7
354,212,8,7
354,212,9,8
355,213,7,7
355,213,8,7
355,212,8,8
354,212,8,8
354,212,8,8
354,212,8,8
355,213,7,6
354,213,8,7
354,213,9,7
354,213,9,7
354,212,9,7
354,212,8,7
354,212,9,8
355,212,8,9
354,212,8,8
354,212,9,7
354,213,9,7
354,212,8,8
354,213,8,7
354,213,8,6
345,207,10,6
347,207,9,7
351,207,11,9
353,208,14,10
353,207,16,11
353,206,18,13
355,206,20,13
356,206,22,14
359,205,22,14
363,206,22,15
367,206,23,14
372,206,23,14
375,205,24,17
379,205,24,17
381,205,23,19
381,206,25,20
384,207,23,23
384,208,23,25
384,209,23,20
385,209,22,22
386,210,23,19
391,213,20,19
392,216,22,18
397,217,17,21
397,217,19,20
398,219,18,21
398,219,19,24
397,219,19,20
396,220,18,17
398,239,16,18
398,238,15,23
398,219,16,21
401,237,13,23
400,236,14,28
400,232,18,31
400,223,20,36
399,217,23,40
399,217,23,43
399,217,22,46
399,217,23,49
399,218,23,47
399,217,23,46
400,216,23,47
400,216,24,47
400,217,27,48
400,217,29,45
401,218,32,45
400,218,33,47
402,217,31,45
402,217,31,46
402,216,31,47
403,214,29,46
405,215,29,46
406,214,30,46
407,214,32,48
407,214,33,45
405,214,38,46
408,215,36,43
408,214,38,45
410,216,39,45
413,217,36,48
416,220,34,47
419,222,32,47
420,227,31,46
423,228,31,50
426,232,29,51
425,236,32,50
427,238,34,48
427,239,38,49
430,240,35,48
433,241,36,48
435,239,35,50
437,241,31,51
438,243,32,52
441,243,31,52
443,247,29,52
443,249,30,52
442,248,30,53
442,251,35,55
443,252,35,54
444,255,33,55
445,257,30,53
443,257,32,56
441,257,35,57
440,259,38,56
439,260,37,54
439,260,36,57
439,260,35,55
441,261,32,54
438,260,32,56
438,262,32,54
438,260,33,56
433,259,36,56
430,258,39,55
427,258,42,55
425,256,43,56
424,255,43,56
425,254,39,56
426,255,35,53
426,254,35,55
426,252,33,56
426,251,32,57
428,251,31,56
427,247,31,57
426,245,31,58
426,244,35,58
425,243,36,55
424,239,40,58
426,239,39,57
428,235,40,59
431,236,37,60
434,236,36,62
437,233,38,60
438,236,38,61
441,236,39,61
445,235,39,64
448,233,42,65
452,228,41,67
454,226,44,70
457,221,46,71
461,221,44,71
464,218,45,72
464,216,49,72
465,219,53,73
464,216,57,73
469,212,56,75
471,215,51,76
472,213,49,74
476,212,48,74
474,209,47,73
473,205,52,73
469,204,56,76
468,199,59,72
464,196,63,72
461,192,62,72
461,186,59,74
460,182,57,74
459,179,54,69
458,172,53,66
456,166,49,66
452,161,54,67
450,156,53,65
447,150,53,63
445,142,52,62
442,136,53,60
441,128,50,61
439,119,47,64
437,111,45,66
437,106,40,61
435,99,39,61
430,90,42,64
427,84,41,59
425,77,38,56
421,72,38,56
419,65,35,56
415,57,37,60
410,52,38,65
406,49,37,62
403,47,37,60
398,44,39,60
393,44,39,58
391,43,39,58
387,42,40,59
382,42,41,61
379,43,39,60
375,44,39,60
372,45,37,57
367,46,38,56
364,48,38,53
361,50,36,56
357,53,35,57
355,57,34,55
351,60,34,56
348,64,33,56
345,67,31,56
342,70,33,55
338,73,34,53
334,74,34,52
332,76,34,53
328,75,34,52
326,74,36,53
321,72,38,54
319,69,38,53
316,70,43,52
313,67,43,53
309,67,45,55
306,68,46,54
306,67,43,55
307,67,41,55
305,67,40,56
306,68,42,55
306,69,42,54
308,69,43,54
310,70,46,55
311,69,47,53
318,69,44,57
325,69,40,54
333,69,39,55
342,69,37,52
350,70,37,52
358,72,39,54
366,74,38,56
377,76,36,59
386,78,38,59
399,80,35,56
410,80,35,56
419,81,40,58
427,82,41,59
435,87,46,58
440,92,51,55
446,94,53,56
454,96,49,56
455,100,51,54
459,103,47,52
463,100,43,54
465,104,38,52
462,104,39,51
459,105,38,51
460,105,38,50
459,105,39,51
460,106,39,50
460,106,39,50
460,106,39,50
361,78,40,47
358,75,40,39
351,70,35,34
339,70,35,39
333,66,33,42
325,64,35,42
316,63,36,41
308,62,36,42
306,61,33,44
299,60,34,45
295,60,33,46
291,61,34,46
288,59,34,48
287,60,33,49
286,61,34,50
287,62,34,51
289,62,35,51
290,63,35,51
295,62,34,54
301,60,34,56
307,57,37,59
315,56,42,59
326,54,44,60
336,54,42,61
346,50,44,63
357,49,47,63
368,52,45,60
378,55,46,59
387,60,47,59
395,67,47,53
397,73,51,52
405,78,46,51
410,84,42,53
413,89,41,51
416,92,36,51
414,100,35,49
413,103,32,50
412,107,30,49
409,111,28,47
405,113,26,46
401,114,24,44
395,114,24,42
395,113,18,39
395,112,12,35
395,112,12,35
395,112,12,35
395,112,12,35
395,112,12,35
358,80,16,33
350,80,20,30
337,79,22,35
329,76,28,38
322,74,32,39
315,75,35,37
311,73,32,39
306,74,29,40
304,73,26,42
300,73,25,42
296,72,28,44
293,72,30,44
291,71,31,45
292,69,31,46
293,64,32,49
296,60,32,51
299,52,33,53
305,46,35,57
311,39,36,57
317,33,43,57
327,28,44,60
337,24,46,56
349,23,45,52
360,19,43,55
370,19,46,53
379,20,46,52
387,22,49,54
391,27,52,53
400,32,50,54
405,41,49,55
408,51,45,52
415,58,36,53
415,65,33,53
414,73,33,53
412,80,33,53
408,88,35,53
406,96,29,49
400,99,31,48
395,104,29,46
393,108,25,43
387,110,25,42
384,110,24,40
380,109,23,39
376,107,21,36
374,105,18,34
374,98,14,32
374,98,14,32
374,98,14,32
346,81,18,30
338,79,23,25
335,74,23,25
330,70,24,28
329,65,22,32
324,58,24,36
321,51,27,40
319,44,29,43
319,33,31,46
321,24,32,47
326,14,32,49
330,6,37,50
338,3,36,46
338,2,39,44
345,3,38,42
346,1,39,41
354,3,42,36
365,2,40,36
377,2,40,39
390,3,45,42
404,3,52,50
420,4,56,53
440,5,56,60
462,11,56,64
484,18,59,64
507,25,65,70
537,33,54,77
563,53,58,75
589,62,48,74
613,79,30,67
562,-18,31,63
595,-5,36,52
601,4,36,42
612,6,25,43
612,6,25,43
612,6,25,43
612,6,25,43
612,6,25,43
612,6,25,43
612,6,25,43
612,6,25,43
612,6,25,43
612,6,25,43
612,6,25,43
612,6,25,43
612,6,25,43
612,6,25,43
612,6,25,43
612,6,25,43
612,6,25,43
612,6,25,43
612,6,25,43
612,6,25,43
612,6,25,43
612,6,25,43
612,6,25,43
612,6,25,43
612,6,25,43
612,6,25,43
612,6,25,43
612,6,25,43
612,6,25,43
612,6,25,43
612,6,25,43
612,6,25,43
612,6,25,43
612,6,25,43
612,6,25,43
612,6,25,43
612,6,25,43
612,6,25,43
612,6,25,43
612,6,25,43
612,6,25,43
612,6,25,43
612,6,25,43
612,6,25,43
612,6,25,43
612,6,25,43
612,6,25,43
612,6,25,43
612,6,25,43
612,6,25,43
612,6,25,43
612,6,25,43
612,6,25,43
612,6,25,43
612,6,25,43
612,6,25,43
612,6,25,43
612,6,25,43
612,6,25,43
612,6,25,43
612,6,25,43
612,6,25,43
612,6,25,43
612,6,25,43
612,6,25,43
612,6,25,43
612,6,25,43
612,6,25,43
612,6,25,43
612,6,25,43
612,6,25,43
612,6,25,43
612,6,25,43
612,6,25,43
612,6,25,43
612,6,25,43
612,6,25,43
612,6,25,43
612,6,25,43
612,6,25,43
612,6,25,43
612,6,25,43
612,6,25,43
612,6,25,43
612,6,25,43
612,6,25,43
612,6,25,43
612,6,25,43
612,6,25,43
612,6,25,43
612,6,25,43
612,6,25,43
612,6,25,43
612,6,25,43
612,6,25,43
612,6,25,43
612,6,25,43
612,6,25,43
612,6,25,43
612,6,25,43
612,6,25,43
612,6,25,43
612,6,25,43
612,6,25,43
612,6,25,43
612,6,25,43
612,6,25,43
612,6,25,43
612,6,25,43
612,6,25,43
612,6,25,43
612,6,25,43
612,6,25,43
612,6,25,43
612,6,25,43
612,6,25,43
612,6,25,43
612,6,25,43
612,6,25,43
612,6,25,43
612,6,25,43
612,6,25,43
612,6,25,43
612,6,25,43
612,6,25,43
612,6,25,43
612,6,25,43
612,6,25,43
612,6,25,43
612,6,25,43
612,6,25,43
612,6,25,43
612,6,25,43
612,6,25,43
612,6,25,43
612,6,25,43
612,6,25,43
612,6,25,43
612,6,25,43
612,6,25,43
612,6,25,43
612,6,25,43
612,6,25,43
612,6,25,43
612,6,25,43
612,6,25,43
612,6,25,43
612,6,25,43
612,6,25,43
612,6,25,43
612,6,25,43
612,6,25,43
612,6,25,43
612,6,25,43
612,6,25,43
612,6,25,43
612,6,25,43
612,6,25,43
612,6,25,43
615,68,25,38
606,72,29,46
589,61,38,46
573,45,45,55
552,30,51,66
536,21,52,66
520,14,53,65
520,14,53,65
391,20,44,67
320,33,49,66
313,36,51,66
311,34,51,66
310,34,50,63
310,34,47,67
308,33,48,68
310,37,44,67
308,39,46,64
306,41,51,67
310,43,47,66
310,43,52,66
314,47,48,64
314,47,51,68
320,47,48,67
326,47,43,68
328,47,43,65
332,45,41,67
333,45,42,68
336,48,42,66
337,52,43,66
339,53,44,69
338,56,46,67
339,58,47,69
339,60,47,67
339,63,47,67
339,65,44,67
339,66,43,68
337,67,43,68
336,69,44,66
332,72,45,66
330,76,46,66
326,76,50,66
325,81,47,64
323,83,46,62
321,86,48,62
319,89,47,59
316,91,46,59
314,96,45,60
311,99,44,61
308,100,45,61
306,103,46,59
305,105,47,57
306,109,46,55
305,112,44,57
304,116,42,57
303,120,41,56
304,123,40,57
302,127,38,57
303,131,35,56
302,136,37,56
301,140,38,54
301,144,36,56
299,149,36,54
299,153,37,52
298,157,35,51
299,160,32,50
301,163,31,48
296,167,34,43
294,171,32,40
292,174,30,36
289,178,29,32
285,182,31,27
282,186,29,23
279,187,29,21
277,188,27,20
275,189,29,19
274,190,29,18
273,190,30,18
274,190,29,18
274,191,29,19
274,192,29,17
274,193,29,17
276,195,27,14
278,197,26,12
279,198,25,12
281,199,25,12
284,201,23,10
285,202,24,10
285,202,24,10
285,202,24,10
285,202,24,10
295,201,22,12
295,201,22,12
295,201,22,12
295,201,22,12
295,201,22,12
295,201,22,12
295,201,22,12
295,201,22,12
295,201,22,12
295,201,22,12
295,201,22,12
295,201,22,12
295,201,22,12
295,201,22,12
295,201,22,12
295,201,22,12
295,201,22,12
295,201,22,12
295,201,22,12
295,201,22,12
295,201,22,12
295,201,22,12
295,201,22,12
295,201,22,12
295,201,22,12
295,201,22,12
295,201,22,12
295,201,22,12
295,201,22,12
295,201,22,12
295,201,22,12
295,201,22,12
295,201,22,12
295,201,22,12
295,201,22,12
295,201,22,12
295,201,22,12
295,201,22,12
295,201,22,12
295,201,22,12
295,201,22,12
295,201,22,12
295,201,22,12
295,201,22,12
295,201,22,12
295,201,22,12
295,201,22,12
295,201,22,12
295,201,22,12
295,201,22,12
295,201,22,12
295,201,22,12
295,201,22,12
295,201,22,12
295,201,22,12
295,201,22,12
295,201,22,12
295,201,22,12
295,201,22,12
295,201,22,12
295,201,22,12
295,201,22,12
295,201,22,12
295,201,22,12
286,201,22,10
284,200,20,10
282,201,18,10
282,201,18,10
282,201,18,10
282,201,18,10
282,201,18,10
282,201,18,10
282,201,18,10
277,204,18,10
277,204,18,10
275,204,19,9
276,203,18,9
276,203,18,9
276,203,18,9
280,204,15,9
282,204,13,8
282,204,12,7
282,204,11,7
282,204,12,8
282,204,12,7
283,204,11,7
283,204,11,7
286,201,12,9
288,199,14,10
293,191,15,13
295,181,18,17
293,175,22,22
297,163,25,24
302,153,27,30
305,143,33,35
311,122,32,44
312,106,39,47
311,92,48,49
315,85,47,51
318,76,47,53
322,64,47,59
328,55,41,59
333,46,38,59
339,40,35,59
342,30,35,61
345,22,34,63
343,17,36,65
342,12,43,67
339,8,49,64
335,6,54,61
334,3,56,60
335,3,52,53
335,3,49,51
336,4,44,49
334,3,39,45
329,1,39,43
326,2,38,38
324,2,37,34
322,1,36,35
318,0,38,35
315,2,39,34
312,4,40,33
308,3,40,35
305,1,38,40
302,3,36,44
299,4,36,47
298,1,39,54
300,3,39,55
304,4,34,59
305,5,32,62
307,7,34,63
309,14,37,59
309,18,40,58
310,20,40,56
314,23,39,59
321,27,33,57
326,31,32,54
327,34,32,54
330,40,30,50
332,42,31,52
332,45,33,52
334,45,35,53
332,45,38,53
335,44,36,53
335,43,34,54
337,40,31,54
337,39,31,55
334,35,31,55
332,33,34,56
329,30,32,58
326,27,36,59
319,24,38,61
316,20,40,60
312,16,40,61
309,9,41,64
305,5,42,64
298,4,45,60
291,2,51,57
288,2,43,52
284,2,44,49
282,5,44,43
281,5,43,39
279,6,42,38
276,5,43,40
274,5,45,43
274,9,42,48
274,18,47,51
275,28,55,53
281,29,50,63
285,37,48,63
292,47,40,64
297,60,35,60
301,71,33,56
304,82,32,59
304,89,37,58
309,96,37,54
312,98,36,51
315,100,36,52
314,101,39,49
311,101,39,49
309,101,39,47
309,101,36,46
305,101,36,49
304,102,34,46
305,98,31,49
304,93,32,50
302,86,33,54
299,82,38,51
297,79,40,51
296,74,41,52
293,69,45,53
293,61,44,56
293,53,45,60
291,48,47,59
290,41,46,63
293,36,44,62
294,29,45,64
295,20,47,68
293,11,52,70
294,6,55,72
295,3,53,67
294,3,56,68
295,2,54,71
299,1,49,67
297,3,51,64
301,1,45,65
306,0,43,63
308,2,41,62
308,2,44,65
307,3,41,70
310,3,41,72
309,2,43,73
309,5,43,77
307,14,44,73
309,23,41,74
306,34,42,70
309,43,37,68
305,53,36,66
306,62,37,63
304,70,37,60
303,77,35,57
306,80,32,56
307,81,30,54
308,82,28,53
307,82,30,53
306,81,30,50
308,78,30,49
306,72,34,49
308,67,33,48
307,64,34,48
308,59,32,49
310,58,33,47
310,56,32,48
310,51,32,50
309,51,30,49
309,51,31,52
309,51,30,54
306,52,31,54
303,51,37,54
301,47,37,56
298,45,39,60
297,41,40,63
296,34,41,65
296,25,39,69
292,14,42,71
291,6,43,72
291,1,45,72
290,3,45,63
294,2,45,57
292,4,51,48
293,3,53,47
294,5,53,47
293,4,52,53
290,3,53,59
289,4,54,69
290,3,53,79
285,5,57,83
287,10,57,93
286,20,56,98
283,38,65,101
278,54,66,94
282,65,68,92
279,76,64,91
281,85,59,86
281,95,54,83
282,98,49,83
285,93,45,81
282,93,45,80
278,86,49,76
275,75,52,85
275,66,50,81
271,54,54,81
267,45,56,84
271,39,54,84
270,35,54,79
270,30,49,78
270,26,45,79
265,19,50,81
265,19,49,81
265,12,47,81
265,9,50,76
262,6,52,73
261,4,56,66
264,3,56,61
264,0,54,62
267,3,48,59
271,1,43,61
272,3,44,63
271,3,50,61
275,4,49,67
278,6,47,68
281,9,45,71
288,14,37,69
289,22,40,63
291,26,41,62
292,30,44,59
296,33,39,60
300,37,37,58
306,40,32,56
308,43,32,55
309,45,32,55
308,47,34,54
310,50,32,52
312,54,31,51
312,56,34,49
311,57,33,48
311,59,34,48
313,61,29,48
314,63,30,49
316,67,30,47
314,70,33,44
316,69,35,44
318,69,34,45
318,71,32,45
326,71,28,46
326,71,28,46
326,71,28,46
326,71,28,46
326,71,28,46
326,71,28,46
326,71,28,46
326,71,28,46
326,71,28,46
326,71,28,46
326,71,28,46
326,71,28,46
326,71,28,46
326,71,28,46
326,71,28,46
326,71,28,46
326,71,28,46
326,71,28,46
326,71,28,46
326,71,28,46
326,71,28,46
326,71,28,46
326,71,28,46
326,71,28,46
326,71,28,46
326,71,28,46
326,71,28,46
326,71,28,46
326,71,28,46
326,71,28,46
326,71,28,46
326,71,28,46
326,71,28,46
326,71,28,46
326,71,28,46
326,71,28,46
326,71,28,46
326,71,28,46
326,71,28,46
326,71,28,46
326,71,28,46
326,71,28,46
326,71,28,46
326,71,28,46
326,71,28,46
326,71,28,46
326,71,28,46
326,71,28,46
326,71,28,46
326,71,28,46
326,71,28,46
326,71,28,46
326,71,28,46
326,71,28,46
326,71,28,46
326,71,28,46
326,71,28,46
326,71,28,46
326,71,28,46
326,71,28,46
326,71,28,46
326,71,28,46
326,71,28,46
326,71,28,46
326,71,28,46
326,71,28,46
326,71,28,46
326,71,28,46
326,71,28,46
326,71,28,46
326,71,28,46
326,71,28,46
326,71,28,46
326,71,28,46
326,71,28,46
326,71,28,46
326,71,28,46
326,71,28,46
326,71,28,46
326,71,28,46
326,71,28,46
326,71,28,46
326,71,28,46
326,71,28,46
326,71,28,46
326,71,28,46
326,71,28,46
326,71,28,46
326,71,28,46
326,71,28,46
326,71,28,46
326,71,28,46
326,71,28,46
326,71,28,46
326,71,28,46
326,71,28,46
326,71,28,46
326,71,28,46
326,71,28,46
326,71,28,46
326,71,28,46
326,71,28,46
326,71,28,46
326,71,28,46
326,71,28,46
326,71,28,46
326,71,28,46
326,71,28,46
326,71,28,46
326,71,28,46
326,71,28,46
326,71,28,46
326,71,28,46
326,71,28,46
326,71,28,46
326,71,28,46
326,71,28,46
326,71,28,46
326,71,28,46
326,71,28,46
326,71,28,46
326,71,28,46
326,71,28,46
326,71,28,46
326,71,28,46
326,71,28,46
326,71,28,46
326,71,28,46
326,71,28,46
326,71,28,46
326,71,28,46
326,71,28,46
326,71,28,46
326,71,28,46
326,71,28,46
326,71,28,46
326,71,28,46
326,71,28,46
326,71,28,46
326,71,28,46
326,71,28,46
326,71,28,46
326,71,28,46
326,71,28,46
326,71,28,46
326,71,28,46
326,71,28,46
326,71,28,46
326,71,28,46
326,71,28,46
326,71,28,46
326,71,28,46
326,71,28,46
326,71,28,46
326,71,28,46
326,71,28,46
326,71,28,46
326,71,28,46
326,71,28,46
326,71,28,46
326,71,28,46
326,71,28,46
326,71,28,46
326,71,28,46
326,71,28,46
326,71,28,46
326,71,28,46
326,71,28,46
326,71,28,46
326,71,28,46
326,71,28,46
326,71,28,46
326,71,28,46
326,71,28,46
326,71,28,46
326,71,28,46
326,71,28,46
326,71,28,46
326,71,28,46
326,71,28,46
326,71,28,46
326,71,28,46
326,71,28,46
326,71,28,46
326,71,28,46
326,71,28,46
326,71,28,46
326,71,28,46
326,71,28,46
326,71,28,46
326,71,28,46
326,71,28,46
326,71,28,46
326,71,28,46
326,71,28,46
326,71,28,46
326,71,28,46
326,71,28,46
326,71,28,46
326,71,28,46
326,71,28,46
326,71,28,46
326,71,28,46
326,71,28,46
326,71,28,46
326,71,28,46
326,71,28,46
326,71,28,46
414,109,20,38
403,106,28,41
389,105,30,40
389,105,30,40
389,105,30,40
389,105,30,40
389,105,30,40
389,105,30,40
389,105,30,40
389,105,30,40
389,105,30,40
389,105,30,40
389,105,30,40
389,105,30,40
389,105,30,40
389,105,30,40
389,105,30,40
389,105,30,40
389,105,30,40
389,105,30,40
396,96,27,39
409,92,28,41
424,88,29,40
439,83,31,42
453,79,33,44
468,76,33,43
482,76,32,42
495,75,33,45
509,76,34,45
521,77,33,46
534,78,31,47
546,79,32,49
554,80,35,50
563,80,35,52
570,80,41,50
572,75,42,54
578,73,42,52
582,65,44,53
588,62,41,54
590,49,43,61
592,41,46,65
593,28,44,65
593,14,48,71
594,11,44,69
595,0,46,72
596,1,40,72
599,-1,41,71
599,0,39,68
602,0,38,60
606,4,33,50
608,9,32,45
612,18,28,43
617,31,23,46
624,46,17,50
630,49,11,49
630,59,10,46
630,74,11,42
631,84,9,39
632,83,11,38
632,90,9,35
630,88,9,37
629,97,11,38
624,98,15,38
619,98,19,41
615,96,25,44
605,94,31,49
595,103,40,48
580,103,47,52
569,108,51,58
560,111,49,60
552,117,42,57
542,119,43,59
530,121,48,60
521,121,47,60
514,119,44,64
504,118,46,64
497,113,48,68
495,111,45,68
488,106,48,74
485,106,50,72
482,103,51,75
482,104,57,74
484,100,59,76
486,100,60,75
492,104,53,75
497,107,52,77
499,114,52,75
500,119,58,75
502,129,60,75
502,133,62,75
504,143,57,68
510,147,50,65
511,149,44,67
510,150,42,64
506,149,43,66
499,146,45,65
491,149,50,64
485,146,50,63
479,145,49,63
474,146,43,62
471,145,40,64
465,143,44,62
456,141,51,65
451,141,53,66
448,142,55,70
445,149,55,68
441,154,54,70
441,163,52,72
443,175,55,74
449,183,62,78
463,190,71,86
480,194,82,95
502,200,91,102
537,213,99,113
580,221,80,117
417,277,75,98
411,304,80,74
404,310,87,58
406,318,85,43
