383,17,254,341
373,7,257,348
400,37,222,334
390,18,225,357
391,11,212,342
387,35,217,333
399,11,176,349
375,3,214,350
382,10,192,336
385,29,172,325
383,13,170,327
365,30,186,317
377,35,168,327
379,29,152,311
378,36,147,319
371,22,144,315
380,33,127,320
384,30,120,316
381,35,116,299
375,32,118,298
377,34,111,295
377,29,114,288
374,27,106,288
377,26,106,298
375,25,107,297
364,28,115,299
364,29,116,299
367,25,110,300
362,26,112,298
368,26,109,299
366,31,105,294
379,28,94,323
381,28,90,298
370,31,102,331
378,29,97,326
371,34,102,316
371,34,105,319
363,31,117,325
356,39,127,317
333,40,155,311
336,40,153,310
326,32,167,309
329,43,165,289
336,40,163,268
366,43,128,258
378,38,119,274
380,41,120,270
361,35,145,284
367,41,150,285
376,40,166,302
377,30,190,320
447,26,193,333
424,38,214,312
400,26,242,337
393,26,246,328
406,19,235,319
410,27,231,322
424,20,222,320
412,25,226,327
410,23,239,316
401,29,228,328
417,24,228,320
402,23,230,325
416,10,237,329
396,26,239,324
412,25,227,324
413,12,222,327
413,15,217,330
413,13,212,327
416,36,210,310
400,26,227,329
395,26,232,324
394,32,216,322
383,21,238,330
386,32,223,329
369,15,226,332
359,23,239,327
360,24,224,326
364,33,179,314
365,24,170,331
361,23,168,330
347,31,174,327
349,12,160,333
331,25,174,344
307,21,185,346
319,14,173,344
294,17,195,330
295,18,193,333
268,19,218,345
295,14,186,338
276,20,211,344
278,30,201,337
282,22,190,329
279,24,197,343
275,25,186,336
289,30,179,330
273,25,201,333
273,28,210,328
262,35,228,309
255,27,229,327
283,34,211,311
274,34,222,317
268,36,225,321
269,37,246,309
270,39,235,308
268,36,246,311
253,40,255,310
270,36,258,313
255,46,261,300
237,38,288,315
230,46,282,302
218,40,301,313
219,41,304,306
235,43,295,301
224,46,304,306
223,46,307,306
243,48,393,300
205,42,379,308
240,49,396,312
232,43,405,313
228,48,409,317
227,42,413,312
211,54,431,303
224,48,415,305
229,63,401,305
222,47,425,306
206,39,432,328
262,40,372,310
244,57,386,300
220,57,408,289
203,60,430,292
209,44,423,313
233,35,406,322
229,48,395,295
260,40,370,310
243,56,386,300
217,44,410,306
239,38,395,319
232,41,396,301
243,62,390,304
223,49,412,302
220,43,417,307
233,37,402,325
232,35,398,329
243,33,384,325
270,34,370,328
254,37,378,316
220,39,415,323
245,27,390,325
267,21,365,328
244,44,385,303
248,42,382,318
232,34,396,318
221,38,404,322
239,41,403,315
259,48,372,308
266,45,374,306
266,37,355,317
272,49,359,315
281,41,326,301
280,46,338,315
280,48,326,312
283,37,340,301
282,37,303,306
290,50,306,306
294,41,323,302
289,48,344,301
296,44,346,306
297,39,341,310
290,36,341,307
301,51,335,302
302,43,335,307
320,47,316,295
270,43,361,306
298,47,340,301
317,48,316,297
335,49,284,288
354,46,282,309
331,43,284,296
354,48,277,306
292,53,344,300
346,44,283,308
364,46,259,304
356,46,267,264
374,51,258,282
367,47,256,307
367,41,254,305
360,45,264,308
361,46,242,294
375,43,222,309
372,38,198,296
368,35,206,289
365,38,206,294
389,41,176,277
375,43,192,290
385,44,191,273
387,42,187,286
383,45,188,300
392,32,186,310
393,36,184,295
392,44,198,286
397,41,189,271
395,40,214,308
396,43,202,295
400,40,194,282
401,42,214,290
392,39,222,305
395,40,205,305
409,43,197,298
405,40,192,299
404,43,190,310
399,38,187,314
401,37,188,316
388,41,191,304
400,44,175,285
414,41,160,296
410,51,162,303
418,40,150,295
421,43,150,298
420,35,147,309
419,36,148,317
423,37,141,322
420,40,144,312
425,40,147,313
417,41,148,311
424,41,138,308
419,43,148,311
421,42,138,313
421,46,141,308
418,44,146,298
422,39,148,314
415,39,152,293
420,45,149,285
420,41,153,304
419,35,155,308
416,42,162,312
416,40,159,312
424,43,149,295
417,42,161,301
419,42,161,305
419,45,163,305
422,43,163,315
416,47,174,304
416,47,170,307
422,48,173,301
418,45,170,311
420,40,171,318
414,44,176,304
423,47,175,298
425,44,172,302
420,42,182,309
419,45,176,293
422,46,192,292
414,45,200,301
416,44,206,303
420,45,203,305
424,36,199,319
418,48,208,308
427,45,201,307
421,46,205,297
421,45,203,308
420,39,210,309
429,56,211,293
423,53,203,303
429,52,204,298
430,65,209,286
429,50,204,308
426,63,202,289
427,60,213,290
432,60,202,292
434,55,205,300
435,58,204,292
432,54,204,304
436,58,200,290
431,53,213,301
431,47,211,301
434,49,203,297
432,50,210,312
424,36,209,312
428,49,205,310
430,58,211,301
428,55,209,302
429,55,208,304
428,41,208,312
428,49,212,309
428,54,204,301
431,58,205,301
433,51,200,299
436,52,200,295
434,44,201,302
442,42,194,304
434,47,206,303
432,48,206,304
435,50,199,300
431,38,203,313
434,45,208,310
437,41,200,309
434,45,202,300
433,39,203,311
427,40,205,319
425,48,196,305
430,49,187,302
428,51,184,299
430,55,178,278
430,51,173,286
433,50,168,306
429,46,168,294
434,51,157,302
433,46,152,292
433,47,154,300
425,46,160,302
425,45,159,308
424,48,162,300
428,46,153,312
427,47,153,302
425,47,157,299
421,47,164,304
424,39,159,307
425,38,161,314
424,45,162,301
429,46,154,299
429,42,151,303
431,38,152,294
429,48,148,301
432,48,149,277
433,49,146,273
424,43,158,285
420,43,162,296
421,44,159,293
414,47,164,285
412,45,169,302
414,49,165,277
420,49,157,253
421,44,158,254
404,44,179,270
412,43,169,287
415,44,164,258
413,42,164,256
407,41,170,291
391,38,181,296
388,40,192,298
381,39,197,282
393,43,170,286
402,40,154,251
407,39,149,253
410,42,143,236
412,39,139,254
409,38,138,254
403,40,151,269
403,39,148,258
399,38,162,276
401,39,155,262
398,41,154,263
406,41,147,265
408,35,141,276
413,35,134,266
422,39,120,292
414,37,139,300
420,33,131,289
417,35,135,311
414,35,153,282
413,35,149,302
414,32,163,313
416,39,159,310
421,30,155,317
414,37,170,318
412,34,182,320
411,29,204,326
414,39,212,321
413,35,213,316
408,37,217,321
414,41,211,311
403,40,230,317
412,42,211,317
415,33,216,316
417,41,213,317
412,33,218,318
416,31,213,330
420,36,212,313
415,39,215,317
414,33,218,320
418,41,211,323
421,27,213,324
415,25,217,328
423,28,207,326
416,34,214,319
418,31,212,327
415,32,203,328
418,37,206,311
415,43,206,301
411,38,212,315
417,42,196,310
411,48,196,301
413,44,181,298
407,38,173,291
413,40,162,304
417,41,155,292
419,40,150,296
415,36,150,306
420,37,149,307
414,35,156,310
421,37,143,301
423,36,142,302
420,33,141,311
417,39,141,295
416,36,146,300
421,39,142,282
419,38,141,295
424,37,135,281
421,36,132,304
415,34,144,307
415,37,143,300
419,38,138,289
410,36,143,309
408,32,147,316
409,34,144,303
413,40,135,286
417,39,137,301
410,41,133,295
419,37,129,303
413,40,136,301
416,42,128,287
417,38,133,308
418,42,127,296
419,38,124,304
414,43,128,282
413,45,129,285
417,46,121,279
412,46,130,285
417,43,125,287
411,46,126,284
417,45,119,291
413,40,130,300
410,42,127,297
408,41,129,296
412,43,129,284
412,40,126,308
416,43,125,283
412,44,118,303
419,38,117,293
419,40,114,305
416,37,115,308
415,38,116,294
417,44,110,295
415,40,116,290
415,41,112,292
420,41,109,284
418,45,111,288
415,34,115,304
416,38,120,308
414,41,117,288
416,36,120,299
416,42,111,277
416,44,119,280
419,43,110,259
418,41,114,279
415,41,118,286
416,39,116,298
421,34,120,305
416,37,117,296
417,39,124,291
413,37,130,306
415,36,132,289
415,40,126,291
417,39,121,284
420,38,124,305
415,35,124,297
420,39,122,293
418,40,123,289
419,37,120,299
417,35,128,306
415,43,131,268
413,40,133,285
416,34,132,306
416,36,129,300
416,38,131,290
417,41,127,284
414,38,133,303
419,37,125,288
417,38,126,309
419,38,126,275
419,39,119,284
421,41,121,281
415,38,129,298
419,39,127,290
419,38,123,291
419,35,130,307
418,38,126,274
419,38,127,283
420,36,133,312
421,34,136,309
421,35,134,304
423,37,131,295
422,35,137,302
422,38,142,299
421,34,142,307
417,41,152,293
419,36,151,302
416,43,161,277
416,46,159,266
420,48,159,253
415,44,164,265
416,43,161,266
412,41,162,295
416,45,160,288
408,47,171,276
403,42,172,284
407,41,174,275
405,43,173,286
409,44,170,282
408,43,177,290
410,48,167,271
411,50,168,274
403,44,179,296
414,50,163,262
406,45,167,270
419,51,170,265
414,46,163,270
419,47,170,295
412,43,174,275
417,46,168,285
419,47,160,256
419,50,157,256
416,47,158,260
406,47,164,251
416,48,156,255
418,47,150,256
422,50,147,267
416,49,151,262
417,50,151,278
419,50,152,283
422,45,144,282
425,40,147,297
427,42,134,300
426,41,139,309
427,45,132,303
426,44,134,307
427,44,128,302
422,47,134,313
432,47,121,303
433,46,119,303
435,51,114,321
434,39,115,316
438,46,110,312
436,41,112,316
436,39,109,320
432,36,120,320
438,43,114,301
431,48,120,306
434,39,118,316
438,42,118,311
434,41,117,309
433,40,123,308
436,44,124,307
435,43,124,308
429,42,132,313
433,44,133,314
432,42,134,313
435,44,135,314
432,45,135,312
430,42,139,314
432,43,142,312
427,45,150,317
430,43,149,314
428,41,150,318
436,38,143,321
429,40,156,316
430,35,157,318
437,36,145,319
436,41,144,314
435,42,149,314
440,41,140,307
441,41,145,309
436,42,152,308
445,39,136,299
446,40,130,288
441,45,138,264
441,40,144,283
448,41,137,277
431,36,154,281
442,40,144,271
449,44,132,249
453,47,125,232
450,46,133,204
466,46,118,225
468,50,120,226
464,47,121,245
457,41,126,266
428,31,158,308
384,23,198,330
350,9,226,335
357,17,221,326
372,19,228,331
374,26,234,337
383,17,225,333
409,19,209,332
415,14,211,340
427,18,200,328
429,13,197,343
443,14,194,334
447,13,191,332
451,18,181,331
448,27,194,318
469,35,179,318
455,26,182,324
456,40,195,320
466,36,176,318
469,29,173,334
445,49,199,306
433,55,204,301
399,38,241,317
366,39,268,318
353,32,282,331
338,26,295,328
342,42,298,322
336,31,285,320
332,34,272,335
333,30,270,323
327,30,272,337
334,25,257,331
346,26,232,316
355,21,215,326
362,22,205,311
348,29,230,311
356,23,219,321
375,33,213,323
361,43,228,314
344,40,251,320
353,23,213,328
353,27,198,325
359,31,182,315
358,31,181,329
354,27,184,312
356,31,180,311
356,31,181,312
364,30,168,324
375,28,155,331
378,30,149,326
366,27,166,331
380,33,154,324
384,24,155,331
381,25,164,327
374,24,170,322
375,24,172,328
377,26,170,330
378,25,169,334
366,21,190,333
359,23,201,327
369,22,190,334
377,24,177,318
375,22,187,321
369,17,197,325
358,28,204,330
372,20,192,334
372,18,194,327
357,21,212,327
342,25,226,320
345,25,220,329
352,27,213,320
337,19,229,325
334,18,242,324
333,23,241,330
331,21,235,339
321,16,248,328
325,33,235,318
311,25,242,329
315,21,238,335
297,29,248,341
284,24,256,326
280,29,261,338
295,14,236,341
274,23,247,335
265,39,245,342
297,28,207,307
285,25,216,323
277,31,216,317
282,35,207,320
283,41,211,308
280,37,206,314
270,49,217,312
273,48,210,300
293,45,187,313
265,57,211,301
279,55,203,299
271,50,210,314
277,49,197,303
279,60,196,299
287,56,188,306
291,56,177,296
290,63,180,291
286,57,181,287
276,58,199,298
286,40,190,302
250,55,223,307
260,41,215,298
257,43,215,311
268,40,203,313
276,38,209,317
286,35,191,317
264,20,214,327
258,24,222,331
251,23,232,323
249,23,239,334
257,16,228,324
266,28,229,323
266,16,229,332
298,20,195,329
323,7,165,344
317,10,178,335
324,20,175,324
325,17,177,315
342,12,161,329
356,13,148,331
356,18,152,334
358,15,152,330
357,6,151,346
353,14,159,338
349,18,164,332
367,17,147,329
351,16,165,337
331,18,195,335
334,28,198,318
341,27,190,313
344,17,191,330
349,22,187,323
351,17,188,331
366,17,175,331
358,11,186,332
380,28,157,313
371,22,167,325
353,19,191,328
381,22,161,321
361,18,182,335
354,16,189,341
357,23,185,322
364,27,176,319
368,20,170,326
384,29,150,308
356,34,182,299
363,33,171,318
367,36,164,324
381,39,150,307
377,36,152,316
389,37,142,308
390,37,141,311
387,36,145,319
386,37,151,319
375,46,159,307
379,40,161,311
373,45,169,314
380,40,164,314
386,38,157,313
386,44,157,308
381,43,165,314
378,45,166,310
386,47,161,308
398,42,146,311
401,43,146,313
405,41,141,310
400,48,149,305
398,50,155,309
403,51,150,305
409,57,143,295
406,50,147,300
408,46,153,307
413,50,154,299
414,61,148,293
413,55,148,297
419,53,141,298
421,50,148,303
419,47,150,310
421,48,154,311
421,49,149,305
425,47,154,308
420,48,159,297
425,50,156,304
432,49,142,308
431,51,145,307
431,46,149,298
435,62,146,303
431,50,152,296
438,58,145,296
438,49,146,293
432,56,155,295
437,48,152,302
436,54,148,302
439,58,150,296
439,53,149,295
435,47,152,294
434,60,153,303
433,50,154,304
434,50,153,301
438,51,143,306
432,48,150,298
436,56,146,306
429,47,155,305
420,52,164,302
426,48,155,305
424,51,157,298
413,44,167,310
409,40,167,314
404,50,174,311
401,44,178,313
392,44,205,309
384,38,206,319
371,41,226,318
373,40,233,320
387,45,218,316
378,33,201,324
389,39,191,324
392,44,182,316
393,42,172,323
385,47,188,319
407,44,167,322
415,36,145,321
414,42,145,319
421,47,139,318
427,44,179,313
423,44,204,323
424,35,200,312
422,29,201,326
418,45,202,306
414,36,219,313
407,30,227,319
414,29,227,325
414,33,223,326
410,11,239,325
412,28,228,338
415,22,217,320
418,30,206,321
417,32,212,314
409,36,208,325
413,17,204,319
412,25,200,327
406,35,201,320
410,23,199,318
412,31,204,326
399,16,227,328
411,10,219,324
410,34,220,325
392,22,239,327
396,20,244,330
406,37,225,318
377,17,255,322
400,27,244,319
383,28,253,328
370,31,269,325
342,19,294,323
326,39,312,318
338,21,307,311
321,29,321,322
313,31,329,316
314,30,325,321
305,36,333,316
295,27,341,322
292,34,334,322
288,32,341,319
272,39,357,312
284,42,342,300
278,48,349,301
288,44,340,310
299,37,326,318
293,37,346,303
295,43,331,304
288,43,350,306
267,49,368,310
293,40,340,317
274,44,360,309
291,41,347,307
263,39,372,305
289,45,343,309
266,47,367,297
265,42,376,305
266,43,372,312
253,46,387,303
266,46,375,308
251,47,386,305
265,49,383,313
264,43,376,319
269,52,370,309
256,64,380,291
266,45,360,304
264,52,376,303
242,39,393,315
279,63,361,295
261,54,370,306
271,37,361,312
263,44,363,299
245,56,388,303
270,43,367,311
244,41,389,319
262,44,379,309
251,39,389,326
288,43,346,309
275,46,337,308
358,41,266,307
403,41,193,303
418,47,172,288
427,44,166,291
425,42,172,309
437,37,164,313
417,45,190,285
421,45,196,303
421,48,193,295
421,40,197,310
416,39,208,309
421,43,200,315
407,43,220,313
420,37,203,315
418,41,201,311
409,45,206,307
414,47,194,307
413,52,183,301
425,49,163,299
424,54,160,293
433,55,154,304
435,46,148,307
435,50,152,303
439,53,146,295
444,53,137,301
447,54,136,302
446,55,137,304
447,52,139,302
439,50,155,310
441,47,161,318
429,52,189,305
439,54,179,301
434,42,186,313
436,47,186,310
438,53,180,299
439,44,181,310
436,49,185,311
434,54,187,302
431,48,191,304
427,49,197,295
431,51,190,299
429,49,189,302
423,57,200,302
428,51,193,302
428,52,186,296
424,51,196,301
411,55,217,297
426,40,195,303
416,44,205,309
428,46,200,304
420,45,209,302
435,47,194,310
435,49,188,303
428,51,198,306
426,45,205,305
434,48,188,303
419,47,201,294
423,47,200,292
413,50,210,289
427,47,196,287
431,44,188,313
419,52,207,299
407,47,219,299
412,48,220,308
416,50,212,302
404,45,222,306
441,42,191,307
418,50,204,297
425,45,202,307
414,44,213,305
418,44,213,304
415,47,207,301
411,44,222,302
408,44,219,307
418,44,216,304
432,51,195,303
420,49,211,287
416,54,210,266
417,49,211,270
419,53,209,294
421,47,210,302
424,53,200,293
425,45,199,290
430,55,193,302
422,50,202,297
420,50,196,287
422,55,192,282
425,55,181,296
427,53,170,286
426,49,173,304
432,51,171,290
431,59,167,289
428,47,169,301
431,53,172,307
429,50,169,301
428,50,169,307
429,40,173,313
427,50,158,295
424,45,168,295
422,57,174,298
424,47,176,296
421,55,176,293
422,54,174,284
421,53,172,286
422,50,172,308
423,49,176,300
426,54,168,283
425,54,169,286
424,50,170,301
422,49,176,287
426,52,176,291
423,59,174,273
425,47,179,304
424,47,183,303
424,58,184,289
422,56,181,281
427,58,181,295
424,47,191,298
430,54,175,294
424,54,182,292
426,49,181,306
427,48,187,300
425,50,181,291
425,55,176,285
425,52,176,291
425,48,177,299
422,53,182,288
421,55,179,270
418,58,193,290
420,48,187,299
422,54,181,289
431,53,164,281
427,49,176,301
423,54,182,276
422,52,181,296
426,54,171,280
429,53,166,303
422,50,172,294
425,48,169,283
417,51,193,307
415,48,201,303
419,54,200,291
417,49,200,293
422,48,199,293
420,49,208,296
414,51,217,301
413,47,206,292
413,57,215,297
412,49,214,300
400,64,227,290
410,41,209,315
403,51,219,308
403,55,223,305
392,56,233,300
400,51,230,311
399,49,232,306
398,49,234,308
401,42,230,317
403,54,232,293
423,58,211,301
411,51,224,297
401,53,235,301
399,60,236,303
387,58,246,306
370,51,256,301
371,53,265,312
374,45,267,304
389,64,240,314
391,58,244,306
360,43,273,309
354,62,275,302
355,49,282,299
346,56,286,302
355,57,284,293
356,58,284,296
343,51,286,301
341,53,300,297
359,62,284,294
344,54,293,305
337,60,306,294
336,58,304,295
362,64,277,285
337,55,310,302
324,74,318,281
309,54,335,304
321,66,322,289
308,65,335,288
318,56,325,299
295,72,343,291
421,70,260,285
428,55,216,306
452,59,179,301
448,42,183,315
453,49,177,310
454,45,178,314
448,48,180,312
447,43,187,321
455,49,176,309
451,56,190,301
450,52,182,310
449,45,186,309
452,55,174,306
449,41,185,315
448,44,183,313
456,47,176,311
462,51,176,312
455,38,176,314
465,54,172,311
452,42,174,314
456,52,169,305
459,46,171,308
449,41,180,316
456,53,174,308
452,47,175,305
459,55,174,303
452,43,171,312
458,49,170,320
455,38,167,311
453,51,169,310
448,43,175,308
456,45,162,304
452,45,171,315
458,42,142,300
455,45,149,304
458,44,151,303
454,46,156,293
459,42,134,303
449,43,162,307
448,36,168,312
447,48,166,295
443,44,175,312
438,38,179,312
436,45,166,298
437,47,157,280
424,43,162,297
425,45,162,275
415,48,171,257
415,47,171,266
418,51,163,281
421,45,163,257
411,46,171,276
430,49,147,257
416,43,160,254
420,44,159,248
421,43,155,254
424,44,151,249
415,45,155,255
400,37,173,256
401,39,171,263
404,39,162,257
406,42,159,256
413,43,152,258
409,41,154,260
403,44,157,257
409,45,155,244
414,48,150,262
412,44,150,292
407,43,160,273
418,50,144,232
413,49,148,250
412,49,142,247
415,49,137,244
410,45,140,251
415,49,140,254
402,43,154,254
419,47,134,251
412,45,141,259
414,49,137,228
414,46,132,247
407,46,140,244
417,48,128,260
402,51,147,232
406,45,142,261
418,50,132,249
402,48,150,258
399,44,163,277
394,46,166,258
406,45,151,262
384,39,182,268
413,46,144,268
410,50,144,246
401,45,148,245
409,47,139,249
401,42,148,265
398,40,162,296
397,40,163,310
405,40,153,294
404,39,158,309
386,36,181,317
396,34,175,322
384,34,183,313
385,44,184,311
387,39,190,308
373,38,197,313
360,35,206,311
347,36,211,311
317,29,259,318
313,46,275,308
319,33,292,309
299,18,304,332
283,30,345,340
281,26,320,325
277,34,342,323
269,33,351,312
258,28,378,314
267,26,354,324
256,25,383,322
262,22,346,322
281,29,348,330
270,24,337,325
282,31,343,333
271,38,329,328
294,24,333,325
281,18,337,346
271,25,354,325
298,36,309,321
305,27,302,340
305,19,318,329
283,31,342,330
289,22,335,324
280,32,337,325
294,16,338,321
266,36,349,321
289,31,343,319
270,36,342,313
298,43,330,306
265,20,358,322
254,35,376,325
246,33,377,324
268,36,365,319
262,30,346,308
283,32,343,322
260,26,361,303
253,24,371,323
284,32,346,316
263,38,350,324
285,35,339,312
296,34,336,310
294,35,331,316
264,29,366,307
285,34,339,320
268,35,359,306
269,38,350,323
263,33,374,320
253,29,375,327
266,21,359,322
247,35,371,315
274,22,361,327
250,33,387,322
257,22,379,326
273,26,371,321
260,28,378,318
263,33,376,328
257,19,389,321
258,24,386,331
258,28,384,330
275,29,356,331
273,18,366,329
261,23,370,327
274,26,374,325
280,19,352,328
261,27,376,328
271,20,371,333
264,10,371,338
273,15,353,330
274,26,357,326
283,29,313,316
279,35,333,317
281,34,341,320
278,36,349,319
271,32,361,325
265,24,365,325
286,30,334,329
275,13,359,326
259,21,388,342
311,12,331,335
235,16,342,344
269,17,289,336
279,9,241,349
305,11,293,359
278,6,312,353
284,5,351,353
256,8,385,341
237,4,388,336
231,14,406,347
236,11,410,330
229,14,412,329
232,17,415,339
234,16,393,339
211,16,422,337
228,3,409,348
250,19,389,344
236,5,385,335
224,46,406,311
224,43,401,312
214,35,408,321
193,44,431,330
216,37,407,315
209,43,424,315
190,36,445,325
175,29,456,317
178,41,458,340
173,42,463,317
165,32,469,320
250,34,376,327
231,47,406,326
225,34,415,323
169,45,470,321
130,32,506,320
208,44,436,325
136,34,497,316
203,56,426,311
267,29,377,335
223,50,411,316
162,52,468,297
245,44,385,320
264,42,368,313
332,45,306,313
367,37,269,324
410,35,228,331
409,29,218,329
424,42,218,326
424,43,217,316
421,44,214,318
422,41,208,318
425,39,210,317
412,43,221,321
407,39,222,323
421,46,216,314
421,37,219,318
407,47,227,309
382,46,249,313
390,40,243,321
381,50,251,304
372,50,245,313
387,36,234,312
383,51,240,312
374,47,245,326
386,52,233,300
384,49,225,316
383,44,240,306
390,54,216,310
385,51,226,311
382,48,229,318
398,44,215,308
405,49,202,303
400,45,205,306
411,46,190,307
401,48,202,303
410,54,189,296
411,46,200,306
400,58,206,301
410,46,191,296
396,61,208,296
400,57,202,292
407,53,187,298
383,53,213,309
372,47,235,298
352,47,251,301
341,64,272,291
327,47,288,306
351,68,267,302
356,48,255,300
352,50,273,306
383,54,238,296
394,65,233,290
422,72,203,280
418,74,214,276
414,65,219,282
408,64,229,284
422,51,207,297
410,54,228,293
422,48,209,302
431,72,201,283
420,64,220,283
422,59,222,295
429,69,204,290
443,85,210,267
450,77,188,275
452,79,193,274
456,89,190,268
443,84,194,259
460,82,185,276
446,88,183,264
471,91,172,259
463,88,182,259
479,89,155,256
480,88,168,266
480,83,163,267
485,81,156,271
482,79,157,272
489,82,152,264
489,77,149,275
497,71,143,274
492,76,142,279
500,75,142,272
498,81,135,275
495,77,136,266
498,82,135,279
502,72,126,281
499,81,133,277
499,81,127,276
497,75,133,274
505,77,124,281
498,74,135,278
498,67,130,276
494,75,133,281
494,77,141,278
486,69,140,283
485,82,142,275
481,81,144,279
475,77,153,278
470,67,150,288
476,72,153,274
466,69,164,287
469,73,159,277
474,72,156,286
472,66,146,282
470,72,151,283
469,69,145,283
468,73,139,282
468,75,146,279
464,68,126,285
465,70,122,285
461,57,129,288
458,69,128,283
460,74,126,274
454,71,130,287
456,63,128,281
458,65,126,288
455,66,129,281
452,62,135,291
454,71,128,285
454,67,120,287
456,57,117,292
456,66,114,290
456,57,113,288
453,64,108,296
456,55,103,295
454,59,100,295
456,56,100,298
452,53,105,300
454,56,97,295
453,59,99,290
449,57,104,294
451,60,100,283
451,60,101,277
450,63,100,285
452,61,102,275
450,68,104,252
450,63,104,262
449,62,102,277
452,60,99,275
447,54,107,293
448,62,103,275
448,55,104,295
449,55,103,301
442,51,114,292
447,54,111,285
441,55,117,298
437,57,124,284
440,54,120,279
432,51,125,302
433,50,134,293
435,53,123,295
432,53,127,291
431,56,135,290
425,55,141,296
434,48,132,297
425,52,134,296
433,50,129,298
426,53,134,297
434,48,128,306
432,54,129,297
430,53,130,291
428,53,135,302
428,54,136,294
427,53,140,298
423,56,137,295
427,52,133,296
426,52,132,299
422,51,135,296
420,49,133,299
421,48,131,301
419,49,131,300
417,50,136,300
411,40,138,307
416,51,126,307
416,46,121,310
407,47,136,311
409,41,142,307
408,45,135,304
408,45,134,318
409,47,137,309
407,43,140,313
404,42,146,305
407,46,133,315
405,43,144,310
407,43,143,317
406,44,144,314
405,45,151,313
409,42,141,310
404,38,146,313
408,37,152,319
411,39,150,309
414,34,153,323
411,38,155,317
414,39,158,324
421,31,150,325
421,38,149,330
424,34,147,325
432,34,142,326
432,32,139,330
437,32,136,329
440,34,133,323
439,42,135,324
443,40,132,325
441,34,134,324
441,33,139,318
438,37,142,318
440,38,141,321
444,38,136,322
443,38,137,317
442,39,141,321
448,38,131,316
444,44,139,310
448,38,132,316
443,45,144,313
445,44,140,307
448,46,137,311
446,44,142,308
443,43,143,310
444,44,140,316
434,54,167,307
439,53,151,300
433,60,156,297
440,57,150,304
435,45,159,305
439,68,152,295
439,63,147,294
438,61,148,301
433,60,154,302
439,64,151,300
436,65,156,294
440,68,141,293
439,66,144,294
440,78,138,288
434,69,146,293
434,69,142,292
434,61,140,299
434,75,142,281
429,65,151,297
416,74,168,285
372,76,200,271
365,65,219,258
365,65,230,285
362,63,237,294
364,59,258,300
378,61,228,297
396,58,206,303
398,64,189,292
390,70,225,286
393,56,231,307
397,49,233,310
391,75,239,288
392,57,231,290
388,59,239,308
391,53,242,297
395,56,238,301
396,48,235,306
393,55,237,307
380,50,251,310
384,44,245,314
380,50,245,308
378,49,243,313
374,45,252,314
373,54,252,310
366,65,260,292
366,63,239,299
359,51,183,312
352,39,167,301
357,45,161,316
349,44,167,307
346,37,175,317
334,40,181,315
336,46,190,302
325,48,193,297
308,48,216,297
302,46,220,302
301,43,223,302
300,37,221,313
280,39,241,311
268,43,241,316
321,43,267,306
324,40,303,311
320,47,318,309
278,42,352,311
226,39,395,318
172,34,462,323
138,26,498,333
98,29,545,324
59,38,575,321
41,25,608,337
111,34,538,328
66,31,583,330
55,29,586,325
40,31,594,328
125,29,532,319
106,32,531,326
86,29,562,320
91,47,546,307
185,36,456,315
141,43,496,311
78,39,554,313
57,45,594,312
65,21,573,331
70,38,585,321
51,36,585,313
159,52,490,301
139,38,495,319
86,31,559,324
88,35,556,314
60,28,597,331
42,30,609,326
58,44,589,310
131,34,525,318
120,47,511,307
81,35,564,318
69,38,577,318
120,50,536,316
121,75,503,282
121,46,530,305
99,50,545,309
134,48,512,309
105,64,534,295
130,51,511,294
128,70,517,292
140,50,503,299
126,63,507,298
134,46,516,311
117,64,523,295
152,58,491,293
144,51,496,300
147,47,493,307
119,61,522,295
142,41,510,314
104,56,536,299
108,48,534,312
95,56,553,300
136,42,504,306
92,48,541,309
99,54,546,290
100,50,551,307
71,44,562,320
105,49,552,308
81,58,552,294
154,35,487,317
108,50,533,318
80,30,550,324
60,41,598,312
89,46,575,316
110,46,532,308
72,47,554,310
75,35,574,317
41,37,603,308
56,34,586,312
55,49,602,313
69,36,574,314
86,30,563,317
108,28,530,327
82,33,564,323
85,19,562,331
54,39,592,316
72,27,586,330
56,45,588,311
35,29,600,324
36,45,613,305
29,11,617,335
33,39,615,313
57,21,584,322
68,35,566,319
125,15,532,331
111,20,526,332
57,16,575,332
43,31,612,329
63,17,592,334
47,30,591,328
67,23,585,326
35,14,612,330
57,28,591,332
67,0,567,342
49,16,578,342
52,6,603,345
25,22,606,327
20,12,639,345
9,26,630,327
58,50,597,308
52,17,585,335
40,14,603,342
18,30,611,328
38,21,641,319
64,17,579,331
33,20,598,333
22,17,632,329
52,29,594,318
26,23,608,338
82,9,582,350
63,29,571,327
74,8,571,347
74,12,556,337
63,20,590,343
94,8,544,346
95,58,504,292
164,35,454,314
171,25,427,319
178,16,369,343
177,23,368,328
252,31,364,322
232,19,329,329
246,17,306,334
278,22,267,321
320,13,223,337
322,8,222,350
330,6,219,343
319,7,230,343
332,7,221,340
319,14,240,348
320,8,237,351
326,9,237,336
321,11,241,346
306,9,265,343
303,15,269,341
323,15,243,339
325,12,250,334
322,3,241,350
300,12,269,345
318,10,253,348
301,10,269,340
329,23,239,333
316,26,256,331
321,20,243,332
312,16,250,341
337,18,216,330
325,21,228,327
330,10,210,342
