113,203,181,116
107,203,183,114
113,210,186,104
107,206,180,111
114,211,183,109
109,207,182,115
111,209,184,110
111,207,176,116
115,204,183,118
111,208,183,112
112,214,182,108
110,208,183,117
113,214,186,112
111,213,181,110
116,209,179,120
112,212,184,115
114,214,184,112
115,215,184,111
108,208,182,116
114,215,176,112
117,213,183,113
112,211,182,116
114,214,180,111
113,217,179,107
108,215,186,111
111,211,182,113
114,209,182,119
113,213,185,114
109,214,182,109
108,216,186,110
111,204,183,123
107,213,182,110
112,211,179,113
115,207,178,122
110,203,184,123
113,206,181,120
112,212,183,114
111,218,184,101
113,220,184,104
110,207,181,117
115,209,182,118
110,209,176,114
109,212,181,117
112,206,179,121
113,207,182,121
111,201,183,124
113,202,180,117
115,201,182,115
119,203,182,100
118,192,185,124
122,186,186,111
133,186,179,98
150,185,175,91
165,180,164,88
192,181,146,80
207,180,144,71
229,173,126,67
252,156,117,70
275,135,102,78
292,119,98,79
365,192,85,90
377,196,69,87
379,193,65,91
378,188,72,97
381,189,64,94
378,194,72,87
380,189,63,93
380,191,70,89
374,188,70,87
372,185,66,91
270,94,84,78
257,108,100,74
227,123,121,69
202,135,140,69
183,140,153,80
164,142,156,92
150,139,162,103
141,137,162,112
139,140,166,106
138,139,162,108
140,133,166,115
139,133,166,116
139,134,170,112
141,135,173,109
143,134,173,113
150,138,175,110
165,140,166,105
181,143,156,101
191,146,153,91
210,152,147,74
226,145,129,78
237,141,113,79
249,144,89,79
255,146,75,76
256,146,60,76
256,145,57,75
254,159,57,79
255,158,60,78
253,161,61,67
252,159,62,68
251,163,62,65
251,167,64,58
253,164,59,65
253,160,61,61
255,152,61,69
255,157,62,64
255,161,62,59
256,152,62,66
260,149,58,72
262,145,59,80
263,147,53,75
267,163,49,77
265,162,56,74
266,164,56,69
266,168,52,66
266,170,55,58
267,170,54,57
266,170,54,61
268,168,56,58
267,163,55,64
267,165,55,59
269,167,52,57
270,165,53,58
271,167,52,58
273,168,53,58
273,168,53,54
269,167,53,58
272,162,52,62
270,162,50,63
270,162,51,65
268,155,53,70
266,163,50,63
263,165,55,62
258,169,57,57
250,161,65,64
244,160,73,66
236,167,79,66
234,161,83,81
234,156,81,83
231,156,84,83
232,155,81,84
233,156,81,84
234,154,81,85
235,153,81,87
237,153,82,84
238,153,81,75
243,149,85,90
249,147,82,92
252,147,84,90
258,150,79,84
264,149,72,83
269,148,72,64
272,151,66,62
275,153,67,57
278,150,64,61
283,152,58,56
285,155,63,51
286,152,67,57
290,154,66,55
291,152,65,62
294,149,61,67
296,152,58,66
298,155,57,63
299,152,55,67
298,156,55,64
299,152,54,66
298,154,55,66
298,154,55,66
300,155,54,67
300,157,55,63
300,159,54,62
301,155,53,65
302,155,52,67
301,160,54,62
300,159,53,62
300,156,53,65
298,154,55,66
298,151,57,65
296,156,60,62
298,152,56,65
297,160,57,60
297,153,58,67
296,156,59,60
294,155,57,64
293,151,60,64
289,149,58,62
289,149,58,63
284,146,59,65
284,146,60,64
281,148,59,63
282,145,58,64
282,147,61,70
281,145,65,69
281,143,67,73
281,142,69,73
283,136,68,77
284,130,72,84
289,129,70,88
292,126,69,100
304,136,57,97
312,137,64,113
323,149,62,120
351,162,58,123
388,184,76,135
433,211,90,121
490,245,112,107
508,241,125,112
508,241,125,112
508,241,125,112
508,241,125,112
508,241,125,112
508,241,125,112
508,241,125,112
508,241,125,112
508,241,125,112
508,241,125,112
508,241,125,112
508,241,125,112
356,162,124,100
498,238,135,95
494,237,141,92
482,233,150,90
472,233,160,88
467,232,162,87
462,231,170,88
458,233,180,83
457,235,178,85
466,231,173,90
472,235,161,91
477,236,153,97
494,224,128,108
517,237,105,94
535,239,98,94
537,235,99,97
534,228,105,102
527,220,108,107
526,214,115,108
522,217,112,108
520,216,117,103
514,215,123,98
513,204,129,114
506,200,130,111
508,196,129,114
505,202,134,101
503,204,136,92
503,182,140,102
500,143,143,132
498,124,138,145
492,103,147,157
468,91,143,148
443,83,136,143
443,83,136,143
443,83,136,143
443,83,136,143
443,83,136,143
264,132,148,119
264,132,148,119
264,132,148,119
199,116,162,124
171,127,165,106
149,117,131,93
158,117,121,77
155,125,117,67
153,130,111,62
151,132,104,60
152,135,96,55
157,127,100,64
153,138,82,49
160,137,97,56
153,135,87,53
157,135,97,57
155,140,105,47
157,141,103,50
159,142,99,49
159,133,108,61
161,141,109,50
161,137,111,54
161,138,115,53
161,133,121,59
163,135,120,55
162,137,121,54
163,125,120,66
168,119,118,73
169,125,117,70
167,132,117,59
169,132,119,62
168,134,119,60
166,132,124,62
166,131,125,64
169,129,122,66
168,131,123,63
167,133,128,62
176,132,118,64
180,127,119,73
181,131,120,71
184,132,114,73
184,135,113,68
183,137,119,67
184,150,112,56
184,150,118,59
186,153,118,56
186,151,117,59
187,152,117,60
188,154,115,58
186,154,121,58
187,151,122,60
187,156,113,56
187,153,119,61
186,153,111,60
187,148,113,64
185,151,116,60
186,147,111,60
184,143,119,63
184,128,121,68
187,118,115,69
184,113,116,69
181,117,117,58
180,112,119,61
182,111,115,61
180,111,121,60
178,111,124,60
182,112,116,63
184,114,118,63
183,117,115,60
186,116,115,61
185,119,114,58
187,116,114,61
188,116,110,59
186,116,118,58
185,116,116,58
187,116,115,58
184,116,117,59
186,117,112,58
186,116,119,59
184,116,118,59
186,117,120,60
182,115,123,61
182,116,120,61
184,117,124,59
183,116,120,61
183,119,117,59
183,119,113,59
182,119,117,61
185,116,116,62
183,119,117,60
184,117,117,60
183,117,119,60
184,120,120,56
185,119,117,55
184,118,119,57
184,119,119,57
186,118,117,59
188,118,116,57
186,118,121,58
183,117,118,60
177,121,118,55
173,121,122,58
168,123,119,58
167,123,125,59
159,123,130,63
158,125,131,60
148,129,142,62
139,128,145,71
131,136,155,69
121,144,165,76
110,150,177,79
102,158,186,82
96,166,196,86
94,169,201,98
91,167,205,104
87,162,211,116
94,158,209,127
91,160,207,121
86,158,212,123
91,160,213,121
89,156,208,127
89,159,212,124
94,155,214,123
92,156,214,115
100,150,222,117
95,140,203,125
99,140,203,118
120,146,210,106
117,148,198,95
122,149,196,93
125,150,194,81
129,149,191,78
123,140,187,86
120,129,186,94
130,136,172,88
131,137,178,85
131,134,176,87
136,139,174,85
134,138,172,83
140,138,171,88
134,141,173,82
139,138,173,87
137,137,175,83
144,137,173,81
138,138,171,82
141,138,168,83
140,135,171,87
137,136,175,82
137,138,171,84
139,137,175,87
137,141,173,79
137,137,172,82
136,137,173,84
137,137,176,84
131,137,176,84
141,137,169,84
144,137,169,81
144,137,170,84
148,136,171,85
149,135,168,83
145,135,168,86
147,136,170,85
142,140,173,80
142,141,175,79
139,140,172,84
143,139,171,82
135,141,171,85
132,140,174,89
133,145,175,83
129,145,175,83
128,146,177,86
130,146,174,84
129,143,172,90
133,145,175,87
128,141,175,91
130,142,180,90
129,143,178,85
128,141,179,87
134,138,175,83
127,130,176,88
135,124,165,90
133,125,172,85
132,135,167,73
134,144,160,63
131,138,164,65
130,142,161,63
122,137,163,65
127,133,160,69
128,131,154,72
129,129,156,76
127,133,153,72
130,134,158,72
127,145,162,60
129,142,160,62
135,140,160,64
132,142,164,64
133,139,166,70
137,135,163,75
130,131,166,82
128,125,163,91
132,126,164,91
135,130,166,90
134,133,172,91
128,147,174,84
130,151,174,81
131,151,175,81
127,150,188,82
121,145,186,83
115,149,184,86
108,148,181,90
107,152,175,93
105,156,171,96
104,161,164,93
112,159,158,99
116,158,157,97
114,161,156,97
112,157,160,102
110,163,149,95
113,162,155,93
109,166,152,90
106,164,156,94
109,165,153,93
110,165,149,93
110,165,150,96
114,166,154,93
111,168,153,93
110,164,159,100
114,169,127,103
110,176,107,94
95,175,85,102
78,177,96,118
54,179,120,122
32,183,143,115
13,184,157,115
12,187,170,111
9,184,174,119
6,188,177,115
11,185,174,116
8,184,174,116
8,189,175,111
10,187,174,113
8,186,176,110
13,191,174,103
16,185,171,112
20,182,173,114
15,185,173,109
19,187,175,108
19,182,174,114
21,184,175,110
16,184,174,110
19,188,174,106
19,185,176,107
13,187,174,109
21,186,174,106
22,187,170,107
20,183,173,113
14,187,176,109
22,181,173,113
19,185,174,111
19,185,170,113
19,189,177,104
16,187,177,110
21,189,173,105
20,184,173,112
16,186,175,110
17,186,175,109
22,187,177,107
21,184,173,114
19,182,170,114
22,184,172,113
19,188,176,107
17,185,173,110
19,182,175,114
16,182,171,113
17,183,171,113
17,184,176,110
17,185,174,109
18,183,170,111
14,184,174,113
18,184,173,112
16,185,173,111
18,184,171,112
23,180,169,115
24,182,167,114
24,185,172,114
23,188,170,112
26,185,171,113
24,189,173,109
25,184,170,116
24,186,171,116
29,189,168,108
33,188,169,107
35,184,169,114
35,186,168,112
41,186,164,109
38,187,165,112
45,180,165,113
48,185,164,110
54,182,162,109
55,180,161,111
56,177,165,116
55,183,165,111
61,180,160,110
62,182,156,112
66,180,162,111
75,183,155,107
82,178,154,107
88,178,128,110
92,173,121,115
159,171,145,132
150,178,177,138
104,178,211,151
105,173,207,151
101,174,197,147
112,176,197,137
115,180,194,131
120,179,196,141
136,176,193,140
141,178,193,141
149,177,191,135
162,179,191,130
169,182,187,129
171,181,192,125
180,177,186,132
184,170,183,128
174,172,186,141
187,167,193,130
187,174,189,134
181,179,188,129
184,180,190,128
187,175,189,127
189,173,182,132
178,173,187,132
184,174,190,140
177,180,190,130
184,179,184,126
177,184,185,127
173,183,188,125
179,174,189,138
174,178,192,141
176,182,183,136
174,177,185,137
181,186,186,123
178,189,189,124
183,181,187,121
177,188,186,121
178,182,192,129
180,185,193,121
184,186,192,118
198,178,192,123
202,175,187,126
216,165,187,132
223,153,179,143
244,139,181,146
264,128,172,152
283,110,164,167
317,91,141,171
347,63,130,176
352,34,136,187
380,8,124,202
264,-71,147,188
410,0,141,199
410,0,141,199
413,111,122,169
413,111,122,169
543,169,100,143
407,132,127,119
537,176,103,130
543,185,96,121
538,196,100,105
532,206,103,96
529,215,104,89
528,211,106,95
521,209,104,103
519,218,106,96
521,209,108,102
520,212,106,100
524,210,104,99
523,205,101,102
524,212,102,91
521,219,102,89
520,210,106,92
520,220,101,81
520,218,102,87
517,224,104,80
515,221,105,81
513,213,109,88
510,219,111,88
508,209,118,95
506,210,119,92
506,213,116,91
505,208,122,96
502,204,125,103
497,198,135,111
493,191,141,120
491,185,139,128
492,189,139,126
491,188,139,127
490,182,142,135
495,188,131,129
491,190,136,125
489,194,142,122
488,193,145,125
489,188,143,130
486,196,139,120
482,205,132,114
485,203,125,115
478,213,130,104
474,203,136,117
470,207,129,114
466,206,129,114
462,195,135,125
458,189,137,137
457,202,133,124
451,206,134,120
451,213,128,115
448,212,131,119
447,211,126,123
444,218,131,120
437,223,127,117
439,231,125,120
433,237,126,120
430,246,130,108
429,266,126,92
429,275,123,84
427,267,123,92
429,265,116,94
427,268,118,91
428,267,114,91
429,277,115,81
431,277,112,79
432,279,108,79
432,277,109,81
431,283,106,76
429,279,106,78
431,271,96,86
429,271,94,83
427,281,90,77
429,287,83,71
432,278,78,79
436,265,74,93
439,261,73,97
440,253,70,99
441,251,68,100
441,254,68,99
441,260,68,95
441,260,68,95
441,258,68,97
440,254,67,100
439,250,67,104
438,251,66,104
435,254,65,99
434,259,66,94
434,254,65,99
431,249,68,101
432,246,67,105
432,242,65,109
432,249,67,101
433,241,69,108
433,243,67,105
434,239,68,109
436,235,65,111
436,241,66,103
437,247,66,96
437,250,67,92
436,255,70,87
437,260,68,83
437,263,68,78
439,269,70,70
436,269,70,72
439,267,70,73
437,263,70,76
437,259,70,80
440,265,70,75
440,263,68,76
440,263,71,76
438,263,69,77
443,256,66,84
441,255,69,87
442,256,67,85
443,250,63,86
433,243,62,90
417,225,66,105
400,205,66,99
284,218,69,87
194,200,88,79
184,204,103,68
181,206,107,63
177,207,111,63
176,206,116,63
178,208,114,60
177,207,113,64
179,208,110,62
179,208,109,65
180,208,110,65
257,228,93,69
259,223,91,75
258,213,96,84
180,202,106,67
258,211,98,73
257,199,99,82
176,183,112,74
179,188,109,63
249,197,107,83
171,201,112,71
171,216,113,68
162,234,113,70
158,252,112,74
151,267,113,77
144,288,122,68
141,296,120,64
139,299,117,58
136,306,119,54
136,301,118,56
132,304,124,56
134,306,123,53
133,308,123,52
138,306,117,53
136,308,120,50
136,308,121,51
135,309,125,50
134,308,125,50
135,306,124,54
134,304,125,55
134,305,125,54
133,302,124,56
135,301,122,56
136,301,119,54
135,298,121,58
134,297,124,63
132,299,125,58
134,297,124,60
138,297,120,61
138,294,122,64
138,292,121,67
140,289,125,65
139,284,119,66
140,279,123,67
141,279,121,68
142,275,128,69
138,278,124,69
142,277,127,66
140,278,124,67
143,279,121,66
143,279,121,67
144,278,120,66
142,280,121,66
142,280,123,67
142,279,122,70
140,280,122,70
139,279,133,66
139,279,125,67
144,280,120,66
144,280,120,70
145,279,118,66
145,275,120,70
143,276,123,65
144,273,121,67
141,272,127,65
142,272,123,66
141,271,121,68
145,270,120,67
145,270,119,70
143,268,122,70
144,270,120,70
146,271,123,68
144,271,122,71
145,270,123,67
143,271,122,70
143,272,123,68
144,271,125,68
145,272,121,70
145,272,121,72
143,273,121,68
144,273,127,67
144,272,120,71
145,272,123,69
144,271,121,72
144,273,124,70
143,273,123,73
145,273,120,70
147,274,119,70
144,273,119,71
141,273,124,68
145,273,125,67
141,273,121,70
142,274,124,67
140,274,124,67
142,274,123,67
141,274,121,69
141,271,124,70
141,270,120,69
143,269,120,65
145,265,118,70
147,266,121,67
146,265,117,68
150,265,118,64
147,267,118,63
146,265,126,67
148,264,119,65
148,263,122,66
150,266,119,61
148,269,119,58
149,268,117,59
150,266,100,63
152,261,91,67
153,260,97,68
155,257,101,68
157,256,108,66
157,255,115,65
156,253,117,64
157,254,114,63
160,252,113,64
159,251,110,64
158,251,114,64
161,250,106,66
163,249,110,64
162,250,113,63
163,249,109,65
160,251,114,63
161,250,114,65
159,249,119,64
160,250,113,64
158,250,112,63
154,248,121,64
154,250,118,61
157,248,114,66
155,247,115,64
157,246,115,65
155,244,115,66
158,240,115,66
160,234,111,63
159,225,107,64
163,218,100,62
163,209,104,63
165,205,110,62
169,203,99,60
169,199,104,59
167,198,111,59
168,194,107,60
168,189,113,67
168,180,118,76
167,174,117,78
167,165,117,86
172,157,109,94
175,149,100,105
177,140,97,111
180,133,95,117
188,126,88,117
191,118,82,116
196,101,82,124
201,93,81,123
201,93,81,123
201,93,81,123
201,93,81,123
201,93,81,123
285,173,63,119
310,173,53,102
309,198,40,89
303,200,40,73
297,197,45,70
303,204,47,66
296,203,55,68
289,195,69,72
275,192,80,72
259,193,91,64
249,194,90,62
239,203,94,53
236,202,93,51
232,210,95,47
230,207,98,49
228,203,98,56
231,201,96,61
228,206,100,54
228,201,98,61
230,205,96,55
230,202,97,58
232,201,95,60
230,205,97,56
230,204,97,57
232,209,95,52
230,205,99,55
231,208,95,52
228,208,102,53
229,204,97,58
230,207,97,55
230,212,98,50
231,214,98,47
230,218,97,42
229,219,99,41
230,219,98,41
230,219,97,41
229,219,98,42
229,220,98,40
229,219,97,41
230,219,97,41
229,216,99,45
228,217,102,43
229,216,100,45
229,214,100,46
229,213,101,49
230,218,98,43
230,219,98,41
231,220,96,40
230,220,99,40
231,221,98,38
230,219,100,41
231,218,98,42
232,219,98,40
230,218,101,41
231,215,99,45
230,215,100,45
230,214,100,46
230,207,100,54
231,218,94,45
231,220,97,41
230,221,99,40
230,218,96,44
230,216,98,47
230,214,99,48
230,210,98,53
228,215,99,48
229,212,100,50
228,215,101,47
230,211,99,51
231,204,96,59
228,215,100,47
228,216,101,44
229,218,99,41
230,217,96,42
230,216,98,44
229,215,99,44
228,214,100,44
227,211,101,47
227,210,100,46
226,211,100,44
227,208,99,46
228,206,98,47
230,202,97,52
229,202,98,52
230,201,97,54
229,204,96,51
227,204,99,50
227,212,100,42
228,213,98,42
227,215,98,42
227,211,96,47
226,211,92,47
225,209,80,49
225,216,71,43
228,216,77,43
224,217,71,42
225,216,70,42
225,212,79,46
227,204,86,51
233,195,87,58
246,172,83,59
259,160,80,59
259,160,80,59
259,160,80,59
259,160,80,59
259,160,80,59
259,160,80,59
259,160,80,59
259,160,80,59
259,160,80,59
259,160,80,59
259,160,80,59
259,160,80,59
259,160,80,59
259,160,80,59
259,160,80,59
259,160,80,59
259,160,80,59
259,160,80,59
259,160,80,59
259,160,80,59
257,43,72,74
266,51,61,71
266,51,61,71
266,51,61,71
266,51,61,71
266,51,61,71
266,51,61,71
266,51,61,71
266,51,61,71
266,51,61,71
266,51,61,71
266,51,61,71
266,51,61,71
266,51,61,71
266,51,61,71
266,51,61,71
294,176,49,55
294,176,49,55
282,186,45,59
275,190,47,62
269,203,46,57
263,205,48,64
252,221,51,67
244,220,58,74
239,212,62,85
235,206,70,93
235,208,73,93
236,209,73,92
235,208,74,91
236,211,72,87
235,210,69,87
235,207,71,90
235,207,73,87
235,208,73,87
235,208,72,82
236,205,72,84
236,204,72,84
236,201,71,85
237,198,71,86
236,198,71,86
237,194,69,89
238,197,61,86
239,202,57,80
238,193,71,87
239,189,70,91
240,194,64,84
240,198,62,80
240,193,69,85
241,196,63,82
241,200,63,79
241,203,60,75
241,200,65,77
241,193,69,84
240,191,70,87
239,190,75,84
238,188,79,85
236,186,84,84
233,183,88,85
232,183,89,82
232,180,92,74
228,178,98,78
233,177,99,77
237,177,101,75
250,177,95,79
260,177,97,76
269,176,98,76
275,178,94,75
280,183,99,68
286,182,94,71
286,190,93,64
283,193,96,60
282,192,96,60
279,192,98,59
280,191,95,59
279,192,94,59
278,194,97,54
275,192,99,56
275,193,98,54
275,192,96,54
273,188,97,57
269,189,99,55
270,189,98,52
271,189,97,52
272,183,96,55
269,176,96,60
269,178,95,58
270,179,92,56
270,179,92,55
270,180,96,53
268,184,96,51
267,183,98,52
268,184,98,52
270,185,93,53
268,184,97,51
268,187,95,50
268,186,97,51
267,185,94,54
266,184,97,52
264,183,98,55
264,179,99,60
264,175,96,65
262,171,98,69
261,168,99,74
262,164,98,76
260,155,103,82
257,160,109,70
255,159,111,65
251,160,116,60
243,159,125,62
239,160,126,64
228,162,134,67
221,169,135,65
206,168,146,77
191,178,152,85
178,188,152,83
166,192,155,84
157,196,159,82
148,197,162,84
142,198,166,88
136,198,164,91
127,199,166,94
126,199,164,103
138,203,151,106
152,203,138,111
156,201,124,115
154,209,125,106
155,205,126,109
162,206,120,105
159,208,123,103
159,205,121,104
165,198,123,107
160,194,124,113
161,203,124,105
165,198,127,107
164,202,121,102
171,196,120,109
173,192,121,111
172,201,119,102
171,193,122,110
176,199,122,106
173,192,122,113
174,200,116,104
177,199,121,105
172,200,123,108
174,193,120,107
173,195,118,107
179,198,118,108
173,201,119,102
173,197,121,108
174,199,124,106
175,192,118,111
175,204,114,103
177,208,95,96
179,208,80,96
179,206,82,100
178,205,72,97
177,206,84,98
177,207,73,94
181,206,81,99
176,208,84,97
176,209,80,100
175,210,81,103
175,213,72,103
181,213,83,104
173,210,75,108
168,209,68,110
169,206,75,113
160,206,69,112
165,207,76,110
148,201,82,115
149,197,96,118
145,191,80,120
163,188,93,123
145,196,98,118
151,194,112,120
142,184,123,134
140,171,149,146
142,159,144,156
138,141,146,184
139,130,142,194
144,136,137,188
144,139,134,189
142,135,131,194
145,131,127,201
138,130,131,203
144,125,127,220
142,130,129,207
145,131,133,190
150,138,145,177
150,130,149,166
139,125,173,141
126,112,190,140
116,94,211,148
103,129,229,114
104,127,239,114
102,127,244,120
103,120,249,128
111,107,239,144
67,143,272,116
107,130,248,128
85,136,252,122
106,143,235,117
102,142,219,122
92,159,221,109
84,167,216,110
76,172,206,112
66,167,207,121
57,185,207,112
41,192,206,106
29,208,214,92
37,209,205,94
28,212,205,93
26,222,211,87
15,226,222,92
22,223,215,101
22,228,215,117
24,226,212,119
31,234,209,112
36,232,204,114
42,236,207,111
50,233,199,113
47,232,206,117
50,231,207,118
52,233,204,114
57,235,202,111
64,240,199,105
58,239,206,106
66,240,199,105
67,241,198,104
67,235,201,111
68,237,195,109
62,238,204,107
64,239,208,104
65,239,202,105
66,238,201,106
67,240,200,104
64,240,202,104
60,237,201,106
61,238,204,107
67,240,200,104
63,238,203,106
62,234,202,110
57,237,203,106
66,240,199,101
59,233,205,109
64,236,199,106
67,236,204,107
61,236,205,106
66,236,206,103
60,233,204,108
65,227,204,117
67,233,205,111
63,236,200,105
65,239,204,102
66,240,203,102
66,236,201,106
64,237,207,104
67,235,203,109
66,236,204,107
62,234,199,109
65,236,202,109
63,238,199,106
66,236,199,109
62,235,201,109
60,237,205,106
67,231,197,112
63,234,204,109
64,236,201,106
66,236,205,105
61,236,204,106
62,240,206,101
67,227,202,116
64,227,196,118
64,231,201,113
63,237,201,102
61,235,205,106
55,235,202,106
63,234,202,106
65,235,200,105
63,233,205,107
63,230,201,110
56,237,207,100
64,233,205,106
63,230,202,109
61,231,205,108
