310,196,16,15
308,194,17,15
308,194,17,15
308,194,16,15
307,193,16,16
307,193,16,15
307,193,16,15
307,193,16,15
306,193,17,15
306,193,17,16
306,192,16,16
305,192,17,15
305,192,17,16
305,192,17,15
305,191,17,15
304,190,16,15
304,189,16,15
304,188,16,15
303,186,17,16
303,184,16,15
303,183,16,15
303,181,16,15
302,180,16,15
302,178,16,14
302,177,16,14
302,176,16,14
303,175,15,13
303,173,16,14
303,172,16,14
304,172,16,14
305,171,15,14
306,171,14,14
306,170,15,14
307,170,14,14
307,170,15,14
307,170,15,14
306,170,16,14
307,170,15,14
307,170,15,14
307,170,16,14
307,170,16,14
307,170,16,14
307,171,15,14
307,172,15,14
307,173,15,14
307,174,15,14
308,175,14,13
307,175,15,13
306,175,16,14
306,175,16,14
307,173,15,14
307,172,15,14
308,168,15,15
308,168,15,13
310,168,15,14
310,171,15,15
310,175,16,15
311,177,16,14
315,181,14,13
315,181,14,13
317,182,14,13
317,181,14,14
318,180,12,13
317,179,12,12
317,177,12,12
317,176,12,12
317,176,12,11
317,175,13,13
316,174,14,14
316,174,14,14
315,174,15,13
316,175,15,13
316,175,13,12
317,175,14,13
315,176,15,13
315,176,16,14
315,175,15,13
315,175,15,15
315,173,15,14
315,173,15,14
314,170,15,14
312,168,16,14
312,163,15,15
310,158,15,15
308,154,16,15
305,151,18,14
304,146,17,16
303,143,17,16
303,142,15,13
300,139,15,15
298,137,15,14
296,136,15,14
296,135,13,12
295,134,12,12
292,133,14,12
290,132,14,13
289,131,13,12
287,131,14,13
285,130,15,14
285,130,14,14
284,130,14,14
284,129,14,14
283,130,14,14
283,130,14,13
283,131,14,13
283,131,14,14
282,133,15,14
283,134,14,13
285,134,15,15
287,135,15,15
290,137,17,15
293,139,16,15
295,141,16,14
298,143,16,15
302,145,16,15
304,144,17,15
305,143,17,16
308,141,15,15
309,138,16,17
310,134,16,17
311,129,16,17
312,123,16,17
312,118,16,16
313,116,16,15
313,115,17,16
312,115,16,16
309,116,17,17
306,119,17,16
301,120,19,18
299,117,19,18
299,116,21,18
302,117,19,18
304,121,18,17
306,125,18,16
307,128,17,15
306,131,17,16
304,135,17,16
302,139,17,18
300,143,18,17
299,148,18,17
297,153,17,16
296,160,18,17
295,166,18,17
295,170,18,19
294,179,20,19
297,180,21,19
301,179,20,19
304,178,22,20
306,178,24,20
310,177,20,16
309,176,19,16
307,175,20,16
305,175,20,19
302,174,20,17
300,174,21,18
298,175,21,18
295,176,21,18
292,176,21,19
286,175,23,21
282,173,23,21
281,169,21,21
284,159,23,22
289,147,23,22
296,137,21,20
303,126,23,21
314,118,22,21
323,109,23,22
330,102,25,23
337,97,24,21
344,90,24,22
347,88,23,21
353,83,21,21
358,81,18,21
361,79,19,21
363,76,19,21
364,75,20,21
367,72,20,23
370,70,19,23
372,69,20,22
374,68,21,23
377,67,21,24
379,70,22,23
384,76,21,22
384,78,23,21
382,78,22,22
377,80,24,23
367,84,23,23
351,102,27,26
339,102,24,21
324,114,22,21
326,113,21,20
327,109,21,19
330,107,21,19
334,104,21,19
337,98,22,20
340,97,22,20
340,97,21,20
339,97,22,20
340,98,21,20
340,98,22,20
340,98,21,20
340,98,21,21
340,99,20,20
338,100,21,19
337,100,20,20
336,101,20,20
334,101,19,21
330,101,20,21
327,103,20,20
322,102,22,21
319,100,22,22
315,100,21,20
312,100,21,21
308,99,20,20
303,98,22,21
299,97,22,21
295,96,20,21
290,95,22,21
287,95,20,20
282,94,21,22
279,95,20,21
275,95,20,22
272,97,20,21
269,100,21,19
267,101,20,21
265,104,20,21
262,108,20,20
261,111,19,21
258,116,21,22
257,122,21,22
255,128,22,21
253,135,22,21
252,140,21,22
251,147,20,22
249,155,21,22
247,159,21,23
246,166,21,24
245,173,20,23
244,181,21,22
243,187,22,23
243,193,22,22
242,198,22,21
241,203,22,21
241,206,22,19
241,207,20,19
240,208,20,19
240,208,21,19
240,208,21,20
241,209,21,19
241,209,20,20
241,207,20,20
240,205,20,20
240,202,19,19
240,200,20,20
241,200,21,19
244,203,20,20
249,208,18,18
260,214,21,20
260,214,21,20
260,214,21,20
258,211,22,20
263,213,21,18
265,209,19,17
261,198,21,21
260,184,19,20
259,167,19,21
259,152,19,22
259,142,20,20
257,135,21,20
257,132,21,19
257,131,20,20
256,132,20,20
255,136,20,21
255,145,20,21
254,159,20,21
253,172,20,23
252,188,20,26
249,210,21,22
249,216,20,22
249,221,19,18
247,225,19,19
244,229,20,18
242,227,21,20
239,218,21,22
237,203,21,22
235,182,22,23
234,166,22,22
232,154,22,22
230,145,22,21
229,139,21,22
227,136,20,22
224,136,22,22
221,139,21,23
219,146,21,22
215,156,24,26
213,170,21,27
207,185,25,25
208,188,25,23
208,192,24,19
212,196,23,22
215,203,22,21
215,214,23,24
217,232,22,26
215,251,26,31
214,273,27,32
215,297,26,33
215,319,27,29
216,331,29,25
216,339,27,19
218,345,26,16
220,343,25,16
222,338,24,18
220,328,28,23
222,316,27,27
223,293,24,26
229,270,24,28
232,247,26,25
232,216,29,30
238,176,27,34
243,146,25,37
242,142,25,40
245,120,27,35
233,84,27,28
251,95,23,31
252,76,25,28
255,60,24,25
258,46,23,24
260,36,23,24
262,29,23,24
265,26,22,23
267,24,22,24
268,27,23,24
270,31,23,26
273,41,22,24
275,53,22,26
276,67,23,28
278,88,23,29
276,113,28,33
282,137,24,36
277,161,23,29
277,161,23,29
277,161,23,29
230,217,22,27
229,193,24,30
231,162,25,34
233,139,24,29
235,119,21,26
236,104,21,27
236,93,21,24
237,84,21,23
237,79,20,21
237,76,21,21
237,76,20,21
237,79,20,23
238,85,20,22
237,95,20,23
216,121,23,27
207,101,25,27
199,85,26,26
192,73,26,24
185,63,25,24
179,57,23,23
171,55,24,22
162,55,25,23
154,59,25,21
146,65,24,24
136,74,24,26
125,87,26,30
114,104,27,32
106,127,25,34
97,146,28,28
98,156,31,25
100,165,31,26
102,175,31,30
102,190,30,33
100,207,28,31
97,231,27,26
96,250,24,27
98,268,25,26
99,281,26,27
106,292,27,26
113,299,28,24
118,300,25,22
119,291,26,24
123,273,26,26
129,248,29,28
139,215,27,30
146,180,26,31
151,151,27,34
158,125,27,32
164,102,27,30
170,83,27,28
176,69,26,27
181,58,24,25
184,51,25,24
188,46,25,24
192,44,25,26
196,46,25,26
200,52,25,26
204,61,24,25
207,73,25,29
211,91,26,31
213,114,26,31
218,148,26,28
222,155,26,25
231,167,23,23
235,185,24,22
242,205,21,22
244,223,25,25
245,245,25,28
247,267,25,30
251,287,24,23
251,287,24,23
250,330,19,21
251,334,21,21
248,338,22,19
241,335,23,21
233,327,24,23
222,306,25,30
213,278,27,33
205,242,24,38
196,204,26,40
191,168,27,39
184,137,30,40
180,110,26,34
172,85,28,35
167,65,27,32
161,48,27,29
154,33,28,27
147,22,28,26
140,13,27,25
135,8,26,24
126,6,28,24
118,7,28,24
110,12,27,25
101,19,28,27
92,30,28,29
81,45,28,30
70,63,30,33
58,88,29,36
36,83,34,42
28,95,32,35
31,98,29,29
42,103,28,27
42,104,29,25
52,111,26,24
55,118,23,23
53,128,23,27
52,142,27,28
56,164,27,31
62,195,28,31
75,234,32,30
101,271,33,27
126,290,38,25
153,291,43,25
183,278,42,28
206,258,38,31
222,236,36,29
230,195,38,37
236,161,37,37
241,125,35,39
247,93,29,40
251,72,26,33
252,53,26,31
255,37,24,27
254,25,26,28
255,18,26,27
256,13,25,26
258,13,24,25
259,16,23,24
260,20,24,27
260,29,24,26
260,42,24,28
261,57,23,30
261,77,24,33
260,104,28,32
260,129,26,34
262,161,22,34
262,190,22,31
267,209,24,26
273,221,23,22
285,229,21,21
294,226,21,22
301,218,22,18
301,218,22,18
308,205,24,20
315,198,24,21
319,193,23,22
325,190,22,24
330,187,21,24
334,185,22,24
338,179,24,26
341,176,23,25
341,174,24,24
345,173,24,27
349,173,24,26
353,173,22,26
355,174,23,26
358,174,23,26
360,175,24,26
361,176,25,26
363,178,24,26
364,180,27,27
367,183,25,28
368,184,25,28
371,186,24,27
373,187,25,27
375,189,24,27
376,188,24,26
377,188,24,25
376,187,24,26
376,186,23,25
374,184,24,26
374,184,22,24
371,183,23,25
369,182,24,24
367,182,24,24
366,183,23,24
364,185,23,25
363,188,23,25
361,193,24,25
360,200,25,26
358,210,25,27
355,221,26,28
352,230,25,26
346,233,27,24
342,230,26,23
337,218,26,25
331,193,28,31
320,159,32,38
316,132,28,33
313,106,25,31
307,80,24,27
303,61,24,29
298,43,22,27
294,29,21,26
290,21,22,24
284,15,23,23
280,12,23,22
276,12,22,22
272,13,22,21
267,18,21,22
262,26,22,22
258,39,21,22
254,53,21,23
248,69,22,25
244,88,21,25
239,111,21,26
233,129,21,23
229,137,20,23
228,147,18,23
228,157,19,20
230,165,19,19
234,171,17,18
233,175,18,17
229,178,18,16
224,180,18,17
218,180,18,18
215,180,18,18
210,179,18,19
204,180,20,18
202,179,19,18
200,180,18,19
197,180,19,18
197,180,19,18
197,181,18,18
196,182,19,18
198,183,19,18
199,184,19,19
200,185,21,19
205,185,19,20
210,184,18,20
213,181,20,22
218,176,21,21
224,170,22,21
229,165,20,20
236,162,19,18
241,159,18,19
241,158,20,19
241,157,20,18
239,159,20,18
237,165,20,18
234,172,22,19
232,183,21,20
230,200,22,22
227,218,23,22
225,239,24,25
222,259,24,26
220,279,25,28
219,296,25,29
220,314,26,28
222,324,24,25
224,333,22,21
224,338,24,20
225,337,26,21
230,333,25,20
235,325,24,23
238,319,23,21
246,284,24,24
251,257,25,29
260,228,25,29
261,187,23,33
261,160,28,33
269,130,23,31
261,84,21,22
277,82,21,26
278,62,22,26
281,48,23,24
283,37,22,25
285,30,21,22
287,25,22,23
289,23,21,21
291,23,22,22
293,27,21,21
295,34,20,23
297,44,20,22
298,56,22,26
299,76,23,26
301,95,22,25
303,122,22,28
304,146,23,30
303,172,23,26
299,191,22,22
298,208,25,25
295,232,23,24
292,253,23,24
285,273,23,26
282,289,26,22
276,300,24,18
276,292,23,17
269,275,25,21
262,247,26,22
253,199,22,22
246,172,24,25
240,144,22,25
228,118,24,28
220,96,26,29
211,79,27,28
205,66,25,25
197,54,25,24
189,48,24,21
180,42,24,22
174,42,22,21
164,42,24,22
155,46,24,22
147,53,23,24
137,63,22,25
125,77,24,25
115,96,24,27
105,117,23,28
102,136,21,25
107,144,22,23
109,153,20,23
105,165,23,23
101,180,25,26
98,201,25,28
96,226,26,29
99,248,29,33
105,267,31,29
116,283,30,25
125,290,28,22
134,284,25,23
139,268,27,27
145,245,29,30
153,220,27,26
158,186,29,32
162,148,28,38
167,119,26,38
170,93,26,34
174,67,25,35
177,48,25,30
180,32,25,27
182,17,26,28
185,6,25,26
186,1,27,25
189,0,25,19
190,0,27,20
191,0,26,23
193,3,26,25
194,11,28,28
194,25,28,31
195,45,28,34
196,71,28,33
196,103,31,38
203,125,29,35
205,126,29,32
213,154,25,29
215,157,25,28
214,187,28,31
212,223,29,27
210,263,26,27
210,299,27,29
214,324,27,29
217,340,27,24
217,340,27,24
217,340,27,24
217,340,27,24
217,340,27,24
200,335,29,24
190,310,31,28
175,268,33,33
165,226,33,35
154,183,34,39
144,141,33,43
133,108,36,46
125,76,33,40
116,49,32,37
105,25,32,36
94,6,32,33
85,0,32,25
74,-8,34,20
74,-8,34,20
74,-8,34,20
74,-8,34,20
74,-8,34,20
74,-8,34,20
74,-8,34,20
96,48,33,23
109,29,33,30
120,9,35,35
135,1,33,28
148,-3,34,25
161,-5,34,20
171,-4,35,17
185,0,34,16
197,0,35,20
211,4,33,27
223,17,34,34
235,35,36,43
248,64,40,50
266,103,34,50
275,137,35,53
290,172,33,41
299,184,34,41
306,203,40,47
324,247,43,53
337,264,43,45
351,248,42,44
364,238,40,40
378,234,39,36
389,233,40,38
401,236,32,40
413,249,23,33
413,249,23,33
413,249,23,33
413,249,23,33
413,249,23,33
367,205,27,28
394,205,25,26
394,205,25,26
394,205,25,26
394,205,25,26
394,205,25,26
394,205,25,26
394,205,25,26
394,205,25,26
394,205,25,26
394,205,25,26
394,205,25,26
394,205,25,26
394,205,25,26
394,205,25,26
394,205,25,26
394,205,25,26
394,205,25,26
394,205,25,26
394,205,25,26
394,205,25,26
394,205,25,26
394,205,25,26
394,205,25,26
394,205,25,26
394,205,25,26
394,205,25,26
394,205,25,26
394,205,25,26
394,205,25,26
394,205,25,26
394,205,25,26
394,205,25,26
394,205,25,26
