434,270,72,67
433,270,71,65
432,272,72,63
431,271,70,64
433,272,72,63
431,270,70,65
434,271,73,62
433,273,72,65
433,271,71,65
433,273,71,62
433,271,71,69
431,270,70,64
432,273,72,66
431,271,73,65
434,271,71,64
430,270,71,67
433,270,69,65
433,273,72,61
434,271,71,63
432,271,70,65
432,271,72,64
431,271,71,63
430,272,71,61
429,271,72,65
432,270,71,66
431,271,70,64
432,273,73,62
432,271,70,64
432,272,71,63
434,271,71,62
433,271,71,61
433,272,70,61
432,270,69,66
431,273,72,64
432,271,71,62
431,271,71,67
435,271,69,65
434,270,70,62
433,270,72,63
433,270,72,65
431,269,72,64
432,270,71,62
432,269,71,65
433,268,71,65
433,266,70,68
431,270,67,63
430,266,65,67
429,266,62,69
426,266,63,64
427,266,63,65
422,269,66,64
419,265,64,65
418,267,63,63
415,267,62,63
413,266,63,63
408,265,66,66
413,268,61,63
407,267,63,58
404,266,65,64
403,267,67,61
397,265,70,61
393,266,72,62
387,264,74,62
382,263,73,61
380,263,70,61
369,263,76,59
363,262,74,60
358,259,71,59
355,262,66,58
351,260,63,59
340,262,63,58
332,259,63,60
322,259,65,56
312,258,67,57
303,259,65,53
295,259,62,54
284,259,61,53
284,258,60,53
278,257,60,53
278,259,58,51
274,258,53,50
269,257,53,50
262,257,52,49
256,256,50,50
250,253,50,52
246,253,48,50
240,253,49,48
239,250,47,49
238,249,46,47
236,247,46,46
233,245,47,50
232,243,46,48
231,246,45,47
230,243,46,47
230,241,45,46
229,244,44,46
227,243,45,44
226,241,43,44
226,240,45,44
224,241,45,43
222,241,47,42
222,241,45,42
221,241,46,41
218,239,47,42
219,239,47,42
219,241,45,42
218,240,47,41
217,239,45,42
218,238,46,43
216,240,48,41
214,238,49,41
214,240,51,41
212,237,53,46
214,237,53,46
214,239,54,48
212,242,57,45
212,241,60,49
212,243,61,50
220,244,56,50
221,247,59,49
218,251,62,50
219,250,62,52
216,249,69,57
219,250,67,60
212,253,75,57
216,252,76,60
213,252,79,63
213,252,82,64
218,250,77,67
221,250,78,66
219,251,81,64
226,253,83,63
240,256,78,58
247,255,80,59
259,256,73,53
232,243,80,70
241,244,91,66
246,244,108,67
243,242,101,68
249,238,122,69
253,232,130,70
251,222,140,81
236,223,156,80
230,236,159,65
229,232,168,68
212,231,196,70
203,217,204,82
193,228,210,70
189,229,217,64
183,231,222,64
183,230,218,67
181,237,222,52
188,235,212,54
182,230,217,66
175,223,231,79
176,212,226,87
179,209,213,88
180,206,209,89
179,204,199,91
191,206,178,90
219,209,162,85
182,212,181,82
181,208,187,82
183,207,195,85
184,209,193,81
186,209,190,81
192,206,184,84
194,211,185,78
193,219,172,70
198,224,149,66
208,226,140,67
215,229,127,63
231,227,109,68
238,236,102,58
241,237,95,57
232,244,98,52
241,242,87,55
242,244,82,52
241,248,81,50
239,251,76,52
239,253,67,49
235,254,63,49
223,253,68,53
212,254,72,53
202,247,71,59
186,251,77,56
174,248,85,60
168,250,78,60
159,254,75,57
150,255,75,53
143,256,72,55
139,257,65,57
130,255,65,57
128,257,59,54
120,257,61,54
117,256,59,54
114,258,57,52
107,258,61,52
109,259,56,50
105,257,58,53
104,256,56,53
103,256,55,52
97,255,53,53
97,254,53,52
95,254,50,52
91,255,52,51
91,256,55,49
90,257,53,48
87,256,57,46
89,256,60,46
89,255,60,46
90,254,61,45
93,254,70,44
95,251,68,45
98,253,71,43
103,251,71,45
105,250,72,44
110,249,65,44
113,248,61,44
120,248,59,44
129,247,49,42
135,248,48,45
137,246,51,45
142,245,51,46
146,244,52,45
147,243,56,47
150,245,51,43
151,245,50,46
151,242,54,44
152,244,52,43
153,243,52,45
152,240,53,47
150,238,51,49
149,237,50,47
151,229,55,51
153,223,60,52
159,212,64,58
164,214,60,49
176,212,50,50
182,209,46,52
186,208,47,53
190,208,44,50
188,208,44,49
187,204,47,52
186,202,47,51
188,195,47,54
193,195,47,51
197,188,50,54
202,185,53,54
207,181,55,55
210,181,57,49
212,175,63,54
212,172,67,54
217,169,69,51
228,166,67,51
237,165,68,53
246,162,66,54
260,162,59,52
270,159,53,54
271,157,58,56
275,155,62,55
277,151,70,59
278,146,76,64
285,148,82,56
289,147,87,57
312,147,77,54
329,145,66,56
345,143,56,59
357,146,52,53
366,149,55,54
375,152,57,54
386,153,59,54
396,160,64,56
407,162,66,56
422,166,68,58
434,162,70,61
440,161,72,66
451,169,72,63
460,178,75,64
462,185,80,65
467,190,81,67
474,193,78,66
472,195,82,74
471,199,79,75
469,207,74,70
461,210,78,71
454,214,75,71
449,220,74,73
440,225,72,72
421,227,76,76
409,231,75,77
398,232,72,79
385,236,76,75
369,240,75,75
361,240,65,79
347,244,67,76
337,241,71,79
330,245,65,74
319,244,64,74
307,241,65,75
300,244,62,72
294,241,62,73
289,241,64,72
284,240,62,73
280,237,62,76
275,242,64,70
274,234,64,76
269,238,62,71
267,238,62,71
265,238,60,68
266,240,61,68
261,234,61,70
259,231,65,73
258,230,66,71
255,233,66,68
251,230,62,69
250,225,65,74
246,224,62,73
242,221,62,75
244,223,63,72
236,219,64,77
237,216,64,79
234,214,68,79
231,215,65,77
225,218,65,76
218,217,61,78
211,222,60,72
203,222,62,72
201,227,59,65
192,226,59,67
187,230,57,62
177,230,57,60
176,230,58,60
170,234,58,57
164,237,55,54
160,233,56,53
157,235,56,49
153,228,57,57
152,219,59,62
152,216,58,62
149,209,57,68
151,216,58,61
151,222,59,56
153,223,55,53
155,223,54,54
153,225,51,51
156,227,46,54
154,228,49,58
153,240,50,50
153,245,49,44
154,245,49,45
153,247,49,46
152,244,49,49
154,244,51,52
156,248,51,49
157,248,52,51
159,248,51,52
159,249,52,52
160,251,53,52
162,249,53,53
164,249,55,55
161,250,55,54
163,250,55,54
162,248,56,57
165,249,55,56
167,250,58,58
166,250,60,57
167,249,62,60
167,251,70,59
170,248,77,66
169,250,68,61
173,253,64,59
173,254,50,55
172,256,48,54
173,252,56,57
174,249,57,61
173,254,56,56
176,253,57,57
176,253,54,58
175,251,55,60
176,255,57,57
175,255,58,56
173,253,57,55
174,252,59,57
174,246,60,66
171,244,58,67
171,240,63,71
170,238,63,73
172,236,62,71
172,242,62,63
173,236,61,67
171,237,61,66
169,240,59,65
169,243,59,64
169,245,57,61
172,244,56,59
173,244,58,55
174,238,56,62
174,231,56,66
173,234,56,63
171,235,54,62
173,237,55,54
168,231,55,55
168,226,56,54
163,221,55,57
157,225,52,58
154,227,52,63
151,223,55,62
151,224,56,59
152,227,56,59
152,227,54,63
150,225,51,58
149,225,54,55
150,227,57,55
152,228,54,57
149,225,59,56
152,224,55,54
156,222,56,54
163,220,54,52
170,217,55,53
176,223,51,47
181,224,53,48
188,226,52,49
193,224,53,47
197,224,52,50
204,225,54,51
209,227,53,48
212,226,52,50
219,222,51,57
224,223,55,57
231,217,53,62
235,215,58,62
239,215,60,61
247,216,58,62
255,219,58,57
256,211,60,62
264,214,55,58
265,212,53,61
264,214,55,57
264,211,56,59
263,203,57,67
265,200,58,70
264,198,56,72
262,192,57,77
258,190,60,77
253,187,59,79
250,189,55,75
247,187,54,74
247,187,52,75
242,192,57,69
240,190,60,67
239,192,60,62
239,189,59,63
244,184,53,62
237,182,51,60
229,175,55,62
223,172,57,63
215,168,61,67
198,163,67,73
193,157,62,78
189,157,59,79
184,158,57,79
181,162,55,79
177,159,57,81
172,162,58,77
166,160,55,77
162,153,58,81
156,152,60,75
151,144,64,71
142,136,66,66
135,129,68,63
128,125,72,57
121,125,75,58
116,127,76,63
115,136,75,64
120,148,71,60
126,155,73,63
162,175,80,61
142,169,77,63
146,173,75,64
151,176,73,64
152,176,75,64
154,174,75,63
151,171,77,62
151,169,73,64
148,168,73,63
151,166,73,62
149,171,74,58
155,169,70,61
159,169,68,63
162,166,66,63
168,168,60,65
174,166,55,63
175,167,54,65
179,169,54,64
178,170,53,64
179,169,51,67
178,172,50,66
174,170,49,67
169,172,49,67
162,171,50,64
149,173,53,63
140,174,54,62
131,174,54,61
122,176,54,58
112,176,56,56
105,173,53,56
102,174,52,55
94,173,52,54
91,172,51,53
86,171,50,52
83,170,51,52
80,172,53,54
79,171,50,52
80,169,50,56
78,166,51,56
80,167,52,54
85,166,52,55
87,165,51,54
90,166,51,54
93,168,53,54
96,170,54,56
98,173,57,57
100,177,56,49
104,178,57,53
109,182,57,57
115,184,55,57
120,187,55,56
124,190,54,56
129,194,53,51
134,197,53,48
140,202,50,46
146,205,48,47
151,209,47,44
155,212,48,42
161,213,46,46
164,212,43,47
166,215,46,44
171,217,46,42
176,217,45,42
181,219,46,42
187,217,48,44
197,217,47,48
207,214,40,50
211,211,48,50
215,214,55,47
222,215,57,52
230,212,69,53
232,212,72,57
244,210,67,59
259,209,62,59
271,209,64,53
265,209,81,50
265,209,81,50
265,209,81,50
265,209,81,50
265,209,81,50
301,216,86,55
301,216,86,55
301,216,86,55
310,221,80,48
318,222,71,48
323,224,70,49
324,222,73,49
323,222,71,47
329,225,68,48
328,226,71,46
330,224,71,47
335,226,68,45
342,226,65,47
345,226,66,49
348,228,66,48
351,226,63,49
350,227,62,49
348,223,61,51
350,226,60,50
349,226,58,50
350,224,57,54
349,222,53,52
345,224,54,51
341,223,53,54
337,223,54,55
336,226,54,51
336,226,53,49
333,225,52,51
328,228,59,52
325,232,66,48
326,232,65,49
325,235,68,50
325,234,66,51
325,232,68,55
326,232,69,61
326,235,70,57
325,239,74,58
325,240,76,61
325,244,77,60
326,242,79,65
325,243,83,66
329,242,81,69
327,243,85,72
331,247,85,73
331,250,81,70
332,252,84,70
334,257,81,72
335,259,83,70
337,261,85,73
335,267,83,66
341,274,79,63
336,271,84,64
341,270,80,65
337,271,84,66
335,272,83,64
341,273,79,63
339,275,83,61
336,271,79,63
340,276,81,63
340,276,84,60
340,274,87,60
341,275,89,59
341,276,88,60
337,273,90,63
335,273,93,61
338,275,85,58
337,277,68,59
339,276,64,63
337,275,63,63
337,273,64,63
336,274,62,62
336,271,62,61
337,269,63,66
334,266,65,64
331,263,67,62
326,260,67,60
326,256,68,60
324,249,67,60
321,235,69,70
317,228,73,68
313,222,73,67
310,223,73,59
304,224,70,52
300,218,73,52
295,219,71,51
294,221,71,50
289,219,75,49
285,223,77,51
281,222,83,55
277,224,81,56
275,227,80,54
272,224,89,58
269,222,84,59
264,221,88,58
259,219,90,59
255,219,94,60
250,221,96,59
244,222,98,57
239,220,100,57
232,220,104,59
227,220,106,57
222,216,105,60
216,219,108,58
211,218,111,58
211,217,113,59
207,216,113,59
202,213,121,61
201,214,117,60
205,217,117,60
203,217,116,61
206,219,115,60
203,217,117,63
207,216,118,63
210,219,111,60
207,221,117,59
211,224,112,55
218,221,109,60
219,223,108,57
223,224,108,56
226,224,106,58
232,222,106,62
237,224,103,62
239,220,100,66
247,226,93,65
252,227,93,61
255,228,90,60
257,225,93,63
260,228,91,64
267,225,85,68
274,226,79,66
276,227,80,64
282,226,80,62
293,227,74,67
304,224,73,72
307,229,76,66
318,227,77,66
325,231,71,72
332,236,67,68
341,237,61,68
344,244,58,62
346,249,60,61
346,249,60,61
345,251,63,62
343,250,60,63
340,249,63,67
335,250,64,66
332,246,64,70
327,249,66,66
321,247,68,67
313,244,72,69
305,237,75,74
299,235,76,74
292,236,77,71
286,240,78,65
278,237,82,67
276,234,80,65
273,231,79,67
273,229,83,66
267,229,83,63
267,230,80,59
263,225,87,60
263,224,92,62
263,224,87,57
262,222,92,58
265,221,87,54
266,220,94,53
266,216,91,55
268,219,92,50
270,217,95,51
271,214,93,51
272,213,92,51
278,211,90,50
285,208,84,51
289,206,78,47
295,205,75,43
299,200,73,45
300,195,71,47
302,192,63,44
305,186,54,40
305,181,50,40
307,178,45,36
305,173,49,36
304,173,47,35
300,172,44,34
295,171,45,33
290,174,44,30
283,178,41,30
276,177,37,32
276,177,37,32
276,177,37,32
256,191,35,30
249,196,32,32
246,200,31,30
239,206,31,28
233,211,34,29
228,214,34,29
223,218,35,30
223,218,35,30
223,218,35,30
223,218,35,30
223,218,35,30
223,218,35,30
223,218,35,30
223,218,35,30
223,218,35,30
223,218,35,30
223,218,35,30
223,218,35,30
223,218,35,30
223,218,35,30
223,218,35,30
223,218,35,30
223,218,35,30
223,218,35,30
223,218,35,30
223,218,35,30
223,218,35,30
195,230,41,21
195,230,41,21
195,225,44,23
196,222,43,23
196,222,43,23
196,222,43,23
190,206,45,26
175,199,48,29
174,195,45,31
174,188,37,38
175,186,32,41
175,183,32,45
222,213,35,36
221,217,36,29
219,213,34,28
218,203,33,29
215,199,39,26
210,190,40,34
211,185,35,40
212,179,34,47
210,176,38,52
210,170,34,59
212,161,32,62
216,182,28,49
214,183,31,47
211,179,31,47
211,183,32,47
211,179,32,49
212,184,30,45
211,178,28,47
212,177,29,48
213,174,28,50
213,177,30,47
212,175,27,48
213,173,29,51
212,172,28,50
212,172,29,49
214,176,29,46
215,175,28,44
213,176,29,43
213,176,31,41
215,180,29,36
213,183,30,34
213,183,34,34
213,185,31,31
212,184,30,32
212,185,30,31
213,182,30,33
212,178,33,38
212,175,31,39
209,177,30,38
208,177,30,38
203,175,32,41
199,171,36,41
198,172,35,43
194,170,36,42
138,177,44,37
128,176,48,39
118,176,47,44
111,179,52,43
104,181,60,47
91,187,69,48
79,197,76,46
71,204,76,46
61,212,73,49
52,221,76,49
44,233,67,45
39,241,66,44
34,249,59,45
31,253,57,47
30,261,58,46
29,259,57,49
28,265,57,48
30,268,64,46
29,270,59,47
32,274,54,46
35,270,56,49
36,268,55,49
36,270,54,47
37,272,58,46
38,268,55,49
39,269,55,49
40,271,56,48
39,271,56,47
41,270,59,52
41,268,59,51
41,269,54,51
42,271,50,50
40,272,52,48
41,272,57,49
41,275,53,48
42,277,53,49
43,275,53,52
43,271,62,56
43,272,68,55
43,274,55,55
44,270,65,60
44,274,57,56
44,275,56,53
45,282,51,48
46,283,48,45
47,286,46,42
47,284,45,41
49,286,44,43
49,285,46,43
49,284,45,43
51,286,45,41
50,286,45,40
51,283,44,42
49,285,45,40
48,284,44,42
50,284,43,43
50,283,43,44
48,284,47,42
50,284,45,42
48,282,51,46
48,286,49,41
50,288,43,38
50,288,44,38
49,290,40,36
50,291,37,36
49,291,38,37
50,290,32,37
51,289,35,39
49,288,41,40
50,287,45,40
49,290,46,38
47,284,50,43
50,287,46,41
48,290,47,38
47,288,46,42
49,288,47,42
48,292,45,40
50,289,44,39
49,294,40,36
50,294,40,38
50,295,39,36
51,292,43,29
52,300,34,28
53,298,33,24
55,295,39,28
55,293,39,31
54,292,43,31
53,298,34,26
54,299,32,27
54,298,33,30
53,299,31,30
54,296,35,32
54,293,38,35
52,292,45,34
52,291,45,37
51,288,44,41
52,291,47,38
51,289,47,39
53,288,49,41
52,283,44,45
54,286,44,41
52,288,47,41
52,293,39,36
53,295,38,35
53,289,44,40
53,293,38,36
52,295,42,34
53,292,45,34
53,291,44,33
52,290,41,38
51,289,48,40
50,292,44,38
52,293,40,34
50,296,39,33
52,294,36,34
53,289,43,36
52,293,38,35
54,291,46,35
54,291,46,34
53,295,42,29
55,296,38,29
57,296,41,27
53,295,41,27
54,296,40,27
55,297,45,25
55,300,40,25
56,299,40,27
55,295,45,30
57,293,53,32
56,295,53,31
57,296,52,29
56,295,49,31
57,301,42,25
56,299,38,25
56,300,39,25
55,298,41,25
56,300,39,24
54,298,40,25
54,297,39,25
52,297,41,24
52,296,39,23
50,294,41,23
47,298,39,31
45,289,42,38
46,283,44,46
44,277,53,52
43,276,52,51
41,273,52,51
39,271,54,49
39,267,53,51
38,266,55,49
37,263,60,51
36,267,55,46
36,265,58,46
36,267,59,49
34,272,56,46
34,274,56,49
36,275,56,53
37,281,55,50
37,281,56,52
38,283,52,51
41,282,51,51
44,287,46,48
46,290,40,44
47,297,36,38
47,300,33,29
48,303,33,25
50,307,29,25
49,306,29,24
51,307,30,22
50,307,31,23
51,307,26,23
53,307,23,23
51,306,22,25
52,306,21,24
52,307,24,22
50,309,28,20
50,310,27,19
50,311,26,19
48,310,30,21
49,310,29,21
49,309,28,22
49,308,29,23
52,307,28,24
53,307,27,21
54,306,27,22
54,304,27,21
54,305,26,24
56,304,28,24
56,307,27,20
56,307,28,21
55,309,25,18
54,305,28,21
49,304,30,22
43,304,32,28
39,302,35,31
37,294,35,38
33,285,43,40
29,269,53,45
26,255,55,48
24,240,54,51
27,230,53,50
28,222,54,45
30,211,55,45
33,201,58,47
38,193,57,41
44,186,57,43
51,181,54,42
58,175,56,40
70,172,50,42
80,170,50,41
95,171,47,39
105,169,53,44
126,170,50,45
139,172,48,43
148,176,52,44
156,179,57,42
162,177,66,47
171,180,76,48
172,180,89,49
182,184,97,50
191,187,95,48
251,232,88,62
179,178,78,51
182,184,77,40
185,188,71,36
187,183,62,43
190,184,59,43
191,185,57,45
193,186,56,45
195,184,55,47
196,184,56,48
196,185,55,49
196,187,57,48
197,186,53,50
198,188,55,50
198,189,56,50
198,194,56,45
199,192,56,47
201,192,51,48
200,196,47,44
201,195,42,48
200,194,39,50
199,195,40,51
198,193,44,55
196,194,44,56
195,196,44,55
194,192,51,58
195,189,57,62
195,192,60,58
196,187,57,68
195,193,54,59
196,193,50,53
196,192,46,57
195,194,43,57
197,193,43,57
198,195,40,55
202,196,39,54
202,192,45,56
204,191,47,52
205,191,52,50
205,194,53,48
206,192,54,46
205,191,54,49
207,190,53,48
206,191,50,49
207,192,49,46
207,192,46,49
204,191,47,49
201,191,48,51
199,192,53,51
194,188,45,57
193,190,47,56
191,190,44,55
190,192,47,56
191,191,46,56
190,192,46,57
190,194,44,58
189,193,42,59
188,193,46,63
188,193,40,60
186,194,46,59
185,197,35,58
186,195,36,62
184,191,47,63
184,191,50,66
184,191,51,66
184,191,51,65
184,190,46,67
184,189,52,69
186,189,48,67
187,191,53,69
190,188,52,75
193,188,45,73
198,187,42,72
203,187,47,66
207,187,44,68
213,187,43,67
218,185,42,74
221,185,43,74
223,182,36,71
224,182,39,67
226,181,36,66
225,180,37,67
225,183,37,63
222,183,38,61
219,182,40,62
217,183,41,59
214,184,41,56
211,182,45,55
209,182,43,54
209,180,42,55
208,179,43,55
207,179,46,53
206,179,45,54
207,179,44,53
208,180,45,52
206,178,47,54
209,179,43,53
210,179,42,54
210,179,41,55
209,181,42,53
208,182,40,53
207,180,44,55
207,181,42,54
206,182,43,52
205,184,46,51
203,185,47,53
203,187,50,52
201,191,53,47
201,193,52,50
200,197,50,46
201,192,49,52
202,190,43,57
202,184,51,66
202,188,48,64
204,187,48,68
203,186,50,77
205,188,47,74
206,185,45,78
204,185,47,75
204,184,44,70
204,182,46,66
202,189,48,60
203,188,49,57
202,191,50,53
205,188,52,50
206,184,50,53
209,182,53,51
211,187,59,45
212,180,52,48
213,177,47,51
215,172,42,55
215,172,42,54
214,171,43,55
212,173,43,51
211,170,41,54
210,170,43,55
206,172,48,52
203,175,50,49
201,178,53,47
200,178,50,50
201,182,54,48
200,184,54,48
198,184,54,50
201,183,50,51
201,184,43,50
202,187,36,48
203,190,36,45
200,187,37,46
201,191,35,42
197,191,39,40
195,192,40,38
193,198,31,33
192,198,25,33
190,197,22,35
185,196,22,35
184,194,21,40
179,192,18,40
176,197,21,32
176,206,26,29
172,214,27,25
167,215,28,23
158,232,28,22
158,232,28,22
158,232,28,22
158,232,28,22
158,232,28,22
128,242,28,26
125,243,26,31
123,244,28,34
122,246,37,40
119,244,48,48
119,245,52,48
118,246,52,47
119,248,51,47
120,245,53,48
120,242,52,51
119,245,51,50
120,246,51,50
123,246,51,51
124,244,53,52
128,248,54,52
136,249,52,55
140,249,52,55
151,251,49,55
161,252,50,56
175,249,51,60
196,191,42,58
200,194,37,52
203,198,33,47
204,198,32,48
207,198,33,49
207,197,36,49
206,195,41,51
205,197,42,48
207,194,36,51
206,194,38,50
205,195,38,50
204,195,49,45
204,196,52,48
202,195,50,47
201,195,42,46
204,194,34,46
202,196,36,43
204,197,38,44
204,199,38,43
203,201,35,42
205,204,31,42
206,203,29,42
204,205,28,41
201,204,30,38
202,206,28,37
203,203,26,36
202,204,26,34
203,200,28,35
205,197,31,34
207,194,33,35
211,191,31,34
212,189,31,34
213,187,31,36
215,187,32,37
212,187,37,39
214,191,43,41
211,193,45,44
212,197,46,44
213,192,45,52
215,193,43,53
215,201,43,45
215,203,45,45
214,203,40,46
211,204,46,44
211,203,45,44
209,204,35,46
208,203,32,47
206,204,33,46
205,205,33,42
202,208,37,40
200,208,28,39
200,208,28,39
200,208,28,39
253,238,34,44
245,236,41,44
247,236,40,44
243,237,44,44
244,238,44,42
244,238,45,41
243,241,48,39
249,240,46,42
251,239,44,43
252,239,44,42
251,239,45,43
248,238,47,42
248,241,49,42
247,240,51,42
251,238,47,43
249,239,47,43
250,237,46,42
249,238,47,45
251,238,46,43
249,237,48,45
248,240,48,42
249,237,48,42
250,238,46,43
248,238,51,42
250,236,49,44
253,237,47,42
254,237,47,46
256,237,44,43
257,235,45,47
260,237,44,44
263,241,43,40
263,239,45,43
265,239,43,44
267,236,45,46
271,235,45,48
273,235,45,49
275,235,47,49
277,238,51,45
279,238,54,44
279,234,61,49
285,235,61,46
292,235,62,47
296,238,62,43
301,236,59,45
306,238,59,45
308,236,60,45
312,233,59,48
316,236,61,45
319,236,59,44
325,239,58,42
327,237,58,42
332,236,56,42
332,235,57,42
336,235,59,44
337,237,58,41
338,235,60,43
339,236,61,42
339,236,62,40
341,236,62,41
342,237,63,39
346,239,63,39
348,238,61,40
349,237,63,42
346,240,63,39
347,237,63,41
347,238,63,40
345,239,62,39
348,237,63,41
348,237,62,41
347,236,60,42
