392,170,98,53
387,173,98,48
387,174,99,47
382,174,100,49
383,176,101,48
378,178,103,48
378,174,97,55
378,179,95,51
390,176,80,51
390,178,76,49
394,178,67,50
395,180,61,45
398,184,56,45
397,190,55,38
397,189,52,39
399,193,45,35
395,198,46,30
393,203,44,25
393,203,44,25
393,203,44,25
393,203,44,25
393,203,44,25
393,203,44,25
393,203,44,25
393,203,44,25
393,203,44,25
393,203,44,25
393,203,44,25
393,203,44,25
393,203,44,25
393,203,44,25
393,203,44,25
393,203,44,25
393,203,44,25
393,203,44,25
393,203,44,25
393,203,44,25
393,203,44,25
393,203,44,25
393,203,44,25
393,203,44,25
393,203,44,25
393,203,44,25
393,203,44,25
393,203,44,25
393,203,44,25
393,203,44,25
393,203,44,25
393,203,44,25
393,203,44,25
393,203,44,25
393,203,44,25
393,203,44,25
393,203,44,25
393,203,44,25
393,203,44,25
393,203,44,25
393,203,44,25
393,203,44,25
393,203,44,25
393,203,44,25
393,203,44,25
393,203,44,25
393,203,44,25
393,203,44,25
393,203,44,25
393,203,44,25
393,203,44,25
393,203,44,25
393,203,44,25
393,203,44,25
393,203,44,25
393,203,44,25
393,203,44,25
393,203,44,25
393,203,44,25
393,203,44,25
393,203,44,25
393,203,44,25
393,203,44,25
393,203,44,25
393,203,44,25
393,203,44,25
393,203,44,25
393,203,44,25
393,203,44,25
393,203,44,25
393,203,44,25
393,203,44,25
393,203,44,25
393,203,44,25
393,203,44,25
393,203,44,25
393,203,44,25
393,203,44,25
389,215,34,19
388,210,31,19
390,207,31,22
389,203,29,23
386,200,30,27
385,198,30,29
384,194,28,33
377,193,32,32
371,189,35,35
367,188,37,37
367,188,33,36
370,186,30,35
370,189,31,34
372,192,30,31
370,193,31,33
369,196,36,31
371,197,35,28
373,203,36,23
371,206,39,20
380,209,34,18
381,212,35,15
379,216,37,12
386,217,32,14
392,216,28,13
397,216,24,14
401,216,18,15
400,214,20,15
399,215,23,15
397,210,26,18
397,208,25,19
397,204,24,19
385,199,25,22
390,200,29,29
388,198,34,26
387,196,34,30
386,195,36,31
386,194,37,26
384,195,38,30
386,195,34,30
385,195,37,31
384,194,38,26
385,195,36,28
386,196,36,32
389,196,34,26
387,196,36,27
387,197,35,29
387,198,35,27
387,199,36,25
387,199,36,28
384,198,36,26
386,201,34,25
386,201,35,26
384,201,35,27
384,201,34,28
384,204,32,27
384,209,28,24
381,211,25,22
378,209,21,20
377,210,17,18
375,210,15,18
373,210,15,17
373,214,13,13
371,214,12,12
370,213,11,12
370,213,11,12
370,213,11,12
369,209,13,14
370,214,11,12
371,215,9,10
371,217,9,9
372,217,8,9
374,218,6,9
374,218,6,9
374,218,6,9
374,218,6,9
374,218,6,9
374,218,6,9
374,218,6,9
374,218,6,9
374,218,6,9
374,218,6,9
374,218,6,9
374,218,6,9
374,218,6,9
374,218,6,9
371,220,7,8
371,220,7,8
371,220,7,8
371,220,7,8
372,220,7,7
372,220,7,7
372,220,7,7
378,215,7,7
378,215,7,7
378,215,7,7
390,222,7,7
379,212,7,7
379,212,7,7
379,212,7,7
379,212,7,7
379,212,7,7
379,212,7,7
379,212,7,7
379,212,7,7
379,212,7,7
379,212,7,7
379,212,7,7
379,212,7,7
379,212,7,7
379,212,7,7
379,212,7,7
379,212,7,7
379,212,7,7
379,212,7,7
379,212,7,7
379,212,7,7
379,212,7,7
379,212,7,7
379,212,7,7
379,212,7,7
379,212,7,7
379,212,7,7
379,212,7,7
379,212,7,7
379,212,7,7
379,212,7,7
379,212,7,7
379,212,7,7
379,212,7,7
379,212,7,7
379,212,7,7
379,212,7,7
379,212,7,7
379,212,7,7
379,212,7,7
379,212,7,7
379,212,7,7
379,212,7,7
379,212,7,7
379,212,7,7
379,212,7,7
379,212,7,7
379,212,7,7
379,212,7,7
379,212,7,7
379,212,7,7
379,212,7,7
379,212,7,7
379,212,7,7
379,212,7,7
378,220,7,7
378,220,6,7
378,221,6,8
378,219,6,9
378,219,6,9
378,222,6,9
379,221,6,8
379,221,6,10
377,220,6,8
380,220,6,8
380,222,6,8
378,220,6,8
378,219,8,9
378,219,8,10
376,218,9,10
376,218,9,10
377,216,9,12
376,216,10,12
375,216,10,14
373,216,12,13
375,215,11,13
376,217,12,11
375,216,11,12
375,216,11,14
375,217,11,13
374,215,11,12
374,214,11,14
373,215,12,13
374,214,11,14
373,214,11,13
373,214,12,13
374,216,11,14
373,214,12,13
373,215,12,13
372,214,11,13
372,214,12,12
372,216,12,12
372,215,11,13
372,214,12,13
371,215,12,13
371,215,13,12
371,215,13,13
372,216,12,14
372,216,12,13
372,216,12,12
372,215,13,13
371,215,13,12
370,214,13,13
372,215,12,12
373,215,11,12
372,215,11,12
373,215,11,12
373,215,11,13
372,215,12,13
371,216,13,13
370,215,14,13
372,215,12,12
371,214,12,12
372,215,12,13
372,216,11,13
372,215,13,13
373,216,12,16
374,214,11,14
372,214,11,14
371,214,12,14
371,214,12,13
370,214,13,14
371,216,13,13
371,215,12,13
374,215,12,13
374,215,12,14
374,215,11,14
373,213,12,14
373,215,12,13
375,217,10,13
375,214,10,13
374,214,10,14
374,215,11,12
373,215,12,13
372,215,13,13
372,214,13,13
374,214,12,13
374,215,12,13
375,215,10,12
375,215,11,13
373,215,12,12
373,215,12,13
374,215,12,13
373,215,12,12
372,215,12,12
373,214,14,13
371,214,14,13
374,216,11,12
373,215,11,12
374,215,10,13
376,216,11,13
374,217,11,12
375,216,11,12
375,216,11,12
374,216,11,12
373,215,11,13
374,216,12,13
372,214,13,14
372,213,12,14
372,215,13,12
372,215,12,13
372,215,12,13
373,215,11,14
372,215,12,13
372,214,13,13
373,213,12,14
373,215,12,15
373,215,12,14
371,214,13,14
372,214,13,13
373,214,11,13
372,214,12,13
371,214,13,14
371,214,13,14
369,213,14,14
371,213,14,14
372,213,14,14
372,213,12,14
372,214,12,13
371,214,12,14
373,213,12,14
372,215,13,14
371,213,13,14
371,215,13,13
373,215,12,13
371,213,13,14
372,215,13,13
372,216,13,13
372,214,12,12
372,216,13,13
372,215,13,13
372,214,13,14
371,214,12,13
372,215,12,13
371,215,13,14
371,214,13,14
370,213,13,14
370,214,14,13
371,214,12,14
370,215,12,14
370,214,13,13
369,214,13,13
369,216,13,13
369,215,14,13
369,213,13,14
366,214,15,15
368,214,13,14
369,214,13,14
368,215,14,13
369,214,13,13
368,216,14,12
367,214,14,12
368,216,13,12
367,214,13,12
367,216,13,12
369,215,12,12
369,216,12,12
368,214,12,12
367,217,12,12
365,216,13,12
367,217,12,11
366,215,13,12
367,215,12,11
366,216,12,12
368,216,11,13
367,217,12,12
367,216,11,12
369,217,10,12
368,216,11,12
370,215,10,12
370,217,10,12
369,217,11,11
370,219,12,10
370,219,11,10
371,219,10,10
373,219,10,10
372,217,10,10
371,216,11,12
370,215,11,12
370,216,12,11
368,215,14,12
369,214,14,12
373,217,12,11
370,214,13,13
368,215,15,13
368,214,14,12
370,216,13,13
369,214,13,12
369,216,13,12
370,216,13,12
368,216,14,11
370,217,12,12
368,216,14,12
370,216,12,13
369,218,13,11
367,216,14,11
367,216,13,13
368,217,13,10
369,218,13,10
368,218,14,9
369,218,13,11
370,217,12,11
370,216,13,13
368,214,14,13
368,216,15,12
369,216,14,12
370,216,12,11
372,215,12,13
370,215,13,14
370,215,14,13
368,217,15,13
367,216,17,13
366,215,17,13
367,216,16,12
368,216,15,12
368,216,16,12
366,216,16,13
367,217,15,11
367,217,15,10
368,217,14,11
367,216,16,11
367,217,17,11
366,216,16,11
369,218,13,10
369,218,12,9
369,216,13,11
371,217,12,12
370,217,12,12
370,216,12,12
370,217,13,12
370,215,11,13
371,216,11,13
369,214,12,13
370,216,13,12
370,215,13,14
370,215,11,13
370,215,12,14
370,215,12,13
369,214,12,13
370,215,11,13
370,216,12,13
368,215,13,13
368,213,14,15
368,215,12,13
367,216,13,12
368,214,13,13
368,215,13,13
367,214,13,13
366,215,13,13
367,214,13,13
367,214,12,13
368,214,12,14
368,214,12,13
366,214,13,13
365,215,14,13
364,214,14,14
365,214,13,14
365,214,14,13
365,213,15,14
365,212,14,14
367,213,14,14
368,213,14,15
369,214,13,13
369,213,14,15
368,213,15,14
370,213,15,15
371,213,15,15
369,213,16,14
373,214,15,14
374,215,15,14
375,214,16,15
378,216,15,15
379,214,15,13
379,215,15,16
378,214,17,14
381,216,17,14
382,217,16,13
383,217,17,12
386,217,14,12
388,219,13,11
387,219,13,11
389,220,13,10
392,221,14,9
392,219,12,11
391,218,12,12
392,218,13,12
392,217,13,12
392,219,13,13
392,218,14,14
393,218,14,15
391,217,13,13
395,219,12,13
394,219,13,13
393,219,13,13
393,217,14,13
392,217,15,12
389,218,16,13
392,218,16,13
389,216,17,13
388,216,17,13
390,217,18,14
389,217,18,14
391,217,17,13
390,217,18,14
390,217,18,13
387,217,20,12
389,216,20,14
388,215,21,13
387,218,22,12
389,218,21,14
388,218,21,13
388,218,22,12
391,218,21,13
389,217,21,12
390,219,23,14
391,217,19,13
389,219,21,11
388,218,21,11
390,217,21,13
389,218,23,14
391,219,21,12
392,218,19,12
391,217,20,13
391,217,21,13
388,218,23,13
387,218,24,12
388,218,23,12
389,217,22,13
391,218,21,12
391,217,20,12
391,216,20,13
389,216,21,14
390,216,23,15
391,216,21,13
391,218,20,13
391,218,21,13
390,218,21,12
389,218,21,12
387,217,24,13
387,218,24,12
388,217,22,12
388,218,22,13
386,216,24,14
388,216,21,13
387,218,23,13
388,216,21,13
389,217,21,12
388,216,21,13
389,217,21,13
389,217,20,12
387,218,22,12
389,218,21,12
388,219,22,13
386,216,23,14
385,218,24,12
385,218,23,12
386,216,23,15
388,218,20,13
388,218,20,13
388,218,21,13
387,217,22,12
385,217,23,12
387,217,22,12
386,218,23,12
386,217,22,13
386,218,21,13
388,217,20,12
391,217,19,12
387,218,20,12
390,219,20,11
389,218,19,11
388,218,19,11
388,218,20,12
386,218,21,11
388,217,20,13
387,217,20,12
386,217,21,12
389,217,20,12
386,217,20,13
386,217,21,13
388,218,20,13
389,217,18,13
389,218,18,13
390,219,18,14
390,218,20,12
388,218,19,12
390,219,17,12
390,217,18,13
388,219,21,12
390,219,21,12
391,217,19,13
391,217,19,12
391,218,19,14
391,217,19,12
391,218,20,12
390,217,20,12
388,218,22,12
389,217,21,12
389,218,22,14
392,219,19,13
391,217,20,13
391,217,20,12
390,216,22,12
392,218,21,13
391,217,22,13
390,217,23,15
390,215,25,14
388,214,26,16
391,215,26,16
391,214,26,16
389,213,28,16
391,213,27,17
392,213,27,17
392,211,26,18
393,211,27,18
394,212,26,18
392,213,28,17
393,209,27,20
394,211,27,18
395,211,26,18
396,212,26,18
396,210,26,18
395,210,27,19
397,210,27,19
395,208,26,20
397,210,24,20
397,209,25,20
395,210,26,20
394,208,27,19
395,209,28,21
394,210,28,20
393,209,27,21
394,210,28,20
394,210,28,19
391,210,28,19
394,211,27,20
392,211,27,20
392,210,27,19
391,210,27,21
389,210,27,20
386,211,28,19
387,210,27,20
385,211,28,19
388,212,24,17
387,210,23,18
386,211,23,18
389,210,20,19
387,210,21,19
386,211,22,18
385,211,22,19
386,212,22,18
384,212,24,17
384,212,22,17
385,212,22,17
385,212,22,18
383,213,25,17
383,213,24,16
381,211,25,17
381,213,25,17
383,211,23,17
385,212,23,17
386,212,21,18
383,211,24,17
388,211,22,18
388,212,22,17
388,212,20,18
390,213,19,16
388,212,22,17
390,212,21,16
391,212,20,17
390,213,20,18
390,212,19,17
388,212,22,18
390,211,20,18
390,212,20,18
388,212,20,18
387,211,21,17
386,212,21,18
384,211,22,19
386,210,22,19
382,210,24,19
385,209,22,20
386,210,20,18
383,213,23,17
382,214,22,16
383,214,22,15
382,216,22,13
382,216,19,12
383,217,18,13
381,216,19,11
383,217,18,10
385,218,16,10
385,221,16,12
384,220,16,11
384,220,16,11
384,220,16,11
401,215,14,13
401,215,14,13
401,215,14,13
401,215,14,13
401,215,14,13
391,215,15,14
385,213,17,12
385,216,17,12
384,214,16,15
383,214,16,13
383,214,13,11
381,214,13,11
379,215,15,12
377,212,15,13
388,197,16,16
373,215,18,14
374,214,19,14
371,212,20,14
371,214,19,15
377,214,16,13
377,215,15,12
378,215,15,12
380,215,15,11
379,218,16,10
377,217,16,11
378,217,16,10
379,217,15,10
379,218,14,10
379,219,14,10
376,218,15,9
373,219,15,9
371,217,16,9
368,218,15,9
364,216,17,9
364,216,17,9
350,212,17,12
350,212,17,12
350,212,17,12
350,212,17,12
350,212,17,12
350,212,17,12
350,212,17,12
350,212,17,12
350,212,17,12
350,212,17,12
356,214,14,12
356,214,14,12
356,214,14,12
356,214,14,12
356,214,14,12
356,214,14,12
356,214,14,12
356,214,14,12
356,214,14,12
356,214,14,12
356,214,14,12
347,211,17,12
347,211,17,12
345,209,19,14
345,209,19,14
345,209,19,14
342,212,21,15
342,212,21,15
342,212,21,15
342,212,21,15
338,210,23,14
337,212,22,12
336,211,24,13
330,211,26,14
330,211,26,14
330,211,26,14
330,211,26,14
330,211,26,14
330,211,26,14
330,211,26,14
330,211,26,14
330,211,26,14
330,211,26,14
330,211,26,14
330,211,26,14
330,211,26,14
330,211,26,14
330,211,26,14
330,211,26,14
330,211,26,14
330,211,26,14
330,211,26,14
330,211,26,14
330,211,26,14
330,211,26,14
330,211,26,14
330,211,26,14
330,211,26,14
330,211,26,14
330,211,26,14
330,211,26,14
330,211,26,14
330,211,26,14
330,211,26,14
330,211,26,14
330,211,26,14
330,211,26,14
330,211,26,14
330,211,26,14
330,211,26,14
330,211,26,14
330,211,26,14
330,211,26,14
330,211,26,14
330,211,26,14
330,211,26,14
330,211,26,14
330,211,26,14
330,211,26,14
330,211,26,14
330,211,26,14
330,211,26,14
330,211,26,14
330,211,26,14
330,211,26,14
330,211,26,14
330,211,26,14
330,211,26,14
330,211,26,14
346,208,24,14
328,209,29,16
326,211,33,18
327,209,30,22
328,212,31,22
330,213,32,23
331,214,31,20
339,215,33,21
334,215,33,22
334,215,33,22
342,213,29,23
339,213,29,24
345,215,23,22
347,212,21,25
346,208,21,30
345,202,23,36
348,201,23,36
349,201,25,37
341,206,29,32
341,202,31,34
340,205,33,33
344,204,32,32
342,208,33,32
344,211,30,26
343,213,31,25
342,212,32,26
343,205,33,28
343,211,36,28
343,213,32,28
344,213,33,29
345,213,33,30
345,213,33,27
344,212,33,24
347,214,29,30
348,213,30,29
345,212,31,28
346,211,33,27
346,218,32,23
346,219,32,24
346,217,32,23
346,218,31,21
346,219,30,18
346,218,32,15
344,223,36,12
347,220,34,14
345,217,32,17
346,219,32,18
343,220,32,18
343,222,31,18
345,227,32,14
341,224,31,15
343,225,34,14
339,226,36,14
343,220,37,16
338,225,38,12
332,225,42,14
338,226,41,14
337,220,42,19
335,225,43,15
335,225,43,15
338,221,40,19
337,224,39,14
338,227,43,11
335,226,47,12
334,229,45,11
332,225,44,13
333,225,42,15
335,226,40,13
334,227,40,13
334,225,44,15
337,224,40,17
336,222,38,18
338,222,33,20
341,223,30,19
340,222,31,20
346,227,31,17
345,224,30,18
347,225,28,17
349,226,28,18
344,222,28,20
345,221,25,22
345,221,26,22
346,219,23,24
346,220,24,22
346,220,23,22
355,224,25,19
349,224,28,18
347,226,32,14
347,224,33,16
349,223,34,14
349,226,32,14
351,226,29,11
350,226,32,9
351,224,35,9
351,225,34,9
352,226,33,10
353,224,32,13
352,224,34,14
355,225,36,12
353,224,35,12
351,223,39,11
354,223,35,12
355,225,33,10
353,223,35,13
352,224,33,13
354,225,32,14
352,225,31,14
354,226,34,11
351,225,32,12
351,225,32,9
350,224,32,9
351,226,32,7
350,225,30,7
350,225,32,7
349,224,30,9
350,226,33,7
349,220,33,10
347,219,35,13
348,223,38,12
347,224,37,12
347,226,34,9
347,224,35,10
346,225,33,9
347,225,30,11
346,220,34,16
345,223,35,12
347,224,32,11
345,225,34,9
345,224,36,13
346,219,32,15
346,224,34,14
345,223,37,12
347,221,33,13
345,221,36,14
347,226,34,9
346,222,37,12
345,225,37,12
345,223,33,13
344,216,33,17
344,215,32,20
343,214,32,24
343,215,32,26
342,212,34,31
343,212,31,28
340,213,31,27
341,216,30,25
342,215,28,26
340,208,31,32
341,211,31,28
341,208,29,32
342,206,27,36
341,205,30,35
340,209,30,32
341,212,29,30
339,211,30,29
338,209,30,27
339,211,28,29
340,210,29,31
339,207,30,28
340,211,28,29
339,208,29,30
340,209,27,30
339,211,28,26
338,210,29,24
338,211,29,28
337,210,29,29
335,209,30,27
337,208,29,27
335,206,30,30
334,211,31,24
337,210,28,22
336,211,31,25
335,210,30,25
333,210,32,23
335,210,31,26
333,210,31,25
333,210,31,26
335,213,31,23
332,212,33,18
334,212,31,17
332,211,32,16
332,210,32,19
334,214,29,20
332,211,31,22
330,211,33,21
333,212,32,23
333,212,29,26
332,212,30,25
332,209,29,28
330,208,32,27
332,213,33,24
332,212,31,25
331,212,29,25
330,212,31,25
332,214,31,23
330,211,30,26
332,212,29,26
332,213,27,25
331,211,30,25
332,212,28,26
330,211,29,27
330,212,31,25
332,209,28,28
330,210,30,28
332,212,30,25
331,209,30,27
330,210,29,27
331,213,29,25
331,213,28,25
333,211,28,27
331,212,29,27
332,210,29,28
331,211,28,27
327,213,33,25
327,211,34,26
333,208,31,29
332,214,30,25
333,215,28,22
332,211,29,28
335,213,26,25
334,210,26,29
333,212,28,25
331,211,29,27
332,215,29,22
329,212,31,22
329,211,30,26
326,212,35,25
332,213,29,25
328,209,34,27
331,208,29,28
330,207,30,28
330,207,31,30
329,200,31,35
330,206,31,31
329,208,32,27
329,211,30,25
333,210,29,27
334,213,28,24
332,213,28,23
335,214,26,22
337,210,25,25
335,212,27,25
333,212,28,22
334,214,29,22
331,212,29,22
334,214,28,22
334,217,28,20
336,213,28,24
332,211,30,26
333,212,28,23
332,210,30,25
332,210,31,26
331,209,31,28
333,212,30,24
334,212,29,25
335,212,31,24
332,212,33,25
334,214,32,20
333,210,33,26
335,212,32,25
338,214,30,21
336,212,32,27
334,211,32,25
339,212,28,25
338,211,29,26
336,212,31,25
335,212,34,25
337,213,31,26
337,213,30,26
337,212,31,27
336,213,30,24
335,213,32,27
335,212,33,28
338,213,31,28
336,213,29,26
337,211,31,28
338,212,30,26
339,212,28,27
338,213,29,27
337,213,32,27
336,211,32,29
340,214,29,26
338,214,29,26
338,213,30,27
336,212,31,25
337,212,31,28
337,212,30,26
338,213,30,26
338,213,30,25
336,214,31,24
338,216,31,23
336,211,30,27
339,214,30,26
337,215,31,24
338,217,31,21
337,213,32,26
336,214,31,26
338,213,29,27
337,214,29,25
337,212,29,28
335,210,33,28
336,211,30,27
338,214,29,25
337,213,30,23
335,214,33,23
336,215,30,23
335,215,33,24
335,214,30,24
336,213,30,24
336,214,31,23
336,215,30,23
338,213,30,25
336,213,30,24
337,215,29,23
336,213,31,24
334,212,31,24
335,211,31,25
338,214,31,24
336,217,30,20
340,214,27,24
339,212,28,25
338,214,31,26
337,214,30,23
337,215,31,24
338,217,29,21
341,213,27,26
337,212,29,27
339,212,30,27
337,213,30,25
336,212,31,26
337,212,30,26
336,213,32,26
337,212,31,26
336,211,34,29
337,212,30,28
336,212,32,27
337,213,29,26
339,214,28,24
339,215,28,24
338,214,31,26
338,213,31,26
336,214,31,27
337,215,32,24
337,217,31,21
337,216,31,24
335,214,30,26
337,213,31,26
336,211,30,28
335,215,29,25
335,216,29,24
336,216,29,25
335,215,29,25
338,214,29,25
336,213,33,26
336,210,31,28
336,207,32,33
335,208,30,32
332,208,33,36
336,209,32,32
334,206,33,30
337,207,28,36
335,207,31,33
336,209,29,34
340,208,31,38
343,209,24,28
345,211,23,31
345,212,22,30
343,211,25,31
340,211,25,30
340,210,26,31
339,211,28,29
338,212,29,30
336,214,30,29
335,213,31,28
338,214,29,25
337,214,30,27
335,213,30,28
338,216,30,27
336,213,31,28
338,216,30,26
339,215,29,27
339,212,28,30
343,212,24,31
344,211,22,32
343,211,26,31
342,211,24,30
339,211,27,30
338,210,28,28
337,215,29,24
339,213,31,28
336,210,33,30
337,204,37,34
334,212,39,28
334,211,46,29
330,212,43,27
333,213,34,26
335,212,31,28
336,211,32,28
336,211,30,27
338,212,30,29
335,212,32,28
338,212,31,29
337,212,31,27
338,212,30,27
337,214,32,25
338,214,31,27
337,213,32,26
335,211,32,28
337,213,32,27
338,212,30,27
335,213,32,28
336,212,32,27
338,212,29,23
338,212,31,28
337,212,32,27
337,213,31,24
339,213,30,26
336,212,33,28
339,213,31,24
340,212,29,26
339,211,31,26
337,213,31,25
335,212,33,25
339,212,30,24
335,213,32,23
337,211,31,26
335,211,33,26
336,210,33,27
333,212,35,25
334,218,34,18
340,217,30,23
342,215,27,24
342,213,27,26
342,212,28,28
342,211,28,28
343,210,27,29
342,211,29,29
340,208,31,31
341,210,29,30
340,210,30,28
342,210,29,30
338,207,32,32
339,211,28,27
340,213,28,26
338,213,28,27
338,218,28,22
339,212,28,28
339,215,28,24
338,213,30,26
338,214,28,25
338,212,29,28
339,210,27,29
336,213,31,28
339,210,28,28
338,211,29,28
337,212,30,26
336,212,31,26
333,213,33,26
337,212,29,25
338,217,27,21
339,215,28,24
338,214,28,25
334,211,30,26
331,213,34,24
335,217,30,21
335,214,31,25
333,213,32,25
335,211,29,27
333,211,31,26
333,213,30,23
336,211,30,24
335,212,29,25
337,214,27,23
335,211,28,26
332,211,32,26
334,213,29,22
336,213,28,23
333,212,30,25
335,212,29,25
333,210,29,24
334,212,30,26
334,214,31,24
333,214,29,22
330,212,33,26
334,212,29,25
334,212,29,25
333,210,29,26
332,209,30,26
331,210,31,26
330,210,32,26
332,211,31,25
330,212,32,25
332,214,29,22
334,214,29,23
334,213,36,24
333,211,34,26
332,211,36,25
331,208,32,29
332,208,31,30
331,205,30,31
332,202,27,32
336,205,26,31
339,206,25,31
337,205,26,34
339,200,23,37
339,202,24,37
336,200,28,38
334,200,28,40
327,198,35,41
327,194,42,39
330,194,47,38
334,192,48,42
330,189,52,42
324,192,56,42
324,198,56,38
332,193,65,44
327,193,64,39
327,205,63,28
329,206,57,25
333,207,50,25
335,206,43,26
337,207,37,21
339,209,35,24
338,209,33,29
340,207,29,31
340,203,29,34
341,202,29,36
341,203,30,36
342,203,24,35
342,201,28,36
341,202,24,34
342,201,24,35
342,203,29,38
340,198,32,39
337,200,34,47
337,200,35,46
339,200,32,46
337,197,35,44
333,201,39,42
333,204,40,42
337,207,32,41
338,204,30,45
337,204,31,51
336,198,33,53
339,196,31,43
338,202,30,38
339,204,29,35
338,204,31,37
339,197,32,42
338,199,31,42
340,203,31,36
340,212,29,30
339,210,29,29
339,212,30,29
339,212,30,28
341,210,29,30
340,212,29,27
341,214,29,27
341,210,28,30
340,212,29,27
342,213,29,26
340,214,29,26
342,214,27,25
343,215,28,26
342,213,28,27
341,213,29,27
341,214,28,26
341,215,28,25
339,214,32,28
340,213,30,27
340,213,29,27
340,213,30,28
341,211,30,28
340,211,29,28
341,212,28,27
341,213,28,27
341,213,28,27
340,210,30,31
342,207,27,33
345,211,23,27
350,213,20,27
352,205,17,25
352,205,17,25
352,205,17,25
340,210,20,29
340,209,21,33
340,203,24,37
340,203,29,40
336,202,31,40
337,199,30,39
339,198,30,40
336,210,32,30
338,213,30,26
336,212,31,26
335,213,33,25
337,212,31,23
338,213,31,25
337,212,31,25
336,213,32,25
339,212,30,26
335,213,33,25
334,211,34,27
336,211,33,29
339,211,30,25
337,213,30,20
340,214,31,24
337,214,31,25
339,214,31,26
338,212,30,26
340,214,28,23
341,216,27,22
339,212,28,26
338,212,32,25
338,215,32,24
337,211,31,27
339,207,28,30
336,211,32,30
338,208,29,29
336,211,32,26
336,213,30,26
336,213,30,26
337,211,31,27
335,213,32,27
335,212,32,26
336,211,31,26
336,211,30,27
336,212,31,26
336,214,31,26
337,211,30,27
336,212,30,27
338,213,31,26
337,213,29,27
334,210,33,28
336,210,32,30
337,209,30,27
335,210,31,26
335,212,32,24
337,212,30,25
334,212,34,27
337,211,31,25
335,211,34,26
334,211,35,28
335,211,31,27
338,212,30,27
339,211,29,26
339,211,30,28
338,211,37,23
334,209,39,29
335,213,38,26
334,208,35,28
334,212,32,25
335,212,32,26
331,210,35,25
336,212,31,27
336,210,30,32
334,211,31,34
333,215,33,30
335,210,29,36
335,211,28,35
340,211,23,40
342,210,21,43
337,200,25,44
335,210,27,41
333,200,30,41
334,199,30,40
330,209,35,43
331,211,33,45
335,205,30,50
332,207,32,54
336,201,29,63
333,191,32,72
333,189,32,81
331,176,38,90
333,175,37,98
331,174,38,113
333,174,37,109
334,174,36,114
335,175,35,114
337,176,34,108
336,177,35,109
339,176,32,112
340,173,33,115
334,176,37,111
336,175,34,111
338,177,34,113
339,176,32,114
336,175,35,112
336,174,33,114
337,175,35,114
339,175,33,114
333,175,39,111
333,175,38,115
337,176,35,110
336,176,35,104
336,176,35,96
336,174,37,98
336,173,38,97
338,179,34,107
337,175,35,110
338,176,35,110
338,176,36,109
331,176,42,109
332,176,43,113
338,176,37,109
339,177,36,110
338,177,39,112
341,177,36,117
339,176,39,116
343,178,32,115
342,176,35,118
344,179,33,113
340,176,35,113
343,177,35,115
342,178,30,117
343,178,32,117
343,177,34,115
342,176,35,115
340,176,38,109
339,177,37,114
344,177,35,114
340,177,37,113
340,178,38,114
339,176,36,112
346,177,32,113
343,176,32,112
343,176,35,115
340,176,39,113
341,178,41,113
342,175,35,114
341,179,35,111
343,178,30,111
344,175,32,116
343,178,35,117
340,178,37,116
344,177,35,115
340,176,41,109
337,177,44,112
343,177,35,115
341,175,38,114
340,178,36,115
343,176,35,119
341,177,37,115
339,177,37,113
