378,158,50,43
375,154,49,49
375,155,53,49
377,156,56,49
379,155,53,52
384,156,52,51
389,150,52,51
392,144,52,53
394,140,52,48
397,136,54,54
400,134,54,53
402,134,53,56
404,137,55,53
405,139,56,54
406,142,57,56
407,147,58,55
409,148,60,55
411,148,56,57
410,150,60,56
412,151,60,52
413,150,58,53
413,151,59,53
413,153,59,52
413,152,58,53
414,149,60,57
415,149,58,53
417,151,59,52
420,150,60,54
422,153,60,52
424,153,58,52
428,157,57,49
430,155,55,49
429,156,56,46
432,157,51,44
432,156,53,48
431,154,51,46
432,152,49,47
433,151,51,45
434,150,50,46
434,149,48,47
435,149,48,47
435,146,47,49
435,145,47,47
437,144,45,48
437,141,45,50
437,143,46,50
439,143,45,49
440,143,48,50
439,141,47,48
440,142,46,48
439,141,48,47
441,139,47,48
442,140,47,49
442,138,46,48
442,138,47,49
441,136,47,51
443,136,44,50
443,135,46,53
443,135,48,53
440,134,49,53
440,133,50,54
441,133,51,52
440,133,52,52
440,131,51,57
440,131,53,54
439,131,54,54
438,130,57,54
438,130,58,55
440,132,53,50
442,131,54,55
443,131,53,59
445,136,57,58
447,138,56,55
448,141,56,54
450,139,58,56
452,140,58,54
451,140,58,53
454,141,57,56
455,141,58,59
456,143,60,57
455,143,63,57
456,143,61,57
455,144,67,55
453,148,70,54
451,150,66,55
448,153,69,55
444,150,72,58
442,151,64,60
443,151,68,60
449,151,65,61
453,156,65,54
457,160,64,54
458,162,58,52
457,161,66,52
457,158,62,53
454,158,65,50
452,157,62,55
448,161,63,52
448,162,59,54
446,165,61,49
446,162,57,50
446,162,54,50
446,163,52,48
446,163,53,47
447,160,52,50
447,161,51,49
450,158,49,51
451,156,50,53
454,157,46,53
456,157,45,51
453,157,50,51
456,156,48,53
457,155,47,53
458,157,46,48
459,158,46,50
459,156,44,52
457,157,41,48
454,157,44,50
452,160,42,49
449,162,44,51
447,161,44,53
448,164,46,51
454,163,48,52
460,163,50,52
467,166,50,52
472,168,48,52
476,165,47,48
477,157,44,48
475,154,45,51
471,153,48,53
467,155,48,53
462,157,51,54
462,162,46,50
461,166,44,51
459,167,45,52
456,170,47,51
453,172,48,50
453,171,47,51
453,171,48,53
453,172,48,50
455,172,42,51
451,172,52,52
450,172,52,50
457,173,45,50
459,172,44,51
459,172,48,51
460,171,47,53
462,170,43,53
462,171,41,52
462,173,47,50
462,172,50,50
463,173,47,48
463,171,50,52
457,171,57,51
455,170,59,51
458,170,55,52
457,171,58,51
459,171,53,50
465,172,47,50
465,173,48,51
459,173,51,49
451,175,58,48
449,177,62,47
444,179,70,45
440,181,73,43
432,183,81,42
425,183,92,42
416,185,101,42
280,216,95,55
414,186,102,40
289,213,82,57
420,182,90,45
292,215,76,55
412,184,90,42
293,212,74,52
410,182,84,44
406,184,91,36
405,182,89,41
408,180,83,41
401,177,85,42
392,175,87,49
389,173,89,47
386,171,92,47
387,172,88,47
383,174,85,46
386,168,75,53
382,173,75,49
380,173,72,47
378,170,71,53
375,172,71,51
380,173,67,50
411,102,63,39
389,177,56,45
382,176,65,47
387,173,62,49
390,172,59,49
387,170,62,51
395,170,54,50
396,169,53,51
400,169,50,51
403,168,47,52
411,164,38,56
411,167,35,48
411,172,34,44
412,171,32,43
407,176,40,46
408,171,37,42
412,171,34,42
408,174,38,38
413,174,33,37
410,176,35,41
412,176,31,40
412,173,34,43
410,172,37,44
409,170,38,46
409,171,37,47
409,171,37,47
409,171,37,47
382,98,46,42
382,98,46,42
382,98,46,42
382,98,46,42
382,98,46,42
368,101,54,37
368,101,54,37
368,101,54,37
368,101,54,37
364,110,56,31
364,110,56,31
363,114,60,24
362,115,61,24
362,116,61,23
362,115,61,22
360,113,62,25
360,113,62,25
396,177,54,36
363,111,58,25
362,112,59,23
364,112,58,23
365,112,55,22
364,111,57,24
364,112,55,24
364,112,55,23
364,112,54,24
365,112,53,25
364,111,52,26
361,111,54,25
360,110,53,25
357,109,55,25
356,110,55,25
355,110,55,23
354,109,55,23
352,108,56,25
351,108,57,25
350,107,58,25
350,109,56,23
348,107,60,27
347,107,60,25
347,105,59,25
347,106,57,25
347,105,55,26
346,105,58,27
347,105,54,26
346,105,55,25
346,105,56,25
346,105,54,24
346,105,52,24
346,104,53,26
343,105,56,26
345,104,53,25
343,103,54,25
346,104,50,24
345,104,52,26
344,104,53,26
343,104,53,26
343,105,52,25
343,104,51,24
343,103,52,25
343,102,50,30
343,101,49,30
342,102,49,27
343,102,47,26
341,100,52,30
342,101,50,29
341,101,49,29
342,100,48,28
342,100,46,26
341,103,47,26
340,103,48,26
339,104,48,25
340,103,45,27
340,103,46,27
340,104,45,26
339,104,44,26
340,104,43,25
340,104,42,25
339,104,43,24
339,104,44,25
338,103,44,27
339,104,42,25
339,104,41,24
338,105,41,25
339,106,39,23
339,107,38,23
338,107,40,24
338,107,40,25
337,108,40,24
338,109,38,24
338,110,37,25
338,110,38,25
339,110,37,24
338,110,40,26
338,112,39,24
338,114,37,23
338,115,36,23
337,117,37,23
337,117,37,24
336,119,36,24
336,118,37,24
336,118,36,25
336,118,37,26
335,117,36,27
335,118,35,26
335,118,35,24
335,118,35,23
336,118,34,24
335,117,35,25
336,117,34,24
336,117,34,24
335,115,35,24
336,116,34,24
335,116,34,25
335,116,35,25
334,115,35,25
334,116,34,26
334,115,34,26
334,115,33,25
334,116,32,25
332,117,31,24
329,118,33,24
327,120,31,24
325,122,33,23
327,123,32,23
332,124,32,24
340,126,31,26
344,127,32,25
351,126,30,26
351,126,30,28
357,123,29,27
356,123,31,27
358,118,31,26
357,114,31,27
355,112,30,26
353,113,30,25
353,115,30,25
352,116,29,24
350,116,29,26
347,119,30,24
346,118,29,24
345,118,28,23
342,117,28,23
341,117,27,23
340,116,29,24
341,114,28,26
342,112,28,25
341,112,27,25
342,113,26,24
343,113,26,23
343,113,27,23
343,112,27,22
340,113,28,23
340,114,27,24
341,113,26,24
341,111,27,23
340,111,27,24
341,111,26,25
339,112,27,23
341,110,27,23
341,110,27,23
343,110,25,24
342,111,26,22
344,113,27,23
345,112,27,24
346,113,27,25
347,114,26,24
346,115,25,26
344,117,26,25
343,118,25,25
346,120,25,25
351,122,24,24
357,124,24,23
360,125,25,23
361,124,25,23
363,121,25,23
363,119,25,23
362,114,25,26
359,114,25,26
357,117,25,26
354,120,25,25
351,121,26,25
349,120,26,26
346,123,28,25
344,123,29,25
342,124,30,22
340,123,31,23
338,123,34,22
337,123,35,21
337,122,36,20
336,122,35,21
336,122,35,22
337,124,35,22
336,125,34,23
335,125,35,24
333,126,35,25
332,128,35,24
331,128,34,23
330,129,35,23
329,129,34,23
327,129,37,24
325,131,37,24
324,131,38,23
326,130,37,23
325,131,38,24
326,132,38,23
326,132,36,23
328,131,36,23
328,130,36,24
329,132,36,23
329,132,37,23
329,132,37,23
329,131,36,24
330,132,36,25
329,131,36,25
330,129,36,25
329,128,35,26
330,130,36,24
331,132,34,24
333,132,34,22
334,131,33,23
334,132,33,24
333,132,35,25
334,132,35,25
336,131,34,26
337,129,33,26
340,131,30,24
341,133,30,22
341,134,30,23
341,133,30,22
341,131,28,24
341,131,29,25
342,132,29,25
342,131,30,25
343,130,27,25
343,131,28,25
343,131,29,24
346,131,27,24
348,130,27,26
349,129,28,26
351,128,26,26
356,126,25,25
357,125,27,23
358,123,26,25
359,124,27,24
360,123,25,26
360,123,25,26
359,122,24,24
358,121,25,25
357,120,24,24
358,117,25,27
358,117,25,27
358,115,25,28
358,115,25,28
358,112,23,30
357,110,25,28
357,109,24,30
357,107,25,27
358,104,25,26
357,104,26,28
356,106,25,30
357,107,25,27
358,106,25,30
361,105,25,31
361,105,25,28
361,102,26,29
361,99,27,29
359,97,28,28
357,93,27,28
356,94,28,25
355,93,29,27
355,93,29,28
354,94,29,28
354,95,30,27
