369,261,48,41
368,261,47,40
367,261,46,40
366,260,48,41
362,260,49,41
357,259,50,41
352,257,47,45
349,252,43,51
343,248,41,52
340,245,35,43
341,242,36,36
332,229,42,39
326,209,48,56
324,207,49,50
326,207,48,46
325,201,52,48
290,260,47,46
290,259,47,47
290,259,47,47
290,259,47,48
290,259,47,48
289,259,48,48
289,259,48,49
290,259,47,49
289,259,48,47
289,258,48,49
290,259,47,48
289,258,48,48
289,259,48,48
288,258,49,49
289,259,48,48
289,259,48,48
290,259,47,48
290,259,47,48
290,259,48,48
289,259,47,48
290,259,47,48
290,259,47,47
289,259,48,48
289,259,47,47
290,259,47,48
290,259,47,47
290,259,47,48
290,259,47,48
290,259,47,48
290,259,47,48
289,259,47,48
289,259,48,48
289,259,48,48
290,259,47,48
289,259,48,48
289,259,48,49
289,259,48,48
289,259,48,49
290,259,47,48
289,259,48,49
289,259,48,48
290,259,47,48
289,259,47,48
290,259,47,47
290,259,48,48
289,259,48,48
290,259,47,49
290,259,47,48
290,259,47,48
290,259,47,48
290,259,47,48
290,258,47,48
289,259,48,48
289,259,48,48
290,259,47,48
289,259,48,48
290,259,47,48
290,259,48,48
289,259,48,48
289,259,48,48
289,259,48,48
290,259,47,49
289,259,48,49
289,259,48,48
289,259,48,48
289,259,47,48
290,259,47,48
289,259,48,48
289,258,48,49
289,259,48,48
289,259,47,48
289,258,48,49
289,259,48,48
289,259,47,48
290,258,47,48
289,258,48,48
290,259,48,48
289,259,48,49
289,259,48,48
289,259,47,48
289,259,48,48
289,259,47,48
290,258,47,49
289,259,48,49
289,259,48,49
290,259,47,48
290,259,48,48
289,259,48,48
289,259,47,48
289,259,48,48
289,259,48,48
289,258,48,49
290,259,48,48
289,259,48,49
289,259,48,49
289,259,48,49
289,259,48,49
290,259,47,48
289,258,48,48
290,259,48,48
290,259,47,48
289,259,48,49
290,259,47,48
289,258,49,48
290,259,47,49
289,258,48,49
290,259,47,48
289,259,48,49
289,259,47,48
290,258,47,49
289,259,47,47
289,258,47,48
289,259,49,49
290,259,47,47
289,259,48,48
289,259,49,48
289,259,48,48
289,259,48,48
290,259,47,47
290,259,47,48
290,259,47,48
290,259,47,48
289,259,48,49
289,259,48,48
290,259,47,47
290,259,46,47
290,259,47,47
290,259,47,47
290,259,47,47
290,260,47,47
290,259,48,47
290,259,47,48
289,259,48,48
290,260,47,48
290,259,47,47
290,259,47,47
290,259,47,48
290,259,47,47
291,259,46,47
290,259,47,46
290,259,47,47
290,259,47,47
290,259,46,47
289,259,48,47
289,259,48,49
290,259,47,48
289,259,48,48
290,259,47,48
289,259,48,48
289,259,49,49
290,259,48,47
290,259,48,48
289,259,48,48
289,259,47,48
289,259,48,48
289,259,48,48
290,259,47,47
289,259,47,48
290,259,47,48
289,259,48,48
290,259,47,48
290,259,48,48
289,259,48,48
290,259,47,48
290,259,48,47
290,259,47,48
290,259,47,48
290,259,47,47
290,259,48,48
290,259,48,48
289,259,47,47
290,260,47,46
290,260,47,46
290,259,47,47
290,259,47,47
290,259,47,47
290,259,47,47
290,259,47,48
289,259,48,48
288,259,50,49
288,258,52,50
288,258,52,49
289,260,51,47
290,259,49,47
290,259,48,48
290,259,47,47
290,260,47,47
290,259,47,47
290,260,47,46
290,260,47,46
289,260,48,46
290,259,48,47
290,259,47,47
290,259,48,47
290,259,48,47
290,259,47,48
290,259,48,47
290,259,47,48
290,259,48,48
289,259,48,48
289,259,48,48
290,259,48,48
289,259,48,48
290,259,47,47
290,259,47,47
290,259,47,47
290,259,47,47
290,259,48,47
290,259,47,47
290,259,47,48
289,259,48,48
289,259,48,48
290,259,47,48
290,259,48,48
290,259,48,48
290,259,48,48
290,259,47,47
290,259,47,47
290,259,47,47
290,259,47,48
290,259,47,48
290,259,47,48
290,259,47,47
290,259,48,48
290,259,47,47
290,259,47,47
290,259,47,47
290,259,47,47
290,259,47,47
291,259,47,47
290,260,47,46
290,260,47,46
290,259,47,47
290,259,48,47
290,259,48,48
290,259,48,48
289,259,47,48
290,259,47,48
289,259,48,48
290,259,47,48
290,259,48,48
289,259,48,48
290,259,48,48
289,259,48,48
289,259,48,48
289,259,47,48
290,259,47,48
290,259,48,48
289,259,48,48
290,259,48,48
289,259,48,48
289,259,48,48
289,259,48,48
289,259,48,48
289,259,47,48
289,259,47,48
289,259,47,49
289,259,48,49
290,259,47,48
289,259,48,48
289,259,48,49
289,259,48,48
289,259,47,48
290,259,47,48
290,259,48,47
289,259,48,48
289,259,48,48
289,259,47,48
290,259,48,48
289,259,48,48
289,259,48,49
290,259,47,47
290,259,47,48
289,259,48,48
289,259,48,48
289,259,48,48
290,259,47,48
290,259,48,48
290,258,48,48
289,259,48,48
290,258,47,48
289,258,48,49
290,259,47,48
290,258,48,49
289,259,47,48
290,259,47,48
290,259,48,49
289,259,47,48
289,259,47,48
289,259,48,48
289,259,48,48
289,259,48,48
289,259,48,48
289,258,48,48
289,258,48,49
290,259,47,48
289,258,48,48
289,258,48,49
289,259,47,48
289,258,47,48
290,258,47,48
289,258,47,48
289,258,48,48
290,259,47,48
290,259,48,47
289,258,48,49
289,259,47,48
289,259,47,48
289,259,48,48
289,259,47,48
289,258,48,48
290,259,47,47
289,259,47,48
290,259,48,48
289,259,48,48
289,259,47,48
290,258,47,48
289,259,47,48
289,259,47,48
290,259,48,48
290,259,48,48
289,258,48,49
290,259,48,48
290,258,48,49
289,258,48,49
289,259,48,48
289,258,48,49
290,258,48,48
290,258,47,48
289,258,48,49
289,259,47,48
289,259,48,49
290,259,47,48
289,259,48,48
288,259,49,48
289,259,48,48
289,259,49,48
289,260,47,47
290,259,48,47
290,259,48,47
290,259,48,46
290,259,48,47
289,259,48,48
290,259,48,48
289,259,48,47
290,259,48,48
289,259,48,47
289,259,48,47
289,258,48,49
290,259,47,48
290,259,48,48
289,259,48,48
289,259,48,48
289,259,48,48
289,259,48,47
290,259,48,47
290,259,48,48
290,259,48,47
290,259,48,48
290,259,47,47
290,259,48,48
289,258,49,48
289,259,48,48
290,258,48,48
289,259,49,48
290,259,48,48
289,259,48,48
289,258,48,48
289,259,48,48
289,259,48,48
290,259,48,47
290,259,47,47
290,259,47,47
289,259,48,48
290,258,48,48
289,259,48,47
290,259,48,48
289,259,48,48
289,259,48,48
289,259,48,48
290,258,48,48
289,258,48,48
289,259,47,47
289,258,48,48
289,258,48,48
290,258,48,48
289,258,48,48
289,259,48,47
289,258,48,48
289,259,48,48
289,259,48,48
290,259,48,48
290,259,48,48
289,259,48,48
290,259,47,48
289,258,48,48
290,259,48,48
289,259,48,48
289,259,48,48
289,259,48,48
289,259,48,48
289,258,48,49
290,259,47,47
290,258,48,48
290,259,48,48
289,258,49,49
290,259,48,48
290,259,48,48
289,259,48,48
290,259,48,48
289,259,48,48
289,259,48,48
289,259,48,48
290,259,47,47
290,259,48,48
289,259,48,48
289,259,48,48
290,259,48,48
290,259,48,48
290,259,48,48
289,259,48,48
289,259,48,47
289,259,48,48
290,259,48,48
289,259,47,48
289,258,48,48
289,259,47,48
289,258,48,48
289,259,48,48
289,259,48,48
289,259,48,48
289,258,48,48
289,259,48,48
289,259,48,48
289,259,48,48
289,259,48,49
289,259,48,49
290,259,48,48
290,259,48,47
289,258,48,49
290,259,47,48
289,259,48,48
289,258,48,48
289,259,48,48
289,258,48,49
289,259,48,48
289,258,48,48
289,259,48,48
289,259,48,48
289,258,48,48
289,259,48,48
289,259,48,48
289,259,48,48
289,258,48,48
289,259,48,48
289,259,48,48
289,259,48,47
290,259,48,48
290,259,48,48
290,259,47,48
290,259,48,48
289,259,48,48
289,259,48,48
289,258,49,48
290,259,47,48
289,259,49,48
290,259,47,47
290,259,48,48
289,259,48,47
289,259,48,48
289,259,48,48
289,259,48,48
289,259,48,48
289,259,48,47
289,258,48,47
290,259,48,47
289,259,48,48
290,259,48,48
290,258,48,49
290,259,48,48
290,259,48,48
290,259,48,48
290,259,48,48
289,259,48,48
289,258,48,49
289,259,48,48
289,259,48,48
290,259,47,47
289,259,48,48
289,259,48,49
290,259,48,48
290,258,48,48
290,259,48,48
289,258,48,49
290,259,48,48
289,259,48,48
289,259,49,48
289,259,48,48
289,259,47,48
289,259,48,48
289,259,48,48
290,259,48,48
289,259,48,48
289,259,48,48
290,259,48,48
289,258,48,48
290,259,48,48
289,259,48,48
290,259,48,49
290,259,48,48
289,258,48,48
289,259,48,48
290,259,47,47
290,258,48,48
289,259,48,47
289,258,49,48
289,259,47,47
290,258,48,48
289,259,48,48
290,258,47,48
290,258,48,47
290,258,48,48
290,258,48,49
290,259,47,47
290,258,48,48
290,258,48,48
289,258,48,48
289,259,48,48
289,258,48,49
290,258,48,49
289,258,48,49
289,259,48,48
289,258,48,49
290,259,48,48
289,258,48,48
290,258,48,48
290,258,48,48
289,258,47,48
289,259,48,48
289,258,48,48
289,258,48,48
289,258,48,49
290,259,48,48
289,259,48,48
290,258,48,48
289,258,48,48
290,259,48,48
290,258,48,48
289,258,48,48
289,258,48,48
290,258,48,48
289,258,48,48
290,258,48,48
289,258,48,48
289,258,48,49
290,259,48,48
289,258,48,49
289,258,49,49
290,259,48,48
290,258,48,48
290,258,48,49
289,258,48,48
289,258,49,49
290,259,47,48
290,258,48,48
289,259,48,48
289,258,48,48
290,258,48,48
289,258,48,49
289,258,47,48
289,259,47,48
289,259,47,48
290,259,48,48
290,258,47,48
290,259,48,47
290,259,48,48
289,258,48,48
289,258,48,48
289,259,47,48
290,259,47,47
290,259,47,47
290,259,47,47
290,259,48,48
290,259,48,47
290,259,47,47
290,259,47,46
290,259,48,46
290,259,47,46
290,259,48,46
290,259,47,47
290,259,47,46
290,259,48,47
290,258,48,48
289,258,48,49
289,259,48,48
289,258,48,48
290,258,49,48
290,259,48,48
290,259,48,47
290,259,48,48
289,258,48,49
289,259,47,48
289,259,48,48
290,259,48,48
290,259,48,48
289,258,48,48
289,258,48,48
289,259,48,48
289,259,48,48
289,258,48,49
289,259,48,48
290,259,48,48
289,259,48,48
289,258,49,49
289,259,48,48
289,258,48,48
289,258,48,49
289,259,48,48
289,259,48,48
289,258,48,48
289,259,48,48
289,258,48,48
288,258,49,49
290,259,47,48
290,259,48,47
289,258,48,48
290,258,48,48
289,259,48,48
289,258,48,49
289,259,48,48
289,259,48,48
289,258,49,48
289,259,48,48
289,259,48,48
290,258,48,48
289,259,48,47
289,258,48,48
289,259,48,48
289,258,48,48
289,258,48,48
290,259,48,48
289,259,48,48
289,258,49,48
290,258,48,49
290,259,48,48
289,258,48,48
289,259,48,48
289,259,47,47
290,259,47,47
290,259,47,47
290,259,47,47
290,259,47,47
290,259,47,47
290,259,47,47
290,259,47,47
290,258,48,48
289,259,48,48
289,258,48,48
289,258,48,48
289,258,48,48
290,259,48,48
289,258,48,48
290,259,48,48
289,258,48,49
289,259,48,48
290,258,48,48
289,258,49,49
289,259,48,48
289,258,48,48
289,259,48,47
289,259,48,48
289,259,48,48
289,258,48,48
290,258,48,48
289,259,48,48
289,258,48,49
289,258,48,49
289,259,48,48
289,258,48,48
289,259,48,48
289,258,48,49
290,259,47,48
289,259,48,47
290,258,48,48
289,259,49,48
289,259,48,48
289,259,48,48
290,259,47,48
289,258,48,48
289,258,48,48
289,258,48,48
289,258,48,48
289,259,48,48
289,259,48,48
290,259,48,48
290,259,48,48
289,258,48,48
290,259,47,47
290,259,48,47
290,258,48,48
289,258,48,48
290,259,48,48
289,258,49,48
289,258,48,49
289,258,48,48
289,259,48,48
289,259,48,48
289,259,48,48
289,258,48,48
290,259,48,48
290,258,48,48
289,258,48,49
289,258,48,49
290,259,48,48
289,259,48,48
290,258,48,48
289,258,48,48
289,259,48,48
289,258,48,48
290,258,47,48
289,258,49,49
289,259,48,48
289,258,49,49
289,258,48,48
289,258,48,48
289,258,48,48
289,258,47,48
289,258,48,48
289,258,49,49
289,259,48,48
289,258,48,48
289,259,48,48
289,258,48,48
290,258,48,48
290,258,48,48
289,258,48,48
289,258,47,48
290,258,47,48
289,258,48,48
289,258,48,48
289,258,49,48
289,258,48,48
289,258,48,48
290,259,48,48
289,259,48,48
289,259,48,47
290,259,47,47
290,259,48,47
290,258,48,48
290,258,48,48
289,258,49,48
290,258,48,49
289,259,48,48
289,258,48,48
289,258,49,48
289,258,49,48
290,259,48,48
289,258,48,48
289,258,48,48
289,259,48,48
289,259,48,48
289,258,48,49
290,259,48,48
290,259,48,48
289,258,48,48
289,258,48,48
289,258,48,48
290,258,48,48
289,258,49,48
290,259,48,48
289,258,48,48
289,258,48,48
289,258,48,49
289,258,48,48
290,258,48,48
289,258,48,48
289,258,48,48
289,259,48,48
289,258,49,48
289,258,48,48
290,259,48,47
289,258,48,48
289,259,48,48
289,258,48,48
289,258,49,48
290,259,48,47
290,258,48,48
289,259,48,48
290,259,48,48
289,258,48,48
289,258,48,48
290,258,48,48
289,258,48,48
290,259,48,49
290,259,48,47
289,258,48,48
289,258,48,49
289,259,48,47
290,259,48,47
289,258,49,48
289,259,48,48
289,259,48,48
289,258,48,48
289,258,49,48
290,258,48,48
289,259,49,48
289,259,48,47
289,258,48,49
290,258,48,48
289,258,48,49
290,259,48,48
289,258,48,48
289,259,48,48
289,258,48,48
289,259,48,48
289,259,48,48
290,259,47,47
290,259,48,48
289,258,48,48
289,259,48,48
289,258,48,48
289,258,48,49
289,259,48,48
289,258,48,48
289,258,48,48
289,259,47,48
289,259,47,48
289,258,48,48
289,259,48,47
290,258,48,48
289,258,48,48
289,258,48,48
289,258,49,48
289,258,48,48
290,259,48,48
289,258,48,48
289,259,48,48
289,259,48,48
289,258,48,48
289,258,48,48
290,259,48,48
289,258,48,48
289,258,48,48
290,259,48,47
289,259,48,48
289,259,49,48
289,259,48,48
289,259,48,48
289,259,48,48
289,259,48,48
289,259,48,48
289,259,49,48
289,259,48,48
289,259,48,48
289,259,48,48
289,259,48,48
289,259,49,48
290,259,48,48
289,259,48,48
289,259,48,48
289,259,49,47
290,259,48,48
290,259,48,48
289,259,49,49
289,259,48,47
290,258,48,48
290,259,48,47
289,259,48,48
290,258,48,48
289,259,48,48
289,259,48,48
289,258,49,48
290,259,48,48
290,259,48,48
290,259,48,48
290,259,48,47
290,259,47,47
290,259,47,47
289,259,48,47
290,259,47,48
290,259,48,47
289,259,48,48
290,260,48,48
290,259,48,48
290,259,48,47
290,259,47,48
289,259,48,48
289,259,49,49
289,260,48,47
289,259,48,48
289,259,48,47
290,259,48,48
290,259,48,48
290,259,48,47
290,259,48,48
290,259,48,47
290,260,48,47
290,259,48,47
290,259,48,48
290,259,48,48
289,259,48,48
289,260,49,48
289,259,48,48
289,259,49,48
290,260,49,48
289,259,48,48
289,259,49,48
290,259,48,48
289,258,48,49
290,259,48,49
290,259,48,48
289,258,48,49
290,259,48,49
289,258,49,49
290,260,47,46
290,259,48,46
290,259,47,47
290,259,48,48
289,259,48,48
289,259,48,48
289,259,48,47
290,260,48,47
290,259,47,47
290,259,48,47
290,258,48,48
290,259,49,48
289,259,48,48
290,259,48,47
290,259,48,47
289,259,48,48
290,259,48,48
289,259,48,48
289,258,49,49
290,259,48,48
289,259,49,49
290,259,48,48
290,259,48,48
289,259,49,47
289,259,48,47
289,259,48,47
290,259,48,48
289,259,48,48
289,260,48,47
290,259,47,48
289,259,48,47
290,260,47,47
290,259,47,47
290,259,47,47
290,258,48,48
289,258,49,49
290,259,48,48
289,257,48,50
290,258,47,49
289,258,48,49
290,258,47,49
289,258,48,49
289,259,48,49
290,259,47,48
290,259,48,48
289,259,48,48
290,260,48,47
290,260,47,47
291,260,47,46
291,260,47,47
290,260,47,46
290,260,47,47
290,259,47,47
290,259,48,47
290,259,47,48
290,259,48,48
289,259,48,48
290,259,48,48
289,259,48,48
289,260,48,47
290,259,48,48
290,260,48,47
290,259,48,48
289,259,48,48
290,259,48,48
289,259,48,48
289,259,48,47
290,259,48,48
289,259,49,48
289,259,48,49
290,259,48,48
289,259,49,48
289,259,49,49
289,259,49,48
289,260,48,48
289,259,49,48
290,259,48,48
289,259,48,49
290,259,48,48
290,260,48,47
290,259,48,48
290,259,48,48
289,260,48,47
290,259,48,47
290,259,48,48
290,259,48,48
290,260,48,49
290,260,47,48
289,259,48,48
289,259,48,48
290,260,48,48
290,260,48,48
289,260,49,48
290,260,48,48
289,259,48,48
289,260,48,48
289,260,48,48
289,259,49,49
290,260,48,47
290,259,48,48
290,260,48,48
290,259,47,48
290,259,48,48
290,259,47,48
289,260,48,48
290,259,48,49
289,260,47,48
289,259,48,49
289,259,49,49
289,259,49,48
290,259,49,48
290,259,48,48
289,259,49,49
289,259,49,48
289,259,49,48
290,259,48,49
290,260,48,48
289,260,49,48
290,260,48,48
290,259,48,48
290,260,49,48
289,259,48,49
290,259,48,48
289,259,49,49
289,259,49,48
290,259,48,48
290,260,48,48
289,260,49,47
289,260,49,48
290,260,49,48
289,260,49,48
289,259,49,49
290,258,49,50
290,259,49,50
290,259,49,49
291,259,48,49
290,261,49,47
290,262,47,46
290,262,46,44
290,262,46,45
291,267,43,42
295,271,35,34
292,268,35,34
295,265,38,34
291,258,45,41
362,260,35,37
288,224,32,40
295,225,32,42
304,227,33,41
313,231,36,42
319,235,39,42
325,240,42,50
329,245,42,52
333,251,46,54
335,252,46,53
337,252,44,53
335,253,46,51
335,253,46,52
333,253,48,52
331,252,49,52
329,251,51,54
329,251,51,54
327,250,52,55
325,250,53,55
324,251,52,52
323,249,52,55
322,250,50,54
323,248,47,55
325,248,44,56
327,249,43,55
328,250,44,53
328,253,43,48
329,258,40,43
330,259,40,43
329,260,45,44
326,259,39,45
326,261,34,42
327,262,33,42
325,262,34,42
325,261,35,42
326,261,35,43
326,261,35,44
327,262,33,41
328,263,32,40
329,263,31,39
331,263,27,38
330,265,28,37
325,264,32,37
325,261,30,40
323,260,44,43
323,261,45,42
323,260,48,44
321,259,60,45
323,260,49,44
322,260,46,44
322,260,48,45
323,260,47,45
322,260,48,45
322,260,50,45
323,260,48,44
322,260,50,45
323,260,49,44
323,260,47,44
322,260,52,44
323,260,48,44
322,260,49,45
323,260,48,45
323,260,48,45
323,260,48,45
323,260,48,44
322,260,50,44
323,260,49,44
323,260,47,44
322,260,51,45
323,260,48,44
322,260,54,45
323,259,50,46
323,261,47,44
323,260,49,45
323,260,50,45
322,259,55,46
321,259,57,47
322,259,59,46
322,259,61,45
321,258,59,46
323,260,46,45
322,260,45,44
323,260,46,45
323,260,45,45
323,260,46,44
323,260,48,45
323,260,48,44
323,260,47,44
322,260,48,45
324,261,46,44
323,260,47,44
323,260,47,45
322,260,47,44
322,260,48,45
323,261,47,44
322,260,47,45
323,260,47,45
323,260,47,44
322,260,48,45
323,260,47,44
323,260,47,45
322,260,48,44
323,260,46,44
323,260,47,44
323,260,47,45
323,260,47,45
323,260,47,45
323,260,47,44
323,260,47,45
323,260,47,45
322,260,47,45
323,260,47,45
322,260,47,45
323,260,47,44
322,260,47,45
322,260,47,44
322,260,47,45
323,260,47,44
322,260,47,44
322,260,47,45
323,260,46,44
323,260,47,44
322,260,47,44
322,261,47,44
322,261,48,43
322,261,48,43
323,261,48,44
323,260,47,45
323,261,46,43
323,261,47,43
323,252,45,54
321,263,46,41
321,241,46,67
321,223,45,81
323,224,46,77
325,227,45,76
326,228,43,74
325,233,45,73
326,235,48,71
331,229,50,61
329,224,57,76
330,222,57,85
329,218,58,86
323,263,45,41
321,261,47,44
321,260,46,44
321,260,47,44
320,260,47,45
321,261,46,44
321,260,46,44
321,260,47,44
321,260,47,45
321,260,47,45
321,260,47,45
320,260,48,45
321,260,47,44
321,260,47,45
321,261,47,44
321,260,47,44
321,261,46,44
321,261,47,43
322,261,47,43
322,262,46,42
321,263,47,42
322,262,46,42
321,261,46,43
322,262,47,42
321,261,47,42
322,262,47,42
321,262,46,42
321,262,47,42
322,262,46,42
322,262,47,42
321,262,47,42
321,263,47,41
321,262,47,41
321,262,47,42
321,262,47,42
321,262,47,42
321,262,47,42
321,262,47,42
321,262,47,42
321,262,46,42
322,262,46,42
322,262,46,42
322,262,46,42
322,262,46,42
321,261,47,43
321,259,48,46
321,259,48,46
322,261,46,43
321,261,47,43
321,260,47,44
321,260,47,44
320,259,48,45
321,261,47,43
320,260,47,44
320,260,47,44
321,261,47,44
321,261,47,44
320,261,47,44
321,260,48,44
320,260,48,44
320,260,46,44
320,260,48,45
321,261,47,44
321,260,47,44
321,260,48,45
321,260,47,44
320,260,48,44
321,260,47,45
321,260,47,44
321,260,47,44
321,260,47,45
321,260,47,45
321,260,47,44
321,260,47,44
321,260,46,45
321,260,47,45
321,259,47,45
321,259,47,45
322,260,46,44
322,261,47,43
322,262,47,42
322,262,47,42
321,261,48,44
320,261,48,44
321,261,48,44
321,260,48,44
321,260,48,44
321,261,48,44
321,261,48,44
321,261,48,44
321,261,48,44
320,261,48,44
321,260,48,45
321,261,47,44
321,260,47,45
321,261,48,44
321,260,48,44
321,260,47,45
321,260,48,45
321,261,48,44
320,262,48,43
320,253,49,52
320,263,48,42
320,250,49,56
319,263,49,41
321,227,55,78
322,228,51,79
320,242,52,65
319,242,51,63
320,230,50,75
320,257,49,46
320,224,55,81
322,227,50,81
321,229,52,80
321,233,51,75
320,236,52,70
320,253,49,51
318,246,53,58
320,250,50,55
320,257,49,48
320,254,49,51
319,248,51,58
320,247,50,58
319,259,50,45
320,252,50,53
320,259,49,46
320,254,50,52
319,245,51,61
319,250,50,54
320,260,49,45
320,250,50,57
320,259,50,46
320,251,50,55
321,243,50,63
320,235,51,71
319,257,49,48
319,248,51,56
320,261,49,43
321,241,51,64
320,229,51,76
320,237,51,70
319,260,49,44
320,227,55,78
322,231,50,76
320,244,50,62
320,248,50,56
319,250,51,56
319,260,50,44
320,257,49,48
319,249,52,57
319,260,49,44
320,258,49,47
320,237,52,68
320,262,48,43
321,227,55,77
323,229,49,78
321,228,53,79
322,229,51,78
321,251,49,56
320,263,48,41
320,255,49,50
320,248,51,58
319,261,49,43
320,239,51,67
320,259,48,47
320,247,50,57
318,259,51,45
319,254,49,52
320,237,53,70
319,249,50,55
319,261,50,44
321,253,49,53
320,246,50,61
319,258,50,46
320,251,50,55
320,257,49,48
320,257,49,48
320,251,50,54
320,259,49,46
320,258,48,45
320,252,50,54
320,263,48,41
320,254,49,52
319,260,49,44
320,255,49,51
319,261,49,43
321,261,47,44
320,260,48,45
320,261,48,43
320,260,48,45
321,261,47,43
320,260,48,44
321,261,47,44
320,260,48,44
321,261,47,44
320,260,48,44
320,260,47,44
320,260,48,44
320,261,48,44
320,260,48,44
320,261,47,44
320,260,48,45
321,261,47,44
320,260,48,45
320,260,47,44
320,260,48,45
320,261,48,44
320,260,48,45
321,261,47,44
320,260,48,45
320,260,48,44
320,260,48,44
321,260,47,44
320,260,48,45
320,261,48,44
320,260,47,45
321,260,47,45
321,261,47,44
320,260,48,45
320,261,47,44
320,260,48,45
320,261,47,44
320,260,48,45
320,260,47,44
320,260,47,44
320,260,48,44
320,261,48,44
320,260,48,44
320,261,47,44
320,260,47,44
321,260,47,44
320,260,48,44
321,261,47,43
320,261,47,43
321,261,48,44
321,261,48,43
320,259,48,46
319,251,50,56
318,257,51,48
316,258,51,47
317,259,50,47
314,258,54,47
316,258,52,47
318,259,50,46
315,259,53,47
319,259,49,46
317,260,51,46
315,259,52,47
316,258,53,47
319,259,49,46
313,258,55,47
315,258,53,47
314,258,54,47
316,259,52,46
314,258,54,47
317,259,51,46
315,260,53,46
317,259,52,47
314,259,53,47
319,259,49,46
314,259,53,47
318,259,50,47
317,260,50,46
313,259,55,48
315,259,54,47
317,259,51,47
316,259,52,46
317,259,51,47
316,259,52,47
318,259,49,46
314,259,53,47
305,258,64,47
306,258,63,47
308,258,62,48
304,257,65,49
295,258,74,48
295,257,74,50
295,257,74,49
295,257,74,50
298,256,70,52
295,257,75,51
297,257,72,51
296,257,73,51
297,256,73,52
295,257,74,51
296,257,73,51
296,257,73,51
295,257,73,50
295,257,74,50
298,256,71,51
294,257,75,52
296,256,73,53
295,257,75,50
296,257,73,51
295,257,74,50
295,257,74,51
299,257,70,50
295,257,74,52
300,257,70,51
293,257,76,51
296,256,73,52
297,257,71,50
296,257,73,49
294,257,74,51
298,257,71,51
297,256,71,52
302,256,69,51
303,257,68,51
308,258,63,49
312,258,62,49
316,259,57,47
322,259,52,47
327,259,48,47
336,261,38,45
338,260,33,45
338,260,39,46
334,260,49,45
335,261,57,47
335,260,60,46
335,261,73,45
332,261,67,45
335,262,72,43
333,263,53,43
334,263,48,44
334,262,56,46
335,261,44,44
333,262,50,44
335,263,44,43
333,263,50,44
334,262,49,45
334,263,50,44
334,263,46,43
333,262,53,45
332,262,45,45
377,260,47,47
375,256,49,45
332,259,62,48
371,247,56,46
372,245,57,46
375,242,54,46
382,240,47,49
386,238,41,46
332,262,48,45
383,236,41,45
331,261,49,46
380,233,49,46
376,232,56,49
374,230,63,56
376,231,61,50
331,262,49,44
332,263,48,45
331,262,49,46
386,231,50,46
387,231,48,47
390,230,46,46
392,229,42,47
332,261,49,46
332,262,48,46
331,262,50,46
332,262,49,46
332,262,49,47
398,211,52,45
332,262,50,46
332,262,48,45
333,261,48,47
332,262,48,45
332,261,50,46
332,262,49,45
331,262,50,46
332,262,49,46
331,261,50,46
332,262,49,46
333,262,48,46
332,261,48,46
332,262,48,46
332,261,50,47
332,262,49,46
332,262,49,46
332,262,49,46
332,262,49,46
332,262,48,46
332,261,49,47
332,262,49,46
332,261,50,47
332,262,49,46
333,261,48,46
333,262,47,46
332,261,47,46
332,261,49,48
332,262,48,46
333,262,47,47
332,261,49,47
332,262,49,46
332,262,50,47
332,261,49,46
332,262,49,46
332,261,48,46
333,262,47,46
333,261,47,46
333,261,48,47
332,261,50,47
332,261,50,46
333,262,48,46
332,261,49,48
332,262,49,46
333,262,48,46
332,261,48,46
333,261,47,46
333,262,47,46
333,261,48,47
332,262,47,46
333,262,48,45
333,261,46,46
333,261,47,47
333,261,47,46
332,261,47,46
332,261,48,46
333,261,48,46
333,262,48,46
333,261,47,46
332,261,47,46
333,261,48,46
333,262,48,46
333,261,47,46
333,261,47,47
332,262,48,46
333,262,47,47
333,261,47,47
333,261,48,47
333,262,48,46
333,261,47,47
333,262,47,46
333,261,47,47
333,262,47,46
333,261,47,47
333,261,47,46
333,262,47,46
333,262,47,46
333,262,47,46
333,261,47,47
333,262,48,46
333,262,47,46
333,261,47,46
333,261,47,47
333,261,47,47
333,262,47,46
333,262,47,46
334,261,47,46
333,262,47,46
333,262,47,46
333,261,47,46
333,262,47,45
333,261,48,47
332,262,48,46
332,262,48,46
332,262,48,46
333,261,48,47
333,262,47,45
333,261,47,46
333,261,47,47
332,261,47,46
333,262,47,46
333,262,47,46
333,262,48,46
333,261,47,46
333,261,47,47
333,261,48,46
332,261,47,46
333,262,47,46
333,261,47,47
333,262,47,46
333,261,48,47
332,261,47,46
333,262,48,47
332,262,48,45
332,261,48,46
332,261,50,47
331,262,49,46
332,261,49,47
332,262,48,45
332,261,47,47
332,261,48,46
332,261,49,47
332,262,48,46
332,261,50,47
332,261,50,47
332,262,49,46
332,262,49,46
333,262,47,46
331,260,50,49
332,262,49,46
331,261,49,47
332,261,50,47
333,261,49,47
331,261,50,46
332,261,49,47
332,262,49,46
333,262,48,46
332,261,49,47
333,262,49,46
332,261,49,47
332,261,49,47
333,261,49,47
332,262,49,46
332,261,49,47
332,261,49,47
332,261,49,47
332,262,49,46
333,261,49,47
332,262,49,46
332,261,48,47
332,261,49,47
332,261,49,46
332,262,48,46
332,261,49,46
332,261,48,46
332,261,48,46
332,261,49,47
332,262,49,46
332,261,48,46
333,260,48,48
332,262,48,46
332,261,49,47
332,262,48,46
332,261,48,46
332,262,48,46
333,261,48,47
332,261,48,47
332,261,48,47
332,261,48,46
332,261,48,46
332,262,48,46
332,261,49,47
332,262,48,46
332,261,48,47
331,261,50,47
333,262,48,45
332,261,48,47
332,262,48,45
333,261,50,48
332,262,48,46
333,261,48,47
332,262,49,46
332,261,48,46
332,261,48,46
332,261,48,47
333,261,48,46
333,261,47,47
333,262,47,46
332,261,47,46
333,262,47,46
333,261,47,46
332,261,48,46
333,262,47,46
333,262,47,45
333,262,47,46
333,262,47,46
333,262,47,45
333,263,47,44
333,262,46,46
333,262,47,45
333,262,47,45
333,262,46,45
333,262,47,45
333,262,47,45
333,262,47,46
332,262,48,46
333,262,47,48
331,262,50,46
331,262,50,46
332,262,50,46
331,262,50,46
332,262,49,45
332,262,49,46
331,262,49,46
331,261,50,47
331,262,50,46
332,262,49,45
331,262,50,46
332,262,50,46
332,262,49,45
332,261,49,47
332,262,49,46
331,262,49,47
335,262,47,47
333,262,48,46
332,262,49,46
332,262,49,46
332,262,49,46
332,261,50,47
332,261,49,47
333,262,49,47
333,262,47,45
333,262,47,46
333,262,47,46
333,262,47,45
333,262,47,45
333,262,47,46
333,262,47,46
333,262,47,46
333,262,47,45
333,262,48,45
333,262,47,45
332,262,48,45
333,262,47,46
333,262,48,46
333,262,47,46
333,262,46,45
333,262,47,46
333,262,47,46
333,262,47,45
333,262,47,46
333,262,47,46
333,262,47,46
333,262,47,46
332,262,48,45
333,262,47,46
333,262,47,46
333,262,47,46
333,262,47,45
332,262,48,45
333,262,47,46
332,262,48,45
333,262,48,46
333,262,48,46
333,262,47,46
333,262,49,46
332,261,47,46
338,262,44,47
333,262,47,45
334,262,47,47
332,262,47,45
332,262,48,45
333,262,48,46
332,262,47,45
332,262,50,46
332,263,48,44
333,263,47,45
332,262,48,45
333,262,47,45
332,262,49,45
333,263,47,45
333,263,47,44
333,262,47,45
333,262,47,45
333,262,47,45
333,262,47,45
332,262,49,46
333,262,48,45
332,262,49,45
333,262,48,45
332,262,49,45
332,262,48,45
334,262,48,48
331,261,49,47
332,262,49,45
332,262,48,46
333,262,49,46
332,261,49,47
333,262,48,46
332,262,49,45
333,262,47,46
333,262,48,46
334,262,48,46
333,262,48,44
333,262,47,45
333,262,47,45
333,262,47,45
333,262,47,46
333,262,47,45
333,262,47,45
333,262,48,46
333,262,47,45
333,262,47,45
332,262,48,45
333,262,47,45
333,262,49,46
332,262,48,46
332,262,48,46
332,262,48,46
333,262,47,46
332,262,48,46
332,262,48,45
332,262,49,46
331,262,50,46
331,262,50,46
332,262,49,46
332,262,48,46
332,262,49,46
332,262,49,45
331,262,49,45
332,262,49,46
332,262,48,45
332,262,47,46
333,262,48,46
333,262,47,46
333,262,47,45
333,262,47,45
333,262,47,45
333,262,47,45
333,262,47,45
333,262,46,45
334,262,47,45
333,262,47,45
333,262,47,45
333,262,47,46
333,262,48,46
333,262,47,46
333,262,47,45
333,262,48,46
333,262,47,46
333,262,47,45
333,262,47,45
332,262,47,45
333,262,48,46
332,262,48,45
333,263,47,44
334,262,46,44
333,262,46,45
332,262,47,45
333,263,47,45
333,262,47,45
334,262,46,45
334,262,46,45
333,263,46,45
333,262,47,46
333,263,47,45
333,262,47,45
333,263,48,45
333,262,47,45
333,262,47,45
333,262,47,45
333,263,47,44
334,262,47,46
334,263,47,45
333,262,47,45
333,262,47,45
333,262,46,46
333,262,47,45
333,262,47,46
333,262,47,45
333,262,48,45
332,262,48,45
333,262,49,47
332,262,49,45
332,262,49,46
332,262,50,47
332,263,48,45
333,262,47,45
333,262,48,45
334,262,46,45
333,262,47,45
333,262,47,45
333,263,46,45
334,262,46,45
334,262,46,45
334,262,46,46
333,262,47,45
333,263,47,45
333,262,47,45
334,262,47,45
333,262,47,45
333,262,47,46
333,262,47,45
333,262,47,45
334,262,47,45
334,262,46,45
333,262,47,46
333,262,47,45
334,262,47,45
333,262,47,45
333,262,47,46
333,262,47,45
333,262,47,46
333,262,48,46
332,262,48,46
332,262,48,45
332,262,49,46
332,262,49,45
332,262,48,45
333,262,48,46
332,262,48,46
333,262,48,45
333,262,47,46
333,263,47,45
333,262,47,45
333,262,47,45
333,262,46,46
334,262,46,46
333,262,46,45
334,262,47,45
333,262,47,45
333,262,49,46
332,262,48,46
332,262,48,46
332,262,49,47
332,262,49,46
332,262,49,46
332,262,48,45
332,262,49,46
333,262,49,47
333,262,49,46
332,262,49,46
332,262,49,46
333,262,48,45
333,262,48,46
334,262,47,47
332,262,48,46
333,262,49,46
333,262,48,46
333,262,48,45
333,262,48,46
332,262,48,45
334,262,48,46
333,262,48,46
332,262,48,46
332,262,48,46
333,262,48,46
333,262,47,45
333,263,47,45
333,262,47,45
333,262,47,45
333,262,46,45
333,263,46,45
334,263,47,45
333,263,47,45
333,262,47,45
333,262,46,45
333,263,47,44
334,263,47,45
333,262,47,45
333,262,47,46
333,262,48,45
333,262,47,45
332,262,48,45
332,262,49,45
332,262,49,46
332,262,50,46
332,262,49,46
332,262,49,47
333,262,49,46
332,262,49,47
332,262,49,46
332,262,48,46
332,262,49,45
333,262,48,46
333,262,48,46
332,262,48,46
332,262,48,46
333,263,47,45
332,262,48,46
333,262,47,45
332,262,48,46
332,262,48,45
333,262,48,45
332,262,48,45
332,263,49,45
333,263,47,45
333,262,48,45
333,262,47,45
333,263,47,45
332,263,49,45
333,262,47,45
332,262,49,46
332,262,48,46
333,262,48,45
333,262,47,46
333,262,47,45
334,262,48,47
333,262,47,45
333,262,47,45
333,262,47,45
333,262,47,46
333,262,47,46
333,262,47,46
333,262,47,45
333,262,47,46
333,262,47,46
333,262,47,45
333,262,47,45
333,262,47,46
333,262,47,45
334,262,46,45
334,262,46,45
334,262,46,45
334,262,46,45
333,262,47,45
333,262,47,45
333,263,47,45
333,262,47,45
333,262,47,45
333,263,46,44
334,262,47,45
334,262,46,45
334,262,46,45
334,262,46,46
333,262,47,45
334,263,47,45
332,262,48,46
333,262,47,45
333,262,47,46
333,262,47,45
333,262,47,45
333,262,47,45
333,262,47,45
333,262,47,45
334,262,46,45
333,262,47,46
333,262,47,44
333,262,47,45
333,262,46,45
333,262,47,45
333,262,48,45
333,262,47,45
333,262,46,46
333,262,47,46
333,262,47,45
333,262,47,46
334,262,46,45
333,262,47,45
333,262,47,45
333,263,46,45
333,262,47,46
333,262,47,45
333,262,47,45
332,262,48,45
333,262,47,45
333,262,47,45
333,262,47,45
333,262,47,45
333,262,47,45
333,262,47,45
333,262,47,45
333,262,47,45
333,262,47,45
333,262,47,45
333,262,47,46
333,262,47,45
333,263,47,45
333,262,47,46
333,263,47,44
334,262,46,45
333,262,47,46
333,262,47,46
333,262,47,46
333,262,47,45
333,262,47,46
333,262,47,45
333,262,47,46
333,262,47,46
333,262,47,45
332,262,48,46
332,263,48,45
333,262,47,45
332,262,47,46
332,262,48,46
332,262,48,45
333,263,48,45
333,262,47,45
333,262,47,46
333,262,47,45
333,262,47,46
333,262,47,46
333,262,47,46
333,262,47,45
333,262,48,46
332,262,48,45
332,262,48,45
333,262,47,45
333,262,47,45
333,262,47,45
333,262,47,45
333,262,47,46
332,262,47,45
333,263,47,45
333,262,46,45
333,262,47,46
333,262,47,46
332,262,47,46
333,262,47,46
333,262,46,45
333,262,47,45
333,262,47,45
333,262,47,45
333,262,47,45
333,262,47,45
333,262,47,46
333,262,47,45
333,262,47,46
333,262,47,45
333,262,47,45
333,262,47,45
333,262,46,45
333,263,47,44
333,262,46,45
333,262,47,46
333,262,47,45
333,262,47,45
332,262,48,45
333,262,47,45
332,262,48,45
331,262,50,47
332,262,50,45
331,262,50,46
334,262,47,47
332,262,48,46
333,262,48,46
332,262,49,46
331,157,56,48
325,165,55,49
318,173,55,47
313,179,54,44
310,185,54,43
308,189,52,45
332,262,49,43
308,196,52,49
332,264,48,42
313,205,52,48
331,256,49,52
325,216,52,41
331,255,49,53
332,251,51,58
331,258,52,49
339,224,74,76
338,229,69,79
338,236,79,69
371,238,51,64
376,241,47,63
383,255,41,53
384,257,50,52
386,255,48,50
332,262,50,45
333,262,49,46
332,260,54,48
331,259,55,48
331,259,56,46
330,255,48,50
329,257,38,50
330,259,37,42
332,261,31,44
331,260,33,42
337,253,76,52
355,242,62,62
354,240,62,61
352,238,61,60
349,237,60,58
337,236,76,63
342,232,65,63
353,228,63,49
361,220,54,48
361,214,54,48
360,206,56,47
329,259,47,48
329,261,48,46
331,261,46,46
329,261,47,44
329,261,47,45
329,261,47,45
330,261,47,45
333,261,43,46
329,260,47,46
329,259,48,48
330,255,51,55
326,256,56,53
337,261,47,51
327,245,60,66
329,228,61,80
337,226,51,78
342,227,49,63
342,225,53,77
339,229,59,75
336,230,71,72
342,232,67,63
339,231,72,67
343,231,67,65
343,232,69,65
350,233,64,61
348,234,69,54
349,234,69,52
354,232,65,52
359,226,60,59
365,225,59,57
365,225,58,51
362,219,64,55
363,220,60,49
362,219,59,48
360,221,57,46
360,222,55,45
357,221,56,46
354,221,58,47
350,219,60,51
348,220,60,50
346,222,53,49
343,222,49,47
338,223,50,42
335,223,49,42
332,222,49,42
330,222,49,42
328,222,49,42
326,223,51,54
326,224,49,55
326,224,49,48
325,226,48,37
326,226,47,39
326,225,48,51
325,224,51,74
326,224,51,68
326,227,51,77
326,227,51,79
326,226,51,81
326,228,51,79
326,227,51,80
326,227,51,81
326,227,50,81
326,227,52,77
326,227,52,79
325,226,51,80
326,225,51,77
326,227,53,76
326,227,50,81
325,227,52,78
326,226,51,80
326,227,50,80
326,226,52,80
325,228,52,80
326,225,50,46
325,222,53,40
327,215,52,45
330,206,50,47
332,199,49,48
332,195,49,42
331,187,51,41
335,179,49,42
339,174,46,38
340,169,47,39
340,164,48,41
340,160,47,40
341,157,44,37
342,151,42,38
341,146,42,41
341,144,41,40
341,145,41,37
339,147,43,36
338,148,42,38
338,149,40,37
338,150,39,34
338,151,38,32
338,152,36,31
338,154,35,31
337,156,36,33
338,156,35,34
338,157,35,35
339,159,33,34
340,161,31,33
341,165,29,31
341,168,29,31
340,172,30,34
339,176,30,36
338,180,31,38
335,186,35,39
335,193,35,39
336,199,34,39
337,202,31,34
337,202,30,32
337,202,30,34
336,203,31,34
336,203,32,33
336,204,31,33
336,202,31,34
336,203,31,34
336,203,32,33
336,203,32,33
336,203,32,33
336,203,32,33
336,203,32,34
336,203,32,33
336,202,33,35
335,201,34,35
336,198,35,39
339,197,33,38
343,195,31,37
345,191,31,36
348,187,30,34
350,182,31,32
351,177,32,31
353,172,33,34
354,165,34,36
355,160,34,36
355,156,36,36
355,154,37,34
356,154,37,31
355,152,38,31
354,153,39,33
353,157,40,33
353,158,39,33
353,164,39,33
352,164,40,33
351,172,41,34
351,178,42,33
350,180,44,34
352,183,44,35
355,183,44,36
359,185,43,35
361,185,46,36
363,185,48,36
369,184,46,35
374,182,46,35
381,180,44,34
386,179,42,34
393,179,41,34
397,182,39,32
401,184,39,32
405,186,39,32
408,186,38,32
411,186,36,33
415,187,32,31
415,188,31,31
415,190,32,30
412,191,35,32
411,192,36,32
408,195,36,32
406,198,36,33
403,204,36,33
400,209,35,33
395,214,36,29
390,219,36,25
386,222,36,22
380,225,36,16
372,227,40,13
366,229,41,12
355,228,53,18
328,261,48,43
329,262,47,44
328,260,48,45
329,261,48,45
329,261,47,44
329,261,48,45
329,262,48,43
329,260,48,45
330,262,47,44
329,259,48,46
329,260,47,47
329,260,47,46
328,261,47,46
329,261,48,45
329,262,47,44
329,261,48,44
328,261,48,44
329,261,47,44
328,260,48,45
329,262,47,43
328,260,48,45
329,261,47,45
328,261,48,45
328,262,48,44
329,261,48,44
329,261,47,44
329,261,48,45
329,262,47,43
328,260,48,45
328,261,48,44
329,262,47,44
328,261,48,45
329,262,47,44
329,261,47,45
329,261,47,45
328,261,48,45
329,262,47,44
328,261,47,45
329,261,47,45
329,261,47,44
328,261,48,45
329,261,49,46
328,261,48,46
327,261,50,45
328,261,49,46
327,261,49,46
327,261,50,46
328,261,49,45
328,261,49,45
328,260,49,47
328,261,48,45
329,261,47,45
330,261,46,45
328,261,47,45
329,261,47,44
329,261,48,44
329,261,48,44
329,261,47,44
329,261,47,44
329,261,47,45
329,261,47,44
329,261,47,44
328,261,47,45
329,261,48,44
328,261,47,44
329,261,48,45
329,261,47,45
329,261,47,45
329,261,47,44
329,261,47,45
329,261,48,44
329,261,47,45
329,261,47,44
328,261,48,45
328,261,48,44
329,261,47,44
328,261,48,44
328,261,48,45
328,261,48,44
329,261,47,45
328,261,47,45
329,261,47,45
329,262,47,44
329,261,48,44
329,262,47,44
329,261,48,45
329,262,47,44
329,261,48,45
329,262,47,44
329,261,47,45
329,261,48,45
329,261,47,44
328,261,48,45
329,262,48,44
329,261,47,44
329,261,47,45
328,261,49,46
327,261,50,46
327,261,49,45
327,260,50,46
328,262,48,44
327,261,50,46
327,261,49,46
326,261,51,46
327,261,49,45
328,261,48,45
329,262,47,44
329,261,47,45
329,262,47,44
329,261,47,45
328,261,48,45
328,261,48,44
329,261,47,44
328,261,48,45
328,261,48,45
328,262,48,44
328,261,48,44
328,262,49,44
327,260,50,45
327,261,50,45
327,261,50,45
327,261,50,44
327,261,49,46
327,261,50,45
327,261,50,45
328,261,48,45
328,262,48,44
328,262,48,44
328,260,49,45
328,261,49,45
327,261,49,46
327,261,50,45
327,260,49,48
327,261,50,46
327,261,51,46
327,261,50,46
327,261,50,46
328,261,49,45
328,261,49,46
329,261,49,45
329,260,48,47
328,261,50,45
327,261,49,46
327,261,50,46
326,261,51,45
328,261,49,46
328,261,49,46
328,261,48,46
327,261,50,45
328,261,49,45
328,261,48,46
328,261,49,45
328,261,48,45
328,260,49,46
328,261,50,46
328,261,49,45
327,260,51,46
327,261,49,44
328,261,49,46
328,261,49,46
327,261,50,45
327,261,51,45
327,261,48,45
327,261,50,44
328,261,47,44
328,261,50,44
328,261,48,46
327,261,51,45
327,261,49,45
328,261,48,45
327,261,49,46
327,260,49,46
326,260,57,47
326,258,46,49
325,261,62,44
327,259,64,46
327,259,60,46
328,260,63,44
327,260,63,45
327,260,64,44
327,260,65,45
325,258,79,47
328,259,72,47
329,260,72,44
331,259,75,45
323,260,74,43
334,261,64,43
336,259,72,46
325,260,76,44
327,260,75,45
343,261,64,43
327,260,65,45
322,256,78,49
330,257,77,49
362,259,43,45
327,261,61,44
328,262,61,44
327,261,64,44
327,259,75,45
328,259,75,45
334,260,74,44
324,259,72,45
329,258,73,48
340,258,66,46
326,259,72,45
328,262,50,42
326,259,77,46
328,259,70,47
327,262,43,41
333,259,81,45
326,260,63,48
324,257,61,47
326,259,56,46
328,259,77,46
340,259,66,45
327,259,60,44
327,261,62,44
327,261,64,44
327,260,61,45
327,260,58,44
327,259,66,45
325,260,71,43
328,259,73,46
348,261,57,42
325,260,76,46
329,260,77,43
342,259,67,43
326,258,80,47
343,257,63,47
324,258,79,47
329,258,72,48
341,258,64,45
326,260,70,45
368,260,41,42
324,260,74,45
328,260,68,44
327,259,69,45
331,256,67,48
327,260,80,44
339,259,67,45
333,256,80,47
352,255,57,49
345,257,61,47
326,260,60,46
327,260,65,45
326,259,73,45
327,260,77,44
342,261,67,43
325,260,68,45
361,252,50,51
326,260,71,45
325,254,76,50
332,257,75,50
364,260,40,42
339,258,76,45
329,259,67,46
323,253,79,51
327,259,69,48
326,259,70,46
373,258,39,44
375,255,40,46
376,253,43,48
377,251,49,50
385,249,48,52
392,250,48,50
400,253,46,47
327,261,50,44
328,261,48,45
428,252,45,42
437,248,49,47
445,245,50,46
455,242,48,45
464,239,45,43
470,234,46,43
476,232,47,42
481,230,45,41
486,226,45,42
487,221,48,44
488,217,48,46
489,213,45,44
485,209,46,42
482,203,48,44
479,199,47,44
475,197,47,42
468,194,50,44
461,191,53,47
453,188,54,48
447,187,52,45
441,187,51,43
435,185,49,42
428,182,50,43
421,179,52,45
415,175,52,47
410,172,52,47
406,171,52,46
403,168,51,45
401,165,50,44
399,161,52,45
397,160,52,45
396,159,53,46
396,157,53,47
397,156,54,47
400,155,53,48
403,155,52,47
407,157,52,45
411,159,53,44
416,160,53,45
420,159,56,47
426,159,58,48
432,161,59,48
439,165,58,46
449,168,57,43
457,171,57,43
466,172,58,44
472,171,60,46
480,170,61,47
488,171,58,46
493,171,59,45
499,170,57,44
504,167,56,46
508,166,58,46
512,166,58,45
513,166,59,47
514,167,59,47
514,167,60,48
513,168,61,48
513,168,61,49
513,171,59,48
512,174,58,48
509,179,57,46
506,181,58,45
501,181,62,47
497,182,62,50
494,185,61,49
489,190,60,48
487,196,55,45
484,202,54,43
479,206,55,43
474,209,56,45
469,212,57,48
465,216,55,48
461,220,54,47
457,224,52,44
453,225,53,42
448,225,53,42
444,224,53,43
439,221,53,45
435,218,52,45
431,215,51,44
425,213,51,42
420,211,51,40
416,208,49,39
411,204,48,41
404,202,50,42
397,200,52,43
390,200,52,43
383,201,52,43
378,203,50,43
372,203,49,44
363,200,54,45
358,197,55,46
352,192,56,48
349,186,56,49
350,181,55,50
350,175,57,52
352,167,58,52
355,160,59,53
358,155,62,55
363,152,62,56
370,151,63,55
378,151,64,55
387,151,65,55
398,153,63,54
409,153,62,53
421,154,61,52
432,156,60,50
442,157,59,50
452,158,57,48
460,159,54,46
467,159,51,42
471,158,49,41
475,157,45,39
476,156,43,38
475,154,43,38
472,151,43,40
468,150,42,41
462,150,44,40
456,150,43,39
448,150,42,38
439,150,43,40
430,149,44,42
420,150,44,42
412,152,43,40
403,153,44,40
395,154,44,39
386,154,45,42
379,153,45,43
375,152,44,45
369,149,48,48
367,146,49,51
368,142,50,52
371,139,51,53
376,134,53,55
383,130,56,56
393,126,58,59
406,121,58,60
421,117,59,62
438,116,59,62
448,116,65,62
463,117,66,61
478,119,66,60
493,120,64,58
504,123,64,57
515,127,62,55
522,132,60,53
526,136,58,50
527,141,57,48
527,147,55,45
524,153,53,42
518,158,53,40
511,163,55,39
504,167,52,37
494,170,51,35
483,172,50,33
471,174,49,32
460,177,48,31
449,178,47,31
439,179,47,32
428,180,47,34
419,183,45,34
411,186,43,33
411,186,42,33
375,148,52,45
356,144,52,46
340,141,51,44
327,139,49,41
312,136,52,41
305,133,48,43
298,131,47,43
295,127,44,44
294,125,43,45
293,123,43,44
295,121,43,42
300,122,42,39
306,122,40,38
312,124,41,38
320,128,42,36
333,131,40,35
342,135,41,35
355,141,40,33
368,145,40,32
383,148,39,31
399,150,38,30
414,150,40,30
430,148,40,34
444,146,41,35
459,143,43,36
473,139,44,38
484,134,48,42
494,129,50,47
502,125,51,50
508,122,51,53
513,121,52,53
515,120,52,54
512,121,55,55
507,122,57,56
498,125,59,56
487,126,58,56
475,129,57,54
458,130,58,53
442,131,56,52
426,132,55,51
410,133,52,50
395,133,51,49
382,133,47,49
370,133,43,46
359,133,42,44
349,133,42,42
342,133,40,40
334,133,40,39
328,133,40,38
327,133,37,38
326,135,35,37
325,136,34,36
326,138,34,34
326,141,35,32
328,143,36,31
332,145,36,30
338,146,36,30
344,146,37,29
351,147,38,29
359,147,39,29
368,148,40,30
378,148,40,30
388,150,42,30
400,150,45,31
411,149,47,33
422,147,49,36
434,145,52,39
446,142,54,40
457,138,54,42
469,135,55,44
479,133,56,47
485,132,60,49
492,131,61,51
497,134,61,53
501,137,62,58
504,143,60,57
503,149,59,62
499,160,59,64
492,174,63,64
483,187,65,66
473,199,66,66
464,214,62,60
452,231,59,52
441,241,56,50
430,249,53,48
420,257,50,45
411,262,47,44
402,263,46,45
395,264,45,45
390,265,44,45
387,266,42,45
384,266,41,45
383,266,40,44
383,266,41,44
