167,228,56,52
165,226,51,52
164,226,52,51
162,226,53,50
160,227,51,49
159,224,51,48
159,222,50,48
159,221,48,45
157,219,48,46
153,215,49,49
153,216,49,46
152,213,50,48
151,212,50,47
151,212,51,43
151,211,48,43
149,212,49,45
148,213,49,46
147,212,50,45
147,212,50,47
148,215,49,45
147,215,50,46
147,220,49,47
145,225,49,49
145,232,50,47
147,234,49,50
148,232,50,48
150,228,50,49
156,226,47,50
158,224,49,52
160,223,51,55
167,227,46,55
170,225,47,53
177,219,48,56
189,216,42,58
193,214,43,58
198,214,42,57
203,211,44,58
208,207,45,56
216,207,48,53
223,207,46,56
230,211,45,60
236,208,48,62
242,206,47,55
247,202,48,54
252,200,52,56
257,202,52,57
263,204,54,56
267,208,52,56
271,215,49,51
276,219,48,55
280,224,50,55
282,230,49,52
284,235,48,53
284,242,49,52
286,246,47,52
286,256,47,51
285,263,47,51
284,265,48,52
282,265,47,51
280,263,48,51
277,262,47,50
274,261,46,51
271,264,44,47
267,263,42,47
263,263,42,46
258,261,45,46
254,260,41,43
247,258,46,45
244,255,42,45
238,253,43,43
233,250,43,46
229,249,39,44
225,248,39,45
220,246,43,48
217,244,43,48
215,244,42,46
210,244,46,46
209,241,46,48
209,239,46,47
209,236,45,48
210,235,46,48
210,233,47,49
213,233,47,48
216,232,46,50
220,231,45,50
226,231,45,49
231,231,47,46
238,228,46,48
246,226,45,49
254,225,46,48
263,224,46,49
272,224,45,48
280,223,48,51
291,223,46,48
300,223,44,48
308,223,47,48
317,222,48,50
328,219,46,51
335,218,48,51
343,213,47,52
350,209,47,51
354,204,50,53
358,204,51,53
363,204,52,54
368,201,52,53
371,200,52,53
370,195,55,53
368,191,56,53
367,188,56,53
365,190,56,53
362,192,55,56
356,194,57,57
352,198,56,58
347,202,58,58
340,205,57,61
332,211,53,58
322,210,57,61
315,211,53,58
305,210,46,57
294,213,46,56
283,212,48,58
273,210,48,59
262,205,49,62
252,200,50,57
245,194,50,58
235,189,53,58
228,185,53,60
219,185,56,60
210,187,57,62
206,196,57,61
200,206,55,59
194,215,56,56
190,219,53,57
185,221,53,58
180,223,53,54
176,221,54,55
176,221,53,52
173,218,52,53
176,214,50,54
174,212,51,52
174,209,48,49
175,205,49,53
176,199,48,49
177,192,48,47
176,184,47,49
178,177,45,50
181,172,42,48
185,168,45,46
188,166,44,47
189,165,44,46
191,163,43,47
192,163,44,46
194,165,46,47
196,166,48,48
199,166,49,49
202,164,50,50
204,165,49,49
209,164,48,54
213,167,49,54
214,173,52,52
217,180,53,56
218,188,57,57
226,195,53,55
229,199,55,54
234,199,53,56
236,200,55,55
243,200,53,56
245,203,55,56
252,202,53,54
258,201,55,54
263,199,53,55
265,199,54,51
268,199,52,50
268,198,47,52
268,198,47,52
268,198,47,52
268,198,47,52
268,198,47,52
268,198,47,52
268,198,47,52
268,198,47,52
268,198,47,52
268,198,47,52
268,198,47,52
268,198,47,52
268,198,47,52
161,224,47,66
171,214,56,69
185,209,61,68
207,206,58,73
225,209,58,69
242,213,59,65
257,217,59,66
277,217,55,63
293,217,54,60
305,215,56,58
314,212,56,59
323,207,56,57
326,203,56,55
334,199,56,51
339,196,55,51
343,191,51,54
343,191,51,52
344,190,47,51
346,189,46,49
343,191,46,47
341,193,46,48
340,195,45,46
336,195,48,47
332,196,49,46
329,197,49,49
327,198,45,49
323,200,47,47
317,198,47,49
312,201,49,49
305,203,50,50
300,205,50,50
293,208,52,54
285,212,54,53
276,214,57,60
271,217,58,61
263,220,58,62
254,218,60,60
246,212,61,63
238,202,62,68
230,196,63,65
220,190,64,66
210,182,65,68
204,171,64,72
198,163,62,72
188,154,64,73
182,152,59,67
171,147,62,66
165,146,61,65
163,147,64,62
156,148,66,63
153,144,69,65
148,144,68,72
143,156,69,69
139,164,73,68
138,172,69,66
136,180,73,62
135,186,71,60
140,190,69,64
144,191,67,66
147,190,62,67
152,190,63,60
158,185,60,58
164,171,61,60
174,164,55,58
181,156,51,60
187,149,48,57
192,146,48,55
196,146,49,53
199,144,48,53
204,143,46,49
209,140,46,50
212,141,47,47
215,140,47,47
217,141,44,46
219,139,45,48
217,140,47,46
217,140,48,46
216,141,48,46
214,140,49,45
211,140,47,46
206,139,47,47
203,135,47,49
199,133,48,50
193,131,50,51
189,129,53,52
185,127,50,54
180,124,51,54
170,121,57,57
166,120,57,56
164,116,58,57
160,115,59,56
157,110,60,58
157,106,61,60
161,102,57,61
162,100,61,57
170,97,57,61
173,98,57,60
183,97,53,59
191,98,52,61
202,96,49,61
214,95,44,62
223,96,46,58
233,98,45,55
242,97,44,55
251,98,43,52
260,97,42,52
266,97,44,49
274,96,44,49
280,96,43,48
282,93,47,49
286,96,44,46
286,92,46,45
285,94,46,44
287,95,46,39
284,95,44,44
280,98,46,45
278,99,45,46
272,103,46,45
264,105,48,46
257,110,45,45
249,113,46,47
239,116,43,46
225,118,45,48
211,117,48,49
196,115,51,52
182,116,55,52
166,116,57,51
153,118,57,53
136,121,61,52
124,124,60,52
115,125,57,54
108,127,61,52
103,130,62,51
101,129,64,53
104,130,62,50
108,127,62,49
115,129,59,49
127,127,57,50
138,127,60,47
159,125,50,50
175,124,47,49
190,123,42,49
199,121,48,50
214,122,45,47
226,121,45,47
241,121,43,47
252,122,43,45
264,122,40,45
273,124,40,44
281,125,39,44
289,126,38,42
294,125,37,43
297,128,37,43
300,129,37,43
301,133,35,44
300,134,34,45
298,138,33,44
291,142,34,45
283,145,35,46
270,148,41,48
261,154,37,47
245,159,40,49
231,163,39,47
213,166,43,50
194,169,46,49
175,170,49,49
153,173,48,47
137,175,43,45
118,170,44,49
100,170,50,47
98,168,51,48
87,167,50,50
84,167,52,51
73,168,50,47
63,166,51,47
56,164,48,49
49,165,53,48
47,165,53,50
44,169,56,46
45,172,56,43
47,172,57,49
51,174,56,48
57,176,57,48
65,179,55,47
74,180,52,47
82,179,53,49
92,181,51,47
101,182,50,47
111,183,48,46
119,183,50,45
129,182,48,46
136,182,49,45
144,182,51,46
154,184,47,47
158,184,47,49
166,183,43,49
170,184,44,49
174,186,42,50
177,186,40,52
178,186,40,54
178,186,45,53
174,187,45,54
170,190,44,51
165,190,47,52
161,192,48,51
155,194,51,51
148,195,52,53
141,195,52,56
132,198,50,54
126,198,51,54
119,202,53,53
114,203,50,53
108,207,50,52
100,211,49,48
98,210,47,51
96,211,48,52
91,212,49,52
84,214,54,49
79,215,57,49
74,217,65,48
77,218,68,51
78,218,72,52
78,220,77,52
79,223,82,49
74,226,84,48
101,222,77,45
120,220,62,45
137,220,48,47
143,219,46,46
149,219,45,45
153,219,46,45
158,219,45,46
163,216,41,45
165,214,43,43
168,212,39,46
169,211,39,47
169,211,38,44
169,209,37,45
167,208,38,44
163,205,40,45
159,205,42,47
154,203,44,45
149,205,45,43
143,203,48,46
136,203,47,46
134,202,44,47
127,201,47,47
121,200,47,47
115,200,49,46
105,200,53,45
92,199,60,46
76,198,71,47
73,196,70,50
72,194,69,51
70,195,69,49
66,193,71,51
61,194,74,52
57,195,77,50
72,197,61,45
79,193,54,48
87,194,46,47
90,193,46,48
88,193,49,50
89,193,50,48
90,192,52,52
93,193,53,51
92,194,52,52
96,194,53,55
97,197,57,56
100,200,56,57
102,207,58,56
106,211,61,52
112,215,56,50
120,216,54,49
126,214,48,52
135,213,48,50
142,212,49,51
149,213,47,45
160,211,42,48
164,211,41,48
169,211,39,47
172,211,41,45
174,210,41,46
180,207,41,46
183,209,40,42
186,206,37,44
186,203,38,44
185,201,37,42
184,200,40,41
178,198,42,42
173,196,45,40
172,196,46,41
167,195,45,42
167,196,45,40
162,194,45,41
162,195,47,40
155,196,46,40
147,194,47,42
136,193,45,46
127,196,45,46
116,197,45,47
105,197,43,51
91,196,44,52
79,195,46,53
64,193,47,57
52,190,48,59
36,188,54,55
23,183,59,58
13,180,61,53
13,180,61,53
0,168,67,56
0,164,68,53
0,156,70,57
0,154,71,57
3,154,72,58
8,155,71,57
25,156,61,59
39,161,56,60
47,168,57,63
62,178,53,59
70,187,54,56
82,188,57,61
94,193,59,56
112,194,50,55
123,195,51,55
138,191,48,54
148,187,53,50
160,184,49,50
165,181,49,48
172,177,47,48
180,172,46,48
183,168,47,45
184,162,47,46
186,161,48,43
185,156,48,45
186,150,44,43
182,143,45,44
180,137,44,46
176,133,43,45
169,128,42,48
162,125,42,46
154,119,45,46
142,110,50,50
132,105,51,49
123,93,52,54
121,80,48,54
107,70,54,51
100,62,54,50
89,51,59,55
83,48,59,56
75,49,59,57
68,50,63,56
67,55,61,54
68,57,59,50
72,62,58,49
81,65,50,51
85,66,52,53
91,69,53,52
101,70,51,52
114,77,50,46
124,78,48,48
134,79,57,50
152,82,51,50
164,80,47,51
177,80,43,52
187,78,45,52
193,76,47,49
197,75,49,50
204,69,49,47
207,71,47,47
210,68,49,47
215,65,44,48
214,65,44,48
212,62,43,49
209,64,39,46
204,64,38,46
194,64,41,48
183,63,46,51
170,60,49,53
154,58,50,51
137,53,50,51
109,46,58,54
89,32,60,61
68,21,69,64
56,8,62,65
40,9,57,52
23,7,58,44
1,2,54,38
1,2,54,38
1,2,54,38
1,2,54,38
1,2,54,38
1,2,54,38
1,2,54,38
1,2,54,38
-27,37,50,41
-28,60,46,41
-10,80,41,42
0,95,40,49
0,95,40,49
17,156,47,62
36,177,55,53
56,200,57,53
73,217,60,61
90,230,65,68
109,244,66,66
130,258,58,56
155,269,52,48
173,280,48,40
187,285,40,46
195,296,43,49
207,311,42,48
208,326,50,40
208,326,50,40
208,326,50,40
208,326,50,40
208,326,50,40
208,326,50,40
208,326,50,40
208,326,50,40
208,326,50,40
208,326,50,40
208,326,50,40
208,326,50,40
208,326,50,40
208,326,50,40
208,326,50,40
208,326,50,40
208,326,50,40
208,326,50,40
208,326,50,40
208,326,50,40
208,326,50,40
208,326,50,40
208,326,50,40
208,326,50,40
208,326,50,40
208,326,50,40
208,326,50,40
208,326,50,40
208,326,50,40
208,326,50,40
208,326,50,40
208,326,50,40
208,326,50,40
208,326,50,40
208,326,50,40
208,326,50,40
208,326,50,40
208,326,50,40
208,326,50,40
208,326,50,40
208,326,50,40
208,326,50,40
208,326,50,40
208,326,50,40
208,326,50,40
198,320,52,38
196,300,50,52
192,273,51,62
188,252,55,61
188,229,53,63
189,212,51,52
187,199,52,55
189,186,51,55
190,176,53,56
192,170,50,56
194,163,52,58
194,155,53,57
197,151,54,57
199,149,55,56
202,146,52,57
205,146,53,60
209,149,51,54
209,149,53,57
209,151,55,61
210,153,54,64
212,157,54,63
212,162,54,67
210,169,56,65
207,175,59,65
206,181,58,69
203,188,59,69
197,198,59,69
194,209,62,73
191,221,60,73
182,235,65,74
174,245,65,71
167,257,68,69
158,267,71,67
153,277,69,67
143,284,72,71
138,294,67,65
134,303,68,57
129,313,66,48
134,322,59,36
137,326,52,33
140,328,47,31
138,333,48,26
140,334,44,25
140,335,47,24
142,334,45,25
144,333,45,24
145,333,47,25
147,330,46,28
154,330,43,27
161,328,42,29
163,326,45,30
169,324,42,34
172,321,45,36
175,321,48,36
179,320,48,39
184,318,47,42
190,315,45,45
194,312,44,47
197,309,46,48
201,307,46,49
204,303,47,52
210,302,42,54
214,300,40,55
214,298,42,58
217,297,42,56
216,295,42,58
216,293,40,57
215,291,44,57
213,289,42,60
209,289,46,60
205,288,49,61
200,287,50,63
196,289,51,64
194,292,46,64
189,294,46,64
182,298,45,60
175,303,49,56
167,304,51,54
165,305,48,53
161,308,50,50
157,306,51,51
151,308,51,50
145,307,48,51
141,307,49,50
139,306,46,53
137,304,47,53
135,303,47,53
136,300,46,54
137,299,47,49
140,295,44,49
144,291,42,50
149,288,39,48
154,285,38,46
159,282,40,45
166,278,39,44
173,274,37,44
181,271,36,44
188,267,35,45
194,263,35,44
195,262,39,42
200,259,39,42
207,257,38,42
210,256,38,41
214,255,39,41
218,255,42,42
221,258,40,42
221,260,44,44
221,262,43,46
221,264,46,51
219,272,45,51
215,277,49,54
210,285,48,56
203,290,50,62
196,299,54,59
194,304,48,56
179,311,53,49
167,316,51,46
153,320,44,39
135,321,50,37
112,317,58,40
96,312,62,45
80,309,67,49
64,305,64,50
40,302,68,55
21,299,74,56
6,299,79,59
6,299,79,59
6,299,79,59
6,299,79,59
6,299,79,59
6,299,79,59
6,299,79,59
21,317,67,44
36,324,57,36
60,328,47,28
78,328,39,29
90,326,44,30
104,324,51,34
116,321,57,36
125,315,58,42
155,308,46,46
166,304,46,46
191,291,38,56
200,287,39,50
209,281,45,47
221,273,45,47
234,269,42,44
241,265,40,42
251,261,38,42
257,259,38,42
261,257,37,42
265,256,38,42
266,256,39,43
268,260,41,42
270,260,38,45
268,268,37,43
266,273,38,45
262,278,41,47
255,286,46,48
247,293,51,51
238,298,52,53
227,301,54,55
213,307,53,52
200,308,55,52
194,310,46,51
172,316,54,44
160,313,52,46
142,310,49,47
132,305,47,51
116,299,51,55
105,294,55,62
97,292,60,61
95,287,57,64
93,282,56,60
95,280,53,55
98,274,59,52
107,270,52,49
118,261,48,52
127,257,47,49
140,249,42,48
152,245,37,44
163,238,39,44
174,229,38,44
186,220,35,43
196,213,36,42
207,204,34,41
217,196,33,40
226,188,33,40
234,182,34,40
242,172,34,41
249,165,36,41
256,157,34,43
263,149,36,43
267,144,37,43
273,138,37,45
276,133,38,47
280,130,36,47
282,130,41,48
285,132,40,50
286,135,40,52
286,137,41,49
285,140,41,52
286,140,42,52
281,146,43,53
275,151,45,51
267,155,45,51
254,152,44,54
235,152,50,53
217,153,53,53
201,154,50,56
183,158,48,55
155,166,58,51
131,177,58,49
110,187,58,55
90,191,62,57
74,195,64,57
62,195,64,57
54,195,64,55
47,195,63,56
45,193,63,52
42,192,64,54
44,190,62,54
44,193,61,52
46,198,60,52
49,203,58,51
54,211,55,54
54,222,57,52
59,230,55,53
58,239,61,57
65,248,57,54
67,257,60,53
77,266,58,56
83,276,61,54
94,284,58,55
105,289,56,55
118,294,52,52
129,295,48,55
139,295,47,55
152,299,44,53
164,300,42,53
171,304,45,49
180,305,43,52
188,307,42,51
195,309,41,48
198,311,43,45
201,310,46,45
207,308,46,48
208,305,49,49
215,301,47,50
221,295,49,51
223,293,51,50
234,290,47,52
243,288,49,53
251,289,50,55
261,290,48,60
271,296,48,60
283,302,49,57
292,309,52,50
302,310,50,49
306,311,52,48
311,311,52,47
314,307,52,51
316,306,50,50
313,305,50,52
310,305,53,51
307,305,52,52
301,305,53,52
295,305,52,54
286,302,52,56
274,300,53,56
263,297,53,59
253,295,57,60
241,291,57,63
233,288,58,65
223,284,55,63
212,279,56,64
206,274,55,66
198,272,55,67
193,271,52,63
188,268,49,60
178,265,53,59
171,262,53,58
164,261,53,56
159,259,53,56
154,257,54,55
151,254,55,55
146,253,54,55
142,251,55,54
140,252,55,54
138,250,53,56
137,251,53,54
138,251,51,54
137,251,54,57
138,251,52,56
139,249,51,57
142,250,47,54
144,249,48,54
145,247,49,55
148,245,49,57
150,242,49,56
152,242,48,55
155,240,46,52
155,238,47,53
157,237,46,53
158,236,45,54
157,235,45,54
157,234,45,52
157,234,43,53
154,236,44,50
153,235,41,48
149,234,41,51
144,234,42,51
143,233,41,50
140,231,40,46
135,229,40,48
131,227,40,49
127,229,42,45
123,226,42,46
120,224,42,47
117,223,40,47
115,222,40,48
113,224,42,43
110,222,45,45
109,220,42,46
108,220,41,45
110,219,41,46
107,219,43,45
105,217,43,47
104,218,44,45
104,217,42,44
105,216,40,46
105,216,42,46
108,215,39,47
108,214,41,49
110,215,40,47
111,214,41,47
114,214,40,48
116,213,42,51
120,213,39,50
124,214,39,48
124,214,41,48
127,216,40,49
129,213,39,50
132,214,41,51
135,214,41,48
135,213,40,51
137,213,40,50
135,215,41,50
137,214,43,51
139,215,42,49
137,215,41,50
135,215,45,50
136,216,41,51
136,215,42,49
132,215,43,52
132,215,40,49
129,215,41,47
129,215,38,47
125,215,39,49
123,215,38,47
120,216,40,46
120,216,39,46
117,215,41,46
116,216,40,45
113,216,39,46
112,217,40,46
112,217,38,45
113,216,39,46
113,218,41,46
113,217,40,47
117,217,38,48
116,217,40,46
118,216,41,48
119,217,41,44
122,215,38,46
126,214,38,46
128,210,39,49
130,209,41,50
132,207,42,49
133,205,43,52
133,204,43,49
137,199,44,52
138,197,45,51
141,193,46,51
145,191,44,49
146,186,49,50
149,182,51,50
151,180,51,50
158,173,49,53
161,170,51,51
166,166,52,50
172,158,51,54
178,152,50,53
186,148,48,53
190,144,51,56
197,142,54,54
203,135,55,57
209,135,56,57
221,135,50,58
230,135,53,59
238,136,51,57
247,135,53,58
256,135,52,58
263,137,51,57
272,135,47,60
277,136,50,61
284,140,47,58
286,139,49,59
289,144,48,59
290,147,48,62
290,153,48,59
288,158,47,60
284,158,49,61
280,166,49,57
275,168,48,57
268,169,50,57
260,169,52,58
252,173,52,59
242,173,55,55
237,173,53,54
229,170,52,58
221,168,54,56
212,168,58,56
207,167,55,56
201,169,53,56
198,165,52,56
193,165,52,54
193,163,52,55
190,165,54,55
192,164,54,56
194,164,52,56
199,166,52,57
205,167,52,57
213,167,54,59
220,169,52,62
229,173,56,60
243,176,53,57
255,177,54,59
264,178,57,59
277,178,55,61
290,178,55,61
301,178,57,63
315,179,55,62
330,180,52,61
331,178,56,63
345,178,53,62
345,178,56,61
354,175,56,64
362,175,57,61
365,176,56,62
371,176,56,62
374,176,58,65
376,176,60,62
378,179,59,60
377,179,57,64
375,182,58,62
371,184,58,61
369,186,56,62
363,188,60,61
359,193,55,58
353,192,53,56
343,194,56,55
331,194,59,55
326,196,53,53
321,195,51,54
314,194,53,54
307,194,53,53
304,192,54,55
301,194,51,51
299,192,50,55
296,191,54,57
294,190,55,58
294,192,54,53
291,190,57,56
292,192,54,56
293,189,57,57
298,190,53,59
299,191,54,60
307,193,55,58
309,194,58,61
317,196,57,61
322,199,59,60
329,199,61,61
337,199,61,61
343,199,59,60
351,198,60,62
355,199,59,60
360,203,59,60
366,210,62,58
372,218,62,57
377,218,61,60
380,214,61,59
383,213,60,58
386,213,59,57
389,212,59,58
391,210,57,59
391,209,59,60
390,208,63,58
389,203,60,59
388,200,62,60
386,196,67,61
384,197,64,61
384,200,63,64
383,205,64,64
381,212,67,64
379,220,68,65
379,223,64,68
377,226,66,72
375,227,64,75
369,231,68,75
367,240,69,75
366,247,68,77
361,245,63,81
357,243,61,79
351,241,61,79
347,245,62,81
341,257,66,85
335,278,67,79
329,283,65,74
324,283,61,73
321,279,58,71
318,274,55,71
314,272,54,68
312,266,54,66
308,261,54,64
307,256,51,59
304,253,51,54
304,250,51,58
302,250,51,57
302,250,50,59
300,251,49,58
298,254,53,55
296,256,52,51
295,255,52,53
293,250,52,54
290,243,51,56
288,237,50,55
282,234,52,55
278,233,50,51
273,233,55,52
270,237,53,49
265,243,51,50
260,250,51,51
255,254,54,53
253,257,49,53
249,257,49,55
246,256,49,56
245,255,49,55
247,251,45,54
248,247,46,53
249,242,47,55
252,237,49,56
257,233,51,55
264,231,48,55
270,226,50,54
277,224,49,56
287,221,48,56
295,226,47,53
300,228,52,59
305,235,54,55
308,240,58,55
314,250,59,57
321,258,57,57
325,265,55,55
325,268,57,55
322,268,57,55
321,268,57,53
315,265,58,53
315,263,56,51
307,255,58,52
295,244,61,57
290,240,57,52
274,232,57,52
257,223,57,56
241,214,55,56
225,206,56,56
216,197,51,59
200,193,52,58
182,190,57,53
165,187,58,53
147,181,60,56
139,175,61,54
130,170,59,52
124,163,60,51
122,153,61,54
120,149,61,53
122,143,58,56
124,140,62,54
135,139,55,52
141,136,61,53
149,136,59,53
163,136,58,53
178,137,53,53
191,140,55,53
209,143,49,54
218,149,54,53
234,152,48,51
250,156,50,51
263,157,48,52
273,158,51,53
287,162,46,52
295,164,46,55
302,169,46,55
307,177,46,54
311,188,45,52
314,200,45,54
312,212,47,55
308,226,50,65
302,238,56,65
295,259,59,61
284,275,55,59
269,298,53,55
253,313,53,45
234,323,56,36
219,320,49,34
216,320,48,34
216,320,48,34
216,320,48,34
216,320,48,34
157,333,55,26
158,334,46,23
158,330,44,27
159,326,47,33
164,323,46,35
172,319,45,39
175,314,48,43
187,313,46,45
199,310,47,44
217,307,45,44
230,306,46,44
246,304,46,38
264,300,44,38
288,297,38,40
219,297,33,38
222,295,29,36
222,294,28,36
219,293,27,33
215,292,28,34
212,290,28,34
212,290,28,34
212,290,28,34
197,286,26,32
190,285,29,33
186,286,24,31
177,288,28,30
169,289,29,31
162,289,30,31
154,291,31,33
147,290,33,34
141,292,33,34
133,292,37,37
128,293,35,37
122,292,36,38
119,291,35,40
117,289,34,41
117,286,32,40
116,280,30,40
115,275,30,39
117,270,30,38
187,247,35,43
177,241,40,49
173,238,42,47
170,237,44,47
173,237,43,48
177,239,41,47
181,241,41,48
188,245,41,47
194,250,48,46
208,255,44,46
222,260,42,48
174,275,34,42
178,279,36,40
186,282,34,40
189,286,34,38
195,287,35,39
202,288,30,38
204,288,30,36
206,288,30,36
206,289,29,33
205,287,28,34
203,287,28,34
199,289,29,31
198,288,27,31
193,288,26,32
188,291,27,30
182,292,26,31
173,294,28,31
172,294,29,32
166,297,29,31
164,296,31,33
156,298,31,32
147,298,33,34
138,296,36,38
131,294,38,39
123,292,38,39
118,290,37,36
117,286,36,36
115,281,33,35
115,274,33,36
115,267,34,38
117,262,35,35
183,237,40,42
182,231,42,45
187,228,39,46
191,228,37,45
199,231,35,44
210,234,34,45
223,236,30,43
233,240,35,44
246,245,36,46
263,252,34,41
212,269,30,35
221,272,27,37
223,276,27,36
225,279,26,35
225,280,28,35
224,281,26,35
220,282,27,33
218,281,26,33
212,281,26,32
206,282,25,30
198,282,26,31
191,282,24,29
183,283,23,28
173,285,26,30
161,286,28,30
151,287,26,28
143,289,27,29
133,289,28,31
122,293,34,28
116,292,34,31
116,291,27,32
115,290,21,29
114,288,18,28
115,286,14,23
115,283,12,23
115,278,12,26
116,271,13,27
116,266,18,29
165,242,22,31
156,240,30,34
155,231,35,40
156,227,41,44
158,227,44,43
167,229,43,43
177,231,43,43
183,233,50,42
209,238,47,41
225,243,44,41
244,248,40,41
201,263,38,41
207,270,34,39
212,274,32,40
214,277,31,37
215,280,26,34
212,280,25,35
210,281,25,34
207,279,26,33
202,279,26,31
198,278,25,29
193,277,25,27
189,276,25,26
183,276,25,26
180,277,24,25
175,278,22,25
169,281,24,24
163,285,25,25
159,289,23,25
151,293,27,26
147,297,28,29
143,300,32,32
140,303,30,34
136,304,29,37
132,304,31,39
130,303,33,40
127,301,36,39
127,298,36,38
198,274,45,47
186,265,50,51
178,259,48,47
173,253,48,43
170,248,46,42
169,244,47,43
166,241,52,42
163,240,60,43
170,240,60,46
174,239,65,50
182,245,66,48
191,250,67,49
209,256,64,45
237,260,54,48
195,275,43,42
199,282,39,41
200,289,36,39
199,292,35,37
197,296,33,33
196,297,34,33
192,298,33,32
189,297,31,31
186,298,31,29
183,297,30,27
178,297,30,26
173,294,31,27
170,295,29,25
166,296,31,25
163,296,31,27
160,299,30,27
155,301,32,29
153,303,33,29
152,304,34,31
150,308,34,30
150,308,34,32
148,310,36,38
146,313,36,41
146,315,37,40
146,317,38,38
147,317,38,38
149,315,38,39
150,314,41,42
153,308,43,44
245,292,39,46
236,286,38,45
229,280,38,44
226,273,38,42
225,269,36,37
224,262,35,41
225,260,35,38
228,258,36,36
233,257,36,38
242,258,32,37
251,260,31,37
259,263,28,36
271,267,32,36
215,280,32,35
215,287,31,32
215,292,31,32
213,296,30,32
209,300,32,33
206,304,31,32
201,307,29,29
197,309,30,28
192,308,30,29
187,308,29,29
183,308,30,27
179,306,29,28
176,306,29,29
174,305,28,29
169,304,28,30
167,305,27,28
163,306,29,29
160,306,30,32
157,306,31,32
156,307,32,35
156,308,33,36
154,310,33,36
156,310,34,37
156,309,34,38
157,307,36,40
159,306,36,38
161,304,37,35
163,300,36,36
166,296,37,33
168,291,37,33
233,273,42,39
228,270,45,36
225,265,44,38
224,262,45,37
226,260,43,36
229,257,43,36
234,256,40,39
239,260,41,36
247,261,40,37
257,263,36,38
202,277,31,36
203,282,30,34
204,287,29,34
203,291,28,34
202,295,27,35
199,298,28,33
197,300,28,32
195,300,28,32
193,299,28,34
189,299,28,33
187,298,30,33
185,296,29,33
183,294,30,31
181,293,30,30
179,292,30,31
178,292,30,31
177,291,30,33
176,293,29,31
175,294,30,30
172,294,32,33
170,296,33,34
169,298,34,34
168,298,34,36
165,300,35,35
163,300,38,36
158,301,41,37
157,299,41,38
155,295,40,39
153,292,40,40
150,287,42,43
221,265,45,46
208,259,48,43
198,253,52,46
191,249,49,43
187,247,51,41
187,243,48,42
186,242,48,43
189,242,48,43
193,246,48,43
198,247,50,43
208,253,47,43
220,259,45,44
235,266,41,47
167,282,38,44
171,288,39,41
174,296,39,38
183,296,31,39
187,299,31,36
189,299,33,36
194,297,31,36
196,295,30,33
199,292,28,32
202,288,27,30
203,285,26,32
204,280,27,31
204,279,25,29
205,277,26,29
205,275,26,29
205,275,25,29
204,275,26,30
205,276,24,29
203,277,26,29
202,279,26,27
200,281,26,30
198,284,25,32
196,287,25,32
192,290,25,33
187,291,26,36
182,293,25,35
171,294,29,36
159,292,35,38
148,290,39,41
135,287,43,39
211,261,46,44
193,252,49,49
179,242,49,49
168,237,48,45
157,230,47,46
153,225,44,43
145,220,50,46
143,220,49,44
144,221,50,43
150,224,47,42
156,226,50,48
168,235,49,45
178,243,57,52
194,251,56,55
207,262,58,54
231,272,56,51
258,282,51,49
299,288,40,54
316,290,49,51
338,290,54,50
356,285,56,49
378,281,50,47
394,278,55,44
412,270,55,42
426,259,51,41
437,252,49,38
446,246,45,35
449,239,46,37
451,236,45,37
449,234,44,37
447,234,41,37
442,237,41,37
433,240,41,37
423,249,40,34
410,255,39,38
391,263,43,35
373,268,40,40
357,271,45,44
333,277,51,44
307,278,52,50
297,284,46,48
273,283,42,43
249,278,34,48
222,270,40,48
205,260,43,55
194,252,43,51
177,243,47,51
174,239,42,48
169,231,42,51
164,228,43,50
164,228,45,49
166,231,45,48
173,233,42,51
172,241,52,50
186,250,47,51
201,259,47,53
217,267,50,49
236,273,50,48
137,289,45,46
150,292,41,39
163,297,38,32
173,299,35,29
182,297,32,30
188,295,31,31
193,295,30,30
196,295,29,28
197,295,29,27
197,294,29,26
199,293,28,26
196,292,27,28
195,291,28,29
195,291,26,29
192,293,26,27
189,294,27,28
188,296,27,28
185,298,27,28
182,301,26,29
179,303,27,31
176,307,29,31
172,309,32,33
169,311,32,35
166,312,33,34
162,311,33,36
163,308,33,34
162,304,32,31
160,297,33,34
217,278,41,37
206,269,42,38
198,258,42,42
191,251,47,43
188,247,46,42
186,242,49,43
181,239,55,46
179,243,61,43
182,244,64,45
194,251,60,38
214,256,55,37
236,263,45,36
252,267,40,37
192,288,31,33
193,294,28,32
191,296,27,37
188,300,26,34
184,300,29,34
181,300,26,33
176,298,28,30
177,299,26,30
174,296,23,29
171,295,27,30
166,292,27,30
160,290,28,28
157,287,28,29
152,285,28,30
144,283,33,29
144,283,33,29
144,283,33,29
144,283,33,29
134,288,32,28
131,290,34,30
130,294,34,32
129,300,33,31
129,304,33,31
128,308,36,35
130,310,36,37
131,310,38,38
133,309,41,39
134,304,44,42
140,304,42,45
228,278,46,47
219,271,46,45
212,261,45,45
209,253,42,43
206,245,42,41
194,240,53,37
184,236,61,40
184,233,65,42
187,231,67,43
191,233,66,41
195,236,69,44
199,242,72,42
236,245,57,47
242,252,48,44
257,262,45,39
191,284,40,36
188,293,38,37
184,300,38,37
180,307,37,33
174,309,37,35
169,310,37,36
162,311,36,34
157,310,36,32
153,309,35,28
150,307,34,31
147,305,34,30
146,299,32,33
144,298,32,34
142,295,33,32
141,295,34,32
141,294,31,34
139,297,35,34
138,298,37,37
140,300,36,35
140,302,35,36
143,305,34,36
144,306,35,39
146,305,36,40
148,304,36,43
150,301,37,43
152,299,36,39
155,295,39,37
159,291,37,36
163,282,37,37
233,261,42,43
225,253,43,44
221,248,43,43
218,242,43,43
217,241,40,40
218,238,42,41
220,237,39,41
222,239,39,40
227,243,36,41
235,247,34,42
244,253,34,43
186,272,31,39
186,279,31,38
185,286,31,39
184,292,33,40
182,296,32,40
181,300,32,37
180,302,33,36
178,302,30,36
181,301,29,33
179,299,29,33
180,296,28,32
180,294,28,30
180,293,26,27
180,290,27,29
182,288,26,27
182,286,26,29
183,286,26,26
185,286,24,26
186,288,23,26
187,289,23,28
188,291,24,28
188,293,25,29
189,295,25,30
189,296,25,32
189,297,26,35
187,298,28,35
187,298,28,37
186,296,29,36
183,293,31,38
182,286,32,42
178,281,35,41
234,265,43,39
222,259,49,45
217,254,45,44
209,249,46,44
209,245,42,45
205,242,46,45
206,244,46,45
211,245,43,46
214,249,45,46
222,253,44,47
231,258,44,48
175,275,39,45
178,280,37,43
179,285,38,39
181,287,36,39
181,289,34,38
182,288,33,39
181,291,32,35
181,290,33,34
180,288,30,32
178,285,31,32
178,281,28,31
174,278,27,29
171,276,28,26
169,274,28,24
166,271,28,23
164,269,27,24
163,268,27,23
160,269,28,23
159,270,28,23
156,273,29,23
153,276,31,24
152,281,32,27
152,286,31,30
151,291,33,29
150,298,33,29
150,304,34,31
151,306,34,34
151,307,35,41
152,305,38,42
153,303,38,40
156,301,40,37
161,292,40,36
230,269,36,40
221,258,34,41
213,248,34,41
205,240,38,38
204,231,35,38
204,227,37,35
206,224,35,38
209,226,35,38
211,228,38,40
223,234,34,39
233,237,33,44
243,244,35,43
255,251,35,43
179,274,38,39
178,281,35,37
174,287,34,36
172,290,33,36
168,292,33,36
166,293,31,33
161,293,32,32
159,291,31,31
155,288,31,32
153,285,31,30
150,284,32,27
148,282,31,26
147,282,33,23
146,282,32,24
145,282,31,27
144,285,32,24
142,289,35,26
141,292,35,27
141,292,35,27
140,295,36,29
140,296,36,32
140,299,36,33
141,301,36,33
142,299,35,36
142,298,37,38
142,295,37,40
143,291,36,41
142,283,37,42
222,250,43,48
209,241,48,48
198,231,52,50
189,226,50,47
187,219,48,46
182,218,47,47
179,215,50,46
184,216,46,43
183,216,48,47
186,220,52,45
196,227,48,46
206,234,48,49
215,243,52,49
229,253,50,51
243,263,47,49
158,289,38,44
163,297,36,40
165,301,34,39
164,302,33,36
166,302,30,33
166,301,29,29
165,298,27,27
165,294,25,25
165,292,25,23
163,287,24,23
165,282,22,22
164,279,22,23
164,275,22,24
163,271,21,25
161,269,23,25
160,267,24,26
158,265,23,27
157,263,24,26
156,260,25,29
153,257,26,29
151,251,27,30
148,246,27,30
145,238,28,31
141,229,31,32
138,220,31,31
134,203,31,35
130,196,34,32
125,177,34,35
194,126,35,43
176,113,39,48
163,103,40,45
154,91,38,47
146,83,41,47
143,74,40,50
142,67,41,48
142,64,43,48
143,61,42,50
146,59,43,48
146,57,44,49
155,56,39,44
163,55,40,46
175,54,40,46
190,54,42,47
202,53,47,49
222,50,44,49
245,46,48,48
268,36,52,54
287,27,59,55
303,12,65,58
327,4,65,53
347,0,63,43
369,-5,50,35
369,-5,50,35
369,-5,50,35
369,-5,50,35
369,-5,50,35
369,-5,50,35
369,-5,50,35
369,-5,50,35
369,-5,50,35
369,-5,50,35
371,0,47,29
351,5,52,36
335,9,56,47
304,20,66,58
287,40,58,56
268,53,52,58
247,67,49,48
226,72,42,47
214,71,40,49
205,69,42,49
197,66,44,47
192,62,43,51
190,60,42,44
189,56,42,49
189,52,41,49
193,51,38,48
195,50,39,46
200,51,37,42
205,54,40,42
211,59,39,45
218,64,38,48
229,71,35,46
237,77,35,46
253,80,41,44
266,81,48,49
280,79,50,52
293,75,53,51
307,69,58,48
321,57,62,54
333,45,63,57
343,35,68,58
353,21,67,64
360,14,66,62
365,6,69,63
370,5,64,62
368,5,66,64
363,9,66,63
357,13,67,61
352,23,66,58
343,31,64,60
331,44,63,57
320,59,62,55
309,68,61,58
297,78,57,58
284,89,56,57
276,97,48,52
263,101,45,52
250,105,48,49
239,107,47,49
233,107,42,46
226,106,41,44
221,106,41,40
216,103,41,41
213,99,40,43
209,99,42,43
210,98,43,44
210,98,45,44
211,99,47,45
216,99,46,49
223,99,47,48
230,100,45,48
240,97,51,49
255,96,52,48
271,91,50,50
285,88,50,51
300,83,53,51
313,76,56,52
327,70,58,50
344,63,55,47
359,59,52,46
371,53,53,45
378,49,56,43
383,46,57,42
386,45,56,44
385,48,55,45
382,50,56,47
378,53,56,48
369,60,55,49
359,67,56,48
346,73,56,53
332,82,50,52
316,89,54,53
299,95,52,53
285,99,49,54
267,103,46,52
252,105,47,51
236,106,40,48
223,104,44,51
212,102,44,50
203,99,46,50
197,98,44,48
194,92,43,53
192,89,45,51
192,90,46,51
195,90,44,50
198,93,45,50
208,96,45,51
210,98,44,52
211,98,47,52
221,103,42,51
234,107,38,51
246,113,45,47
262,115,47,48
281,115,47,52
296,115,53,50
310,110,57,54
328,107,56,52
345,104,55,49
361,102,58,48
372,94,61,48
386,91,55,47
392,84,59,49
397,82,58,48
401,79,56,46
400,75,57,49
398,76,55,50
393,80,56,47
386,85,53,49
374,89,54,49
361,94,54,51
347,100,51,51
330,106,51,50
311,107,53,55
294,111,53,53
279,109,45,54
260,108,44,52
239,108,44,48
225,103,45,50
211,99,43,51
200,92,45,52
190,89,45,50
184,88,45,50
182,85,43,51
178,85,44,54
178,88,46,54
182,91,47,55
187,96,43,56
196,101,43,56
209,107,44,63
223,114,46,60
237,121,41,51
261,125,48,52
282,126,47,52
298,125,51,54
315,124,55,51
336,118,58,53
355,113,51,49
370,106,52,51
385,97,52,49
396,89,50,47
406,83,50,44
413,76,48,41
417,70,48,40
419,67,49,41
417,66,50,40
417,66,50,41
412,66,51,45
405,71,51,46
394,76,53,46
383,84,52,47
368,90,53,50
348,97,56,53
326,104,61,55
301,109,65,57
284,113,57,56
261,117,52,50
232,115,43,51
207,111,49,56
190,105,45,53
170,100,48,54
155,94,51,50
148,90,48,47
144,84,45,48
142,81,49,47
144,78,50,49
148,81,50,49
153,84,49,49
166,86,45,50
178,92,48,51
194,97,46,51
214,102,44,52
237,108,41,49
264,112,46,49
286,115,47,49
307,112,49,48
327,108,51,49
348,102,52,48
367,94,54,46
387,86,53,45
403,76,52,46
415,69,52,43
424,61,53,45
433,55,54,44
435,52,56,45
439,51,55,46
438,52,54,46
435,56,55,47
429,61,53,46
415,67,55,48
400,75,55,48
378,82,57,51
349,94,62,49
323,101,62,51
298,106,64,54
273,110,62,54
241,110,67,50
214,111,58,46
203,102,55,52
187,95,54,53
175,90,54,51
168,86,48,46
161,78,46,50
161,74,44,48
162,72,44,48
164,72,44,48
171,72,42,48
177,77,44,49
187,82,42,51
191,87,45,51
195,91,46,49
202,98,51,48
217,110,46,48
233,119,44,43
257,128,53,46
280,136,50,49
295,143,59,53
314,152,64,52
335,159,66,52
358,167,62,52
380,172,60,52
399,177,57,50
418,184,50,47
430,192,52,47
442,198,51,48
454,207,51,50
461,218,51,51
468,233,46,52
469,253,48,43
466,268,47,45
462,280,47,49
453,295,46,45
439,307,48,45
423,312,47,44
404,318,49,40
381,316,52,42
361,313,50,44
339,307,51,47
314,298,53,52
299,286,47,56
269,273,54,48
242,255,51,50
223,235,57,55
207,216,55,57
193,197,55,66
181,182,51,56
166,166,50,49
155,152,51,50
146,136,56,57
139,124,54,56
135,112,55,64
132,108,57,66
134,106,58,68
138,109,62,69
145,116,63,68
159,129,65,62
180,141,62,61
197,152,64,60
219,161,62,60
251,165,73,60
288,170,63,59
311,168,62,57
332,165,65,59
358,160,61,56
379,155,56,54
397,147,51,52
409,140,48,47
422,133,42,45
426,124,43,45
431,117,40,41
431,110,41,40
431,105,39,39
429,102,41,40
426,103,40,39
421,104,39,39
413,107,41,40
408,111,39,41
395,117,42,43
384,122,44,47
370,129,48,48
354,136,53,50
339,143,52,52
318,149,58,53
303,155,57,51
288,155,53,51
263,153,57,51
245,150,59,47
222,138,56,49
206,125,56,57
188,111,63,62
176,99,63,60
163,85,64,61
155,73,63,63
145,68,67,60
141,60,68,61
138,51,70,66
138,47,72,66
143,48,71,64
149,52,70,69
159,52,70,67
169,58,71,64
184,61,67,65
199,68,68,64
214,78,67,59
238,86,68,56
257,87,63,60
278,90,60,64
297,98,54,61
308,100,60,61
327,106,52,58
340,107,54,57
352,109,53,54
361,109,53,55
372,109,53,55
377,109,58,56
384,110,56,54
388,109,59,56
393,110,62,55
397,109,63,57
398,110,65,57
398,111,64,60
399,111,65,60
395,111,65,62
393,110,67,64
386,109,69,69
382,113,70,71
374,116,72,75
365,121,73,75
353,128,74,78
337,136,79,77
319,148,83,80
316,151,77,86
305,159,78,82
301,162,76,86
281,174,79,83
258,186,80,80
238,199,76,81
219,202,69,85
200,207,66,81
183,209,68,78
167,208,68,80
154,212,67,77
144,213,68,73
136,216,65,70
132,219,65,69
130,223,59,69
128,232,57,66
128,240,59,65
135,244,56,65
142,249,53,64
149,255,53,58
165,253,50,57
185,253,46,57
200,251,46,56
216,248,46,55
238,247,44,51
259,245,38,49
279,234,48,51
297,231,51,50
308,227,56,48
328,217,53,50
343,214,56,47
360,207,55,49
373,203,54,45
387,197,53,46
395,189,55,49
400,184,56,45
403,175,54,45
400,169,55,45
396,162,56,47
390,160,59,46
379,155,61,48
368,151,58,50
353,148,56,50
333,144,61,51
315,141,58,51
298,137,55,52
282,133,46,51
262,128,48,52
239,129,44,44
225,124,46,49
210,121,42,54
197,118,42,55
186,116,42,56
177,112,45,65
173,109,43,65
171,109,42,57
171,107,41,58
172,107,42,58
173,106,43,60
176,108,43,63
179,111,48,66
190,112,43,56
199,114,45,51
211,115,43,50
225,114,46,51
237,116,46,48
257,113,47,49
273,111,50,52
285,106,54,54
298,100,55,55
311,93,58,53
321,85,60,57
331,78,60,53
335,73,64,53
337,66,65,56
340,60,62,58
339,58,67,60
333,58,66,62
329,60,68,62
319,64,67,66
307,76,70,61
296,83,68,63
282,90,64,63
270,99,58,61
254,105,58,60
235,111,53,60
218,113,55,60
209,115,51,63
200,114,53,64
190,111,51,58
183,108,48,59
180,103,47,61
178,98,45,57
178,95,45,54
177,91,46,53
179,89,47,53
181,89,47,51
185,90,46,50
189,91,44,52
196,94,46,52
203,96,49,51
213,100,46,51
222,103,49,53
234,106,49,54
241,109,57,54
261,105,53,55
273,103,54,59
285,100,56,58
295,94,59,60
304,90,63,59
311,86,63,56
316,78,71,59
319,71,70,63
322,66,70,63
319,66,71,64
318,65,70,66
313,67,69,69
306,74,72,68
304,75,71,69
277,94,75,63
263,105,64,61
263,107,60,60
252,111,59,61
250,113,58,61
236,117,55,61
223,119,54,60
212,120,53,58
207,118,48,62
200,117,51,59
196,115,51,59
192,111,48,54
189,109,48,52
189,106,45,50
191,104,44,51
191,102,45,50
193,103,45,50
196,103,44,52
199,106,47,49
204,110,50,51
209,113,48,50
214,116,48,49
222,120,48,52
233,121,47,54
238,126,56,50
250,123,55,54
262,118,57,57
272,112,58,62
282,109,62,58
292,102,61,61
300,95,63,59
304,89,67,61
312,82,68,62
316,77,69,65
320,73,68,64
322,72,65,65
317,73,68,67
316,78,65,64
313,85,61,63
307,95,60,56
301,104,57,57
289,112,62,59
284,119,54,61
275,121,53,60
266,129,50,54
256,131,50,55
249,133,48,51
240,133,48,48
235,131,42,46
232,129,40,45
227,125,41,48
225,122,41,47
223,122,41,42
222,119,40,42
222,117,40,40
223,116,40,42
224,117,42,44
228,117,41,46
232,119,38,46
235,120,40,49
241,123,42,50
248,126,44,50
259,127,43,51
269,126,42,54
282,125,41,54
291,123,45,55
301,119,47,56
313,116,46,54
322,112,51,54
331,106,50,56
338,102,52,57
346,99,49,55
352,99,49,56
353,98,51,56
354,101,49,57
354,102,47,58
351,107,46,56
345,111,46,56
336,117,45,57
326,121,46,57
314,125,48,58
303,128,45,59
291,134,45,53
282,132,41,53
267,132,44,50
257,130,43,47
241,130,48,45
232,125,45,42
225,117,45,44
219,112,45,43
215,108,45,45
209,103,45,43
205,99,48,48
201,99,51,47
199,98,51,49
198,100,54,50
200,103,53,50
204,103,52,51
211,106,52,51
218,107,53,51
230,105,48,59
238,104,59,58
257,102,59,57
274,97,57,59
289,91,59,64
303,84,62,64
316,76,67,65
331,68,67,63
344,61,67,63
352,53,69,63
358,44,73,64
365,41,70,64
367,40,69,65
369,40,65,65
363,46,70,65
356,52,71,69
347,57,72,71
335,70,72,68
320,78,73,67
304,88,72,68
293,97,66,69
278,104,60,65
261,112,59,59
257,114,58,55
242,117,59,52
237,117,56,53
222,117,54,50
213,114,52,52
205,112,48,48
197,107,48,48
192,104,46,46
188,101,47,46
187,102,44,42
186,100,45,41
188,101,43,40
189,100,45,44
192,102,45,45
198,102,45,49
206,105,45,50
213,109,45,51
221,114,49,50
236,118,44,51
247,123,50,48
262,122,50,54
279,120,51,58
294,116,52,62
307,112,58,64
322,106,60,67
335,101,63,64
348,92,63,65
361,84,59,67
369,73,62,68
373,66,66,67
375,62,63,72
375,54,65,71
370,62,63,71
365,58,62,71
352,68,65,68
339,73,66,71
323,83,69,70
307,92,68,69
293,102,60,65
276,108,59,64
256,112,61,62
235,117,60,59
221,119,55,56
210,118,53,60
200,115,54,58
187,115,58,52
182,112,53,52
180,108,53,49
178,104,49,47
177,100,47,47
178,98,48,48
181,98,48,45
183,98,49,47
187,97,50,50
192,101,51,51
200,103,52,53
208,109,50,53
218,111,52,55
232,115,48,54
243,117,52,53
261,117,54,54
278,113,53,57
294,110,50,60
305,106,56,60
319,99,53,60
330,92,56,60
340,85,58,59
349,76,59,60
352,72,56,59
356,70,54,58
359,65,56,59
357,66,52,62
352,73,52,61
339,77,58,63
331,84,54,66
314,90,61,66
302,97,60,66
286,104,61,63
272,111,58,62
254,116,58,59
235,117,55,59
222,116,53,59
213,115,54,59
209,111,51,52
196,107,55,54
187,102,57,52
186,99,52,48
180,95,54,51
179,95,54,47
181,95,52,45
181,93,54,49
184,95,53,50
189,97,54,52
193,100,55,55
201,107,52,55
207,112,54,61
216,123,56,55
231,132,50,53
244,140,53,55
260,149,53,59
277,159,55,61
293,167,53,65
310,175,53,66
324,179,54,67
339,184,53,65
350,181,54,68
357,183,54,69
364,187,52,68
367,190,55,70
366,195,52,71
364,201,51,69
358,206,53,69
350,212,52,67
338,217,57,67
324,222,57,66
309,225,55,65
298,228,58,65
276,226,62,61
260,224,56,53
247,216,52,52
236,208,49,50
226,198,50,48
223,198,52,48
215,192,50,46
215,191,49,45
207,182,52,45
201,170,51,46
197,166,49,47
193,161,47,46
191,158,46,47
189,159,46,47
189,158,49,48
189,159,49,50
192,162,49,49
197,164,51,50
202,169,51,52
212,172,48,54
223,182,43,53
234,185,46,54
252,190,43,51
267,190,48,52
285,187,50,54
301,185,51,56
312,181,55,55
326,175,57,57
339,168,59,57
348,162,61,54
359,153,61,57
366,148,60,56
372,146,59,56
378,143,59,57
382,142,58,56
379,144,59,54
377,146,58,53
372,147,58,54
364,149,57,54
356,151,56,53
345,153,53,52
326,155,58,51
314,154,49,49
296,148,54,52
281,136,52,56
262,129,48,45
243,120,46,43
228,109,44,45
213,96,41,52
200,88,42,50
185,85,41,46
176,81,40,45
166,80,41,46
159,79,40,49
154,81,41,49
150,86,41,47
151,93,43,47
152,100,43,50
159,110,43,50
167,121,42,52
180,134,45,47
195,145,45,47
211,158,46,49
234,172,44,46
265,178,50,47
296,179,51,49
319,179,54,50
340,174,62,52
371,169,58,50
399,158,51,49
423,151,48,44
442,146,49,41
460,139,47,41
473,129,50,45
484,125,51,43
489,121,51,45
494,120,51,46
495,120,53,50
493,124,50,48
490,130,51,50
482,139,53,51
471,150,54,50
454,162,59,50
433,177,61,48
405,189,66,47
376,200,63,45
334,202,68,45
305,196,59,47
263,181,61,50
217,165,62,51
186,143,62,47
137,110,66,57
113,56,54,60
67,6,60,64
67,6,60,64
67,6,60,64
67,6,60,64
67,6,60,64
67,6,60,64
67,6,60,64
67,6,60,64
67,6,60,64
67,6,60,64
67,6,60,64
67,6,60,64
67,6,60,64
67,6,60,64
67,6,60,64
67,6,60,64
67,6,60,64
67,6,60,64
67,6,60,64
133,56,54,64
177,105,57,73
284,152,48,81
310,173,59,80
344,204,61,72
378,228,61,66
428,252,48,64
452,265,50,53
463,275,61,49
486,291,55,43
499,298,58,49
516,311,63,46
535,322,53,39
535,322,53,39
535,322,53,39
535,322,53,39
535,322,53,39
535,322,53,39
535,322,53,39
535,322,53,39
535,322,53,39
535,322,53,39
535,322,53,39
535,322,53,39
535,322,53,39
535,322,53,39
535,322,53,39
535,322,53,39
535,322,53,39
535,322,53,39
535,322,53,39
535,322,53,39
535,322,53,39
535,322,53,39
535,322,53,39
535,322,53,39
535,322,53,39
566,290,61,42
566,290,61,42
566,290,61,42
566,290,61,42
566,290,61,42
566,290,61,42
566,290,61,42
566,290,61,42
566,290,61,42
557,289,71,46
554,290,78,52
554,290,79,55
550,289,83,67
553,289,81,63
552,289,79,57
550,289,83,60
556,289,77,46
554,289,77,50
550,290,83,60
553,289,78,54
555,289,76,59
553,288,79,54
552,289,80,55
549,291,85,64
555,288,78,53
553,290,74,58
552,289,83,67
548,289,87,60
543,289,91,65
545,289,86,61
542,291,91,65
543,290,91,68
546,289,86,62
550,289,84,67
551,289,84,63
548,290,86,65
551,288,83,63
545,289,90,68
543,288,90,70
541,290,92,67
543,289,91,69
545,289,87,66
548,289,84,61
551,289,80,63
551,289,82,59
555,289,76,53
554,289,75,51
555,289,77,52
553,289,76,55
553,289,79,58
555,288,76,54
554,290,77,54
552,290,81,67
556,289,75,50
553,290,79,59
552,289,78,54
554,288,78,58
551,288,80,61
553,288,79,59
551,289,82,67
553,289,78,61
545,289,89,66
545,289,86,64
544,290,91,66
540,291,93,67
543,291,89,65
544,290,87,67
548,289,84,67
553,288,79,69
555,288,76,55
552,289,80,55
554,289,76,51
549,291,84,65
552,289,81,57
550,290,81,66
552,287,81,68
556,288,76,56
556,289,74,46
555,289,76,50
555,289,78,50
553,290,82,53
554,289,79,48
600,267,71,55
588,262,59,59
593,263,46,60
588,263,50,59
584,261,53,62
576,263,61,60
576,264,58,61
575,267,57,55
572,266,60,57
575,264,59,58
575,263,61,58
583,262,54,55
587,262,50,55
593,258,46,57
599,256,41,55
603,256,37,52
607,256,34,48
570,291,37,43
567,289,48,44
563,290,62,44
558,289,71,47
555,288,75,49
553,291,78,54
555,289,78,58
553,288,79,58
549,290,85,65
543,290,90,61
549,290,85,58
550,288,83,54
556,287,74,49
556,290,74,50
553,290,76,59
550,289,81,69
556,288,78,61
549,288,85,61
555,288,76,49
555,290,74,48
553,290,80,57
555,289,75,46
555,289,80,50
555,291,82,55
556,289,84,66
563,290,76,67
557,298,78,65
543,298,83,62
533,297,86,62
516,295,73,64
501,292,74,66
486,290,75,67
476,285,72,72
463,279,72,73
458,275,69,72
448,273,69,77
444,272,66,76
438,271,69,75
436,270,68,76
435,269,66,79
438,269,66,74
437,267,66,75
438,263,67,77
440,262,68,72
442,259,68,69
448,256,66,70
451,250,67,71
449,243,69,73
456,239,69,75
460,235,68,73
462,231,69,72
466,228,68,71
469,227,67,70
473,225,67,71
475,226,67,70
478,227,66,67
481,228,67,68
484,227,66,65
486,227,67,68
488,228,66,66
491,229,66,65
493,230,65,64
496,228,63,64
499,228,64,63
501,226,64,63
504,228,62,59
508,225,59,59
509,222,59,59
511,221,58,58
514,216,58,59
513,213,60,56
515,210,58,53
514,207,56,53
513,203,61,55
512,200,60,54
511,198,61,55
510,199,60,54
511,198,66,55
508,196,64,57
506,195,62,57
504,194,63,58
505,191,61,60
499,189,63,61
498,183,68,65
494,179,64,66
490,178,67,63
485,174,68,66
480,173,70,70
476,170,68,69
471,169,70,71
470,168,71,71
464,166,74,73
462,169,72,70
460,168,71,73
462,169,70,70
460,168,71,72
459,169,71,71
462,170,71,71
465,169,69,70
468,171,69,69
473,172,64,68
476,173,64,67
478,173,64,67
483,175,62,65
487,177,62,65
489,178,65,60
495,179,63,59
501,179,62,59
502,181,61,61
504,185,59,53
504,184,61,53
508,181,60,55
506,184,60,52
508,184,61,51
508,182,63,50
507,184,62,54
503,186,61,53
500,188,64,56
496,191,64,58
493,196,66,60
490,197,67,62
488,202,66,60
488,205,64,63
482,207,65,66
476,211,64,66
468,211,66,67
459,210,67,67
448,203,68,73
438,200,71,72
424,196,73,73
412,190,72,76
406,186,69,74
398,180,67,76
390,178,68,72
385,172,66,72
380,167,67,74
375,163,64,74
376,157,65,72
376,153,60,74
380,150,63,70
382,146,64,74
387,146,65,72
395,141,61,73
405,138,64,70
414,137,59,70
424,137,61,67
436,136,58,64
447,135,59,64
457,135,57,61
467,133,59,62
478,135,57,59
489,138,55,55
494,140,57,55
499,144,57,58
506,143,53,57
509,147,58,60
510,153,55,59
510,155,54,57
508,158,56,61
502,161,55,66
497,167,57,62
484,173,58,62
473,176,60,67
456,180,61,68
444,185,59,69
426,188,55,69
408,189,53,69
389,192,56,68
372,192,55,71
352,193,57,72
336,194,55,73
320,194,50,76
308,195,48,74
292,196,50,72
279,197,53,70
266,198,53,71
262,194,52,71
256,195,52,67
254,194,49,66
252,195,51,66
250,196,52,68
255,199,52,67
255,202,53,62
258,205,49,62
264,209,50,62
266,212,48,63
269,214,50,62
274,218,50,59
280,219,48,59
284,221,47,59
288,220,48,63
294,221,46,68
296,223,48,65
295,227,49,59
299,228,48,61
300,231,45,59
301,233,42,60
300,231,45,61
297,235,46,59
295,235,45,59
293,234,43,58
290,235,44,57
285,234,45,58
279,236,48,55
274,238,47,55
267,239,49,54
260,240,48,53
256,241,44,50
247,239,44,55
239,240,45,55
231,240,46,56
222,238,48,56
217,240,47,54
207,241,50,55
203,239,48,54
196,240,48,55
191,239,47,55
186,239,48,53
183,238,48,55
178,238,48,56
178,240,48,55
175,238,50,54
175,240,49,54
174,239,50,53
174,238,51,55
176,239,52,53
179,240,51,51
181,238,51,54
184,238,52,54
185,237,55,57
191,235,53,56
197,237,50,54
202,235,50,57
207,233,50,58
208,234,53,56
214,233,53,57
216,234,54,55
220,232,54,58
223,231,55,58
228,231,53,57
229,232,54,56
230,232,55,58
231,232,53,57
232,232,54,57
232,233,53,57
232,232,56,59
232,232,54,61
233,235,52,59
232,236,52,59
231,238,52,61
228,240,54,60
225,243,54,58
221,245,55,59
218,247,54,58
213,247,54,57
207,247,55,56
205,245,52,56
201,244,51,56
194,243,52,56
189,240,53,55
184,239,51,55
181,239,51,51
172,235,56,53
167,231,55,54
163,227,57,56
159,223,56,55
154,220,56,55
150,218,59,49
148,212,57,53
146,209,58,54
144,208,57,52
141,204,61,56
140,203,59,58
139,202,60,59
139,204,61,58
142,204,59,56
143,204,58,58
145,203,60,59
149,203,60,56
152,204,60,57
158,203,59,54
161,201,59,59
166,200,58,59
169,200,58,56
174,200,60,56
178,198,56,56
184,198,54,53
186,199,52,51
191,198,52,51
189,196,53,52
191,197,53,51
192,197,53,53
194,197,53,48
192,196,52,52
192,198,49,50
187,197,51,50
187,198,51,51
185,201,50,48
182,200,52,52
182,199,49,53
178,203,47,49
176,202,47,52
173,202,48,53
170,203,48,52
168,204,50,49
168,203,48,49
166,203,48,49
165,204,50,47
162,206,52,47
165,204,52,47
164,205,49,47
166,201,53,47
168,201,50,49
172,199,49,50
176,198,46,49
178,197,49,49
182,197,47,51
186,197,50,49
190,199,50,46
194,197,50,51
197,198,48,48
201,198,50,48
206,197,50,51
210,199,50,49
215,200,49,49
221,199,47,50
228,199,46,49
231,201,48,46
236,201,44,47
241,200,45,47
245,200,47,46
250,199,45,43
255,197,45,44
260,195,43,44
264,192,44,44
267,191,45,42
273,188,43,41
278,184,40,45
282,182,39,45
287,179,39,44
290,177,39,45
296,175,39,45
300,176,39,41
306,173,40,43
311,170,42,46
316,171,39,46
325,170,38,45
330,172,39,42
338,171,38,43
345,170,38,43
351,170,40,42
359,169,39,44
368,168,37,45
375,169,38,44
382,172,41,43
391,172,40,46
398,175,41,46
407,179,40,43
413,181,43,47
424,184,39,47
431,188,40,45
438,190,40,46
446,192,42,44
451,191,45,47
452,192,45,45
458,193,46,46
458,193,46,46
467,193,45,49
475,193,43,49
480,193,44,47
484,192,47,50
489,191,49,51
496,195,49,48
501,195,50,50
506,199,47,48
513,199,47,52
518,201,46,52
521,201,45,54
523,204,45,52
524,205,46,52
524,204,45,53
524,207,47,52
520,207,45,53
518,208,47,53
514,210,46,53
509,209,47,53
502,211,48,51
495,211,48,52
487,209,51,53
477,209,50,54
470,207,51,53
461,204,50,52
450,200,54,51
442,195,53,52
434,190,55,52
429,186,52,52
425,181,54,52
420,176,54,52
416,173,53,51
416,172,53,53
416,171,52,49
414,171,54,51
418,173,56,50
419,177,54,47
428,178,52,51
435,180,54,52
443,185,56,53
453,187,54,54
463,189,56,56
478,193,54,54
489,195,54,52
511,198,45,48
523,200,44,51
539,202,42,50
551,203,44,50
562,203,47,51
572,203,43,50
580,200,47,51
586,200,46,50
590,197,47,50
593,197,46,50
593,195,44,50
594,193,44,50
591,195,46,49
587,196,46,50
582,199,48,50
577,201,46,52
567,208,48,50
559,215,46,50
545,222,46,50
531,228,46,50
518,233,42,48
499,233,46,52
484,235,42,52
468,234,41,54
450,232,41,51
433,230,45,51
413,228,47,50
394,224,48,50
378,217,56,54
364,214,59,53
355,208,57,52
349,202,55,54
343,197,54,54
339,193,54,53
340,189,53,54
340,188,55,49
345,189,56,50
353,189,54,50
362,189,56,55
374,192,56,56
385,195,56,55
401,199,54,54
423,203,51,54
441,208,50,53
463,211,50,53
482,212,46,55
499,211,46,53
521,209,45,55
539,206,45,54
558,201,45,54
568,198,52,53
580,192,52,55
590,190,46,51
597,183,44,55
604,180,37,54
610,178,30,53
611,176,29,53
612,174,28,53
611,173,29,54
608,176,32,52
604,177,35,55
599,181,39,53
591,187,42,52
580,191,47,54
568,196,47,54
557,200,46,55
538,206,52,55
523,212,47,55
503,216,47,57
486,220,51,56
470,218,47,57
450,214,58,59
432,210,57,58
411,204,59,54
405,200,61,52
394,195,61,55
390,191,60,57
377,179,61,62
367,173,56,55
354,162,57,59
343,153,61,57
332,144,63,57
327,134,61,58
323,127,59,59
317,122,56,56
314,116,56,55
314,110,53,53
311,106,52,54
311,103,51,53
309,100,53,54
311,98,53,54
310,101,55,57
310,103,53,57
312,105,52,58
315,107,50,62
314,112,49,59
312,117,52,59
313,123,49,60
313,128,49,60
311,134,50,60
307,142,52,59
302,151,53,61
299,157,51,64
295,169,52,63
288,180,54,63
284,193,49,64
274,209,55,64
264,223,58,63
257,233,55,62
246,237,57,63
235,246,57,64
228,250,58,64
217,255,57,65
212,256,55,68
202,262,58,67
193,265,63,68
190,268,59,70
183,274,56,66
175,277,61,67
170,283,59,62
162,283,61,66
164,287,61,63
163,289,59,60
164,287,59,64
165,287,60,63
167,289,59,59
169,287,57,59
172,284,58,64
176,284,57,63
182,285,50,58
186,284,56,57
189,286,56,53
196,287,54,54
202,287,54,56
206,288,51,57
210,287,51,58
214,289,51,53
219,287,50,54
224,285,50,54
227,285,50,53
231,283,48,53
233,281,50,55
237,280,46,56
237,279,50,51
238,277,50,52
240,274,50,54
237,274,48,52
237,273,49,53
236,271,49,54
232,271,51,54
226,270,50,55
223,268,50,56
219,267,48,54
214,264,50,56
210,264,49,51
205,261,49,55
199,260,48,54
193,257,51,55
188,254,49,54
184,253,47,52
176,252,50,52
174,250,47,52
168,249,50,51
163,249,52,49
160,248,52,47
158,247,54,47
156,246,53,46
156,243,53,48
158,244,50,47
158,243,55,48
162,241,53,50
166,240,51,50
170,241,50,49
174,240,51,50
180,239,50,51
185,240,52,50
191,239,50,52
200,239,48,53
206,238,50,54
213,240,52,50
221,237,49,51
230,236,49,50
240,233,46,51
248,228,46,51
259,225,47,51
266,217,53,53
281,211,49,50
294,203,49,54
308,199,45,52
319,193,51,53
332,190,50,50
344,190,53,49
359,185,48,53
374,188,47,51
387,185,48,52
400,185,49,51
403,186,47,49
413,186,46,50
415,185,45,51
424,186,46,49
433,185,47,48
440,187,45,48
444,189,46,48
449,192,44,47
450,194,43,45
449,197,42,45
444,201,42,42
438,201,42,45
427,205,44,42
417,207,42,40
403,210,42,39
389,212,41,42
371,214,44,41
352,215,48,43
335,217,46,43
315,218,46,44
299,219,44,44
274,221,50,43
253,223,48,43
233,218,49,46
219,213,45,47
209,208,39,45
196,204,43,47
182,200,45,44
175,198,45,45
170,196,44,47
165,196,44,48
165,199,46,46
167,199,46,50
172,207,46,48
182,211,44,49
196,216,41,50
209,225,43,49
224,232,44,48
242,235,44,48
263,241,53,44
293,240,47,47
309,237,52,48
334,235,50,48
352,234,52,45
372,228,51,48
391,220,47,48
404,213,48,42
422,205,42,43
434,200,38,38
444,194,36,38
452,188,36,36
457,183,36,38
460,179,35,39
463,180,36,37
463,182,35,37
461,185,37,36
459,189,35,38
453,195,38,39
445,202,38,40
435,209,39,43
422,219,42,45
406,230,44,44
383,242,46,50
363,243,45,54
342,251,52,49
310,253,57,48
296,258,61,45
267,256,55,38
232,245,51,48
221,239,41,46
204,231,39,46
188,223,40,46
171,221,46,42
161,212,46,46
155,209,45,45
150,207,47,44
149,207,46,42
153,207,45,43
155,208,46,46
166,211,43,45
177,219,43,41
194,221,41,45
213,225,41,45
230,228,44,46
256,229,41,44
284,228,44,44
303,224,51,45
328,220,50,50
353,216,50,47
378,210,45,49
398,203,46,50
422,194,42,50
437,186,45,49
452,180,45,46
467,173,41,47
478,167,40,47
482,163,43,52
487,161,43,50
487,161,45,51
485,164,43,52
482,169,43,53
472,176,46,56
459,186,49,56
445,197,48,59
427,210,53,58
401,225,58,54
380,231,66,48
348,241,59,57
315,246,68,63
293,257,69,53
265,257,75,44
226,251,65,50
214,242,53,55
200,236,49,49
189,231,46,44
179,227,46,40
172,223,42,39
168,216,45,41
167,212,45,41
170,207,45,44
172,206,47,42
177,206,42,41
185,206,42,41
186,207,42,40
195,208,43,44
208,210,42,45
223,213,41,46
236,219,46,46
258,230,49,43
291,230,43,50
303,233,56,47
329,235,52,50
349,235,54,51
373,235,54,53
399,231,49,48
416,223,55,52
436,218,54,53
453,210,49,52
468,203,49,53
478,196,47,53
487,191,47,52
493,186,46,55
493,185,50,55
493,186,47,54
491,188,47,55
486,193,46,53
473,199,50,57
461,207,52,59
446,215,53,61
429,224,53,59
403,234,55,57
380,242,51,63
354,244,54,63
330,251,56,55
309,253,51,54
293,250,49,50
265,252,54,43
241,240,51,48
234,233,44,48
223,227,42,46
213,221,43,45
207,217,42,45
203,210,44,45
199,209,43,43
203,207,40,44
207,207,39,41
209,205,41,45
217,209,41,43
224,214,42,44
232,220,45,45
243,226,43,46
259,233,45,48
271,241,50,48
295,244,45,50
305,249,51,49
320,252,55,48
343,254,56,49
364,251,47,55
380,249,52,54
401,246,50,47
416,239,51,49
434,231,50,53
446,224,49,53
452,218,54,53
459,212,54,54
463,208,52,51
465,205,53,50
465,203,53,52
462,204,53,52
458,205,53,53
451,208,54,55
442,214,55,54
430,220,56,52
415,226,58,52
397,233,49,51
378,242,50,51
357,244,54,57
338,250,64,54
311,253,56,53
297,254,61,52
271,249,65,49
245,241,62,52
234,233,51,49
222,223,47,47
208,212,49,50
199,201,48,52
188,197,49,49
183,192,51,46
178,188,55,49
176,186,53,48
179,186,54,50
180,188,55,49
189,194,54,48
199,202,50,47
210,205,51,54
225,216,48,52
241,223,45,55
263,238,47,49
288,244,39,49
307,249,41,52
318,257,48,50
344,260,51,49
356,260,56,52
383,266,58,48
411,258,57,49
430,254,58,47
451,246,56,50
466,237,54,50
478,228,56,53
488,220,54,56
495,214,52,52
498,210,54,50
499,205,56,51
496,202,60,51
494,201,60,51
491,202,60,51
484,201,58,57
473,202,63,59
463,208,64,60
451,212,63,65
440,217,60,66
427,223,59,65
411,232,60,62
405,235,59,61
392,236,60,62
387,240,61,63
372,242,58,62
357,242,57,61
344,239,61,64
329,235,62,61
318,231,63,64
313,222,60,68
308,214,57,71
304,211,56,62
301,205,56,58
299,199,56,61
301,195,55,62
303,192,57,62
306,191,58,62
311,192,58,62
317,192,59,63
326,195,58,61
334,196,62,62
342,200,64,61
354,202,63,60
366,205,62,62
377,208,62,60
389,209,65,57
400,210,65,61
414,212,64,59
430,215,57,57
440,215,58,60
451,215,60,59
458,216,59,58
468,217,58,59
473,216,58,57
480,213,59,60
483,214,61,58
488,215,59,59
488,215,63,62
489,214,61,61
490,217,60,60
488,219,60,65
487,220,59,64
484,221,59,66
477,222,59,67
470,224,59,67
463,226,57,66
453,226,60,67
445,230,60,64
436,231,59,62
427,231,59,63
420,233,56,61
409,232,59,61
398,232,62,61
394,236,60,59
391,237,56,60
386,240,56,58
382,240,56,61
