400,179,58,54
397,178,58,54
396,177,60,54
394,178,61,55
390,180,60,54
390,178,58,55
390,180,56,56
387,180,55,57
386,180,54,58
380,182,56,55
380,176,57,61
377,175,55,56
375,172,54,53
371,171,57,48
369,165,56,52
367,159,55,53
365,153,56,54
363,152,55,55
364,152,55,54
360,151,57,54
361,153,54,53
362,154,57,54
361,157,55,53
363,159,57,55
362,159,60,56
368,160,59,56
371,163,60,55
374,167,57,55
377,172,56,54
383,172,55,55
386,174,57,56
391,178,59,55
394,181,55,53
397,184,56,51
401,184,60,54
402,184,57,51
404,183,58,53
405,178,57,57
403,178,55,55
401,174,56,54
400,172,56,52
399,168,56,50
399,168,56,50
398,168,55,48
396,170,52,48
395,171,55,47
395,172,53,48
395,172,54,50
395,178,55,49
396,179,53,53
394,187,57,49
399,187,54,52
401,191,55,51
401,192,55,51
401,190,57,51
404,192,56,51
405,192,56,53
407,188,59,60
416,190,57,59
418,189,63,56
425,191,62,54
429,191,70,55
437,193,70,56
450,196,64,56
459,196,64,57
467,196,66,61
475,195,65,59
483,192,69,63
487,196,72,62
496,194,69,60
501,191,69,62
507,191,67,60
511,190,67,58
508,192,68,59
507,191,69,59
502,193,69,55
496,196,65,53
488,196,62,54
481,198,56,52
468,200,56,49
463,203,52,46
447,203,54,46
437,203,51,45
428,202,50,45
418,200,44,44
409,198,45,43
398,199,46,43
394,198,43,42
389,198,41,41
384,200,39,40
381,198,40,44
380,196,41,44
378,192,44,48
383,191,45,56
387,194,49,49
394,196,48,43
407,195,48,45
417,195,47,45
433,197,51,44
445,199,54,47
462,197,54,51
478,197,61,58
492,195,66,57
509,191,68,59
525,188,70,59
542,182,69,61
555,176,69,63
565,171,66,62
572,165,62,65
576,162,61,63
579,162,58,64
577,162,60,62
572,161,62,65
566,166,63,66
557,171,68,70
543,181,68,67
527,190,73,66
508,200,74,65
488,209,70,64
471,216,65,58
442,222,69,55
419,227,68,54
399,231,61,51
390,229,48,47
370,231,47,43
353,226,42,48
337,225,42,44
317,221,50,41
308,216,49,42
301,208,50,45
296,203,46,44
291,202,42,44
290,201,42,43
290,204,41,41
291,203,44,44
293,207,45,44
297,213,48,44
304,217,51,45
312,226,52,44
329,229,44,43
346,235,39,41
365,236,32,44
383,240,34,40
397,240,38,38
411,238,43,40
421,240,46,43
440,234,52,44
454,230,53,46
471,224,50,50
479,220,52,48
490,214,52,48
496,209,52,48
502,206,49,49
504,204,50,46
504,203,49,47
500,201,52,48
494,204,50,47
486,207,51,48
481,210,49,48
470,218,50,48
456,222,53,47
438,228,50,45
424,234,46,44
406,238,49,44
394,240,42,43
377,241,46,47
358,242,41,42
342,238,40,42
322,230,43,41
304,222,49,44
295,210,52,53
286,201,49,53
280,195,48,51
277,192,47,50
277,192,42,50
275,188,42,48
275,188,42,47
273,186,43,47
276,185,44,49
279,188,46,47
282,189,47,51
289,193,48,50
294,199,52,53
303,206,51,51
314,214,55,48
338,226,45,41
356,229,41,43
378,232,42,44
394,236,49,39
402,234,53,43
424,231,50,42
450,230,54,41
467,231,57,41
476,228,65,43
489,229,69,46
509,232,67,48
529,240,62,52
547,245,53,57
563,258,46,60
577,274,48,53
577,274,48,53
577,274,48,53
577,274,48,53
577,274,48,53
577,274,48,53
577,274,48,53
577,274,48,53
577,274,48,53
577,274,48,53
577,274,48,53
577,274,48,53
577,274,48,53
577,274,48,53
577,274,48,53
577,274,48,53
589,300,50,51
581,295,54,45
569,290,46,49
564,287,38,45
556,285,42,45
543,278,49,49
529,274,57,50
511,273,63,49
495,272,64,47
478,266,62,46
442,267,70,43
431,262,71,46
407,256,63,47
399,249,54,45
391,239,43,46
369,235,43,46
346,225,42,49
325,210,42,43
302,199,48,46
286,186,56,51
277,176,58,50
273,166,59,51
269,157,54,53
269,152,53,53
269,149,54,51
274,148,56,52
278,147,52,53
285,153,51,51
296,159,51,48
309,167,47,44
332,175,37,39
360,214,34,31
373,195,38,36
377,193,43,38
394,189,51,48
415,184,46,52
432,181,50,53
445,175,54,52
459,166,55,53
466,159,55,52
475,150,55,50
481,146,53,48
483,140,53,44
484,135,52,43
483,129,53,45
478,127,55,48
475,125,53,47
472,127,51,48
460,128,55,44
450,131,53,43
437,132,49,42
424,137,49,40
413,137,44,39
399,139,43,41
385,134,45,45
368,131,46,44
355,125,49,44
346,119,48,43
338,108,48,47
333,99,45,47
330,92,45,46
326,86,44,45
329,82,42,46
328,78,40,46
331,76,40,45
332,74,39,47
335,74,42,47
345,77,39,44
351,80,41,41
360,81,42,41
370,84,43,40
385,87,42,41
395,88,45,42
405,90,46,44
422,88,51,42
434,84,55,47
448,78,53,49
457,71,56,54
466,62,54,54
471,58,55,50
478,52,54,48
479,50,52,47
479,45,55,47
480,47,52,46
481,41,52,48
479,35,54,50
475,32,55,56
469,35,57,58
462,37,58,61
456,41,57,59
447,47,58,57
427,51,64,57
418,58,61,50
404,65,57,46
390,69,55,43
379,71,53,42
370,74,52,40
361,74,48,39
355,74,46,38
349,73,48,39
345,74,49,39
345,74,46,40
345,71,46,39
348,70,43,41
355,69,38,42
361,71,38,44
368,72,40,46
373,78,41,46
382,82,44,50
387,90,50,47
397,95,51,46
408,105,59,50
420,112,56,50
437,121,46,46
454,128,40,44
470,135,40,42
478,139,45,45
484,143,48,42
491,147,52,44
495,149,56,47
499,152,57,51
499,155,58,51
499,161,57,50
493,168,61,53
488,176,62,55
481,186,63,53
476,196,61,53
468,204,57,57
454,219,57,55
435,230,66,57
424,243,63,54
414,250,54,54
410,258,50,48
400,261,53,49
395,261,48,48
386,261,50,48
379,260,51,45
373,260,54,48
370,261,54,48
375,260,51,48
378,262,50,47
384,266,48,47
389,269,45,47
398,269,48,46
405,272,52,45
420,274,47,44
436,274,51,42
450,271,56,43
472,263,51,51
486,258,54,51
495,250,61,55
509,241,59,53
523,235,56,52
533,226,52,52
542,218,49,50
548,210,45,49
553,204,45,44
553,199,48,43
553,196,49,44
549,193,51,46
546,193,53,49
540,196,53,54
534,199,56,53
521,205,59,56
510,211,62,54
492,217,64,53
473,224,60,53
462,227,53,51
434,230,57,49
413,228,50,51
395,222,42,52
379,211,42,56
360,202,42,52
343,192,41,54
324,178,46,57
314,169,46,50
305,156,46,49
300,148,46,49
296,140,43,51
296,135,41,50
294,133,42,49
295,133,43,45
297,137,43,45
300,143,46,44
307,150,44,44
314,163,50,41
327,171,43,41
340,182,48,47
366,192,48,48
377,196,48,51
394,205,53,46
413,206,47,50
432,209,52,44
459,206,44,39
470,201,46,40
481,195,51,45
492,185,52,48
499,174,52,51
505,166,48,50
508,163,47,46
511,160,46,44
507,157,49,45
509,158,51,44
504,157,52,47
505,157,50,46
499,161,53,48
492,164,54,55
483,172,53,57
474,180,56,59
462,190,55,56
437,203,65,58
421,213,58,54
402,218,56,56
386,224,48,51
369,227,44,47
337,227,50,46
327,226,44,41
309,215,41,40
301,206,39,45
292,197,41,50
283,194,47,49
278,188,49,48
275,185,50,49
273,182,52,52
277,183,52,50
280,186,50,50
282,189,48,47
288,196,50,48
297,203,53,50
307,214,59,47
331,225,50,45
348,232,48,47
366,237,43,45
387,244,43,47
401,240,53,56
409,244,58,54
429,248,64,50
444,243,66,51
463,239,61,53
474,234,57,53
480,232,58,52
487,229,55,47
492,223,54,48
497,221,51,43
496,217,53,45
493,215,51,45
489,216,49,45
481,216,47,45
476,217,45,46
467,221,43,44
448,225,50,45
434,229,51,46
418,233,49,45
403,236,50,43
393,237,42,43
374,236,41,41
355,232,40,45
338,230,43,45
312,222,54,46
296,210,59,53
285,202,54,54
279,198,50,52
273,190,51,53
269,188,47,53
266,182,45,53
266,182,46,53
268,183,47,52
270,184,46,52
276,190,47,51
284,193,49,55
289,202,43,54
300,211,47,52
315,221,51,45
342,231,40,45
360,233,38,50
378,239,43,45
394,237,44,43
408,232,51,48
420,228,56,52
432,221,63,56
443,213,65,56
464,207,53,55
470,200,53,54
474,194,53,53
477,190,53,52
479,186,53,51
475,186,55,49
472,186,54,49
469,188,51,46
464,191,50,46
451,196,54,46
436,203,56,46
426,209,53,48
410,213,51,54
393,217,48,51
375,221,47,51
355,221,44,50
333,219,42,46
297,203,46,48
282,190,51,49
266,174,62,51
255,158,62,51
245,143,57,49
240,130,55,51
238,115,54,57
235,103,54,57
234,97,55,53
236,90,52,55
241,86,54,53
242,88,54,48
250,90,55,45
257,94,54,45
268,95,52,48
283,100,46,47
299,106,43,42
321,108,38,43
341,110,39,43
357,110,45,43
370,106,48,43
388,99,51,40
406,89,48,41
420,80,48,42
433,68,48,45
445,55,47,47
448,56,44,46
453,47,46,50
457,46,43,48
460,39,47,48
464,33,49,52
469,29,50,53
468,29,51,51
469,29,53,51
466,31,54,55
463,36,52,55
455,41,56,55
448,47,56,52
435,56,60,49
418,60,66,48
402,62,63,47
383,60,59,49
369,57,51,53
355,54,49,52
341,49,51,56
330,46,46,53
317,40,50,53
306,37,52,52
300,34,49,49
300,34,47,47
298,31,46,46
300,28,47,46
303,28,47,50
307,30,47,53
315,33,47,50
325,40,47,53
339,44,47,55
354,52,45,54
368,61,47,53
384,66,47,50
402,67,49,51
422,70,44,47
439,67,46,49
451,63,49,50
462,58,52,53
469,49,53,57
475,43,54,58
481,41,52,55
485,35,54,55
484,34,52,55
486,34,52,54
480,33,51,54
475,37,50,51
468,42,53,51
455,45,56,53
442,52,57,52
423,62,58,50
409,69,54,49
387,73,53,46
371,75,53,47
354,76,52,48
340,77,46,45
329,79,44,41
319,78,42,39
307,76,42,39
300,73,46,41
295,70,44,41
293,66,45,43
293,64,47,45
296,62,46,42
298,65,47,42
301,69,46,44
311,75,44,43
320,84,40,41
330,95,37,40
342,108,37,37
351,124,41,39
359,134,47,47
369,148,53,42
384,163,56,43
401,172,57,53
417,181,55,57
433,191,55,58
444,199,58,56
460,205,55,63
472,212,55,63
482,223,56,63
491,229,61,65
498,234,64,69
505,247,62,68
509,259,61,68
513,269,62,67
514,277,64,69
506,287,67,65
503,291,70,64
494,299,69,55
488,301,72,52
481,302,71,49
473,302,69,46
461,301,65,46
451,296,66,49
441,289,66,53
430,281,65,57
424,270,62,63
418,258,59,64
409,251,59,62
402,248,59,56
399,240,58,56
394,238,56,54
391,235,52,52
388,237,51,51
381,236,51,52
378,236,52,49
375,237,47,49
372,236,46,49
371,236,45,44
368,235,44,48
367,233,44,51
364,231,46,51
362,233,48,49
361,233,47,52
361,231,49,50
362,231,49,52
364,231,49,49
366,231,50,52
367,227,50,51
369,221,52,54
371,216,50,54
372,213,51,54
372,210,50,57
374,205,51,60
374,200,49,57
373,193,52,63
374,187,49,60
374,186,49,55
378,186,44,54
378,187,40,47
378,188,42,48
375,187,47,48
377,188,44,47
375,190,44,49
379,195,42,43
377,195,42,43
376,194,43,44
373,193,44,47
369,187,49,57
362,186,51,53
357,186,54,54
350,182,48,61
344,178,48,64
339,176,48,60
330,176,47,51
320,176,49,50
314,177,51,45
305,175,48,44
302,176,48,45
299,176,47,46
294,178,44,45
290,182,44,45
292,185,43,44
292,188,42,43
294,189,41,51
299,195,38,45
304,200,43,43
311,206,48,44
322,213,50,48
340,220,44,49
351,225,46,49
367,227,49,46
382,230,50,48
395,229,53,50
414,227,46,51
424,224,48,51
433,222,54,53
443,218,55,52
456,215,51,50
466,211,48,51
471,208,47,50
475,206,50,52
474,204,51,54
474,207,51,54
475,211,52,54
471,214,56,57
467,219,58,61
463,227,56,59
448,238,64,57
439,248,65,56
430,252,62,56
420,259,57,57
410,264,57,54
399,266,55,54
392,268,50,49
385,262,47,54
379,261,45,52
373,259,44,49
366,255,41,50
364,252,40,49
362,250,39,51
354,251,46,49
351,249,49,49
353,250,48,47
345,246,53,48
348,244,51,48
352,242,49,46
349,240,52,47
358,238,46,47
363,239,43,45
370,240,39,42
373,243,39,43
375,247,40,43
378,250,43,43
380,252,44,44
385,255,44,47
390,251,43,49
392,252,48,51
396,250,48,47
397,242,57,55
399,235,60,58
401,223,64,61
404,207,62,64
406,189,61,67
401,174,68,71
400,163,67,73
398,150,68,69
394,139,69,69
390,133,70,72
387,130,72,72
382,131,74,71
379,138,74,71
371,143,75,73
370,154,68,76
372,170,61,68
371,182,57,69
368,196,56,66
367,209,54,67
362,217,52,64
365,217,42,60
362,222,41,50
361,223,41,47
361,218,40,48
365,211,37,47
364,204,38,47
363,196,37,47
365,184,38,55
364,177,38,57
366,173,40,54
369,169,36,55
372,170,36,56
374,172,40,59
373,172,41,57
375,175,43,59
376,176,44,56
379,184,42,57
382,194,43,52
387,203,45,53
388,210,48,56
392,223,50,51
397,233,55,54
397,237,58,53
398,235,66,64
401,232,67,64
407,224,71,69
411,212,70,72
410,199,75,76
414,182,74,76
410,171,81,71
409,154,79,72
409,137,79,75
405,125,81,75
402,117,85,79
398,118,82,78
396,114,82,85
393,119,86,81
389,128,85,79
386,143,78,78
384,155,74,79
382,171,72,74
382,186,64,71
385,197,54,72
384,215,54,62
380,218,53,64
380,217,52,62
380,218,49,58
381,213,48,55
380,212,46,49
378,205,46,50
378,197,45,46
373,188,49,57
376,182,45,52
376,176,42,56
378,173,42,51
378,170,43,58
377,168,46,55
379,170,44,49
381,173,44,47
382,175,44,51
382,179,49,57
384,190,51,54
386,199,51,59
386,206,56,61
387,210,58,60
389,217,59,61
390,221,63,63
390,218,66,65
390,213,66,64
394,207,65,65
393,200,67,58
388,187,71,60
387,173,66,63
386,157,64,66
386,145,65,71
387,137,65,67
386,131,72,72
386,130,74,73
387,129,71,75
387,136,73,74
384,142,69,77
387,156,69,74
387,174,68,70
386,186,64,72
393,205,59,66
395,220,56,64
395,230,53,59
394,236,52,58
396,235,49,59
394,232,47,61
394,229,44,55
394,215,43,60
392,211,42,57
389,198,42,54
389,191,39,48
388,184,40,51
390,176,40,50
389,171,41,48
389,168,39,43
389,167,40,41
388,169,41,47
388,172,42,48
387,178,41,47
384,189,47,46
389,195,43,50
392,206,43,54
394,222,46,57
395,235,52,53
399,245,56,54
400,257,65,64
402,262,64,67
410,266,68,64
411,260,74,63
419,249,75,64
422,231,77,63
421,209,81,70
420,189,83,71
419,170,85,73
416,149,90,77
416,136,84,75
416,121,81,81
414,121,79,78
412,117,78,81
410,120,76,81
409,132,79,76
406,148,73,74
403,164,73,72
401,182,65,68
401,199,63,70
399,216,58,68
396,231,59,58
393,234,55,56
392,234,50,52
386,225,50,55
388,215,47,58
386,209,46,54
384,205,46,53
385,197,46,53
376,186,53,55
378,180,49,54
377,171,51,51
379,162,49,49
382,155,44,50
382,152,43,48
382,150,44,48
383,150,42,49
385,155,44,50
385,160,42,50
385,169,46,57
383,180,50,57
390,193,45,61
390,212,42,57
393,227,45,54
395,236,52,50
394,232,56,50
399,212,59,63
397,185,68,67
385,148,75,73
378,106,72,68
369,56,71,74
360,11,78,85
355,-1,74,62
355,-1,74,62
355,-1,74,62
355,-1,74,62
355,-1,74,62
355,-1,74,62
334,-3,68,46
333,5,56,46
340,18,46,48
341,41,42,46
343,64,40,44
344,91,43,44
348,118,42,44
354,147,45,48
368,181,49,50
381,211,44,53
400,242,54,51
416,265,58,55
443,278,65,58
464,279,79,60
481,268,78,73
497,246,87,76
508,215,96,88
516,180,103,98
522,148,104,101
527,113,105,100
521,86,109,107
511,67,116,100
507,48,115,100
497,42,116,89
494,35,111,89
483,35,111,91
471,45,113,95
464,58,109,102
457,84,109,101
448,118,108,104
441,152,105,100
431,192,103,97
429,226,93,88
417,247,88,83
410,262,84,71
407,266,70,61
403,257,64,59
398,243,61,56
396,233,57,53
394,214,49,51
392,196,46,47
388,182,48,48
389,170,45,43
390,153,43,44
389,142,40,43
388,133,44,47
387,129,45,41
387,129,45,41
386,126,46,41
388,129,43,42
390,135,43,45
393,141,41,47
392,156,41,48
397,170,41,51
396,185,47,51
399,200,49,58
404,218,51,58
409,233,55,57
416,242,58,65
419,248,67,66
418,241,76,70
418,224,79,74
423,206,82,73
419,171,84,82
419,135,98,91
415,95,104,102
411,72,108,98
410,46,107,99
398,20,113,109
398,10,108,104
397,3,108,100
394,4,106,102
392,9,101,111
387,26,104,102
385,46,104,103
382,74,103,96
384,107,94,89
387,144,85,84
391,172,75,75
393,198,70,77
391,216,64,66
389,226,58,59
391,231,53,54
386,221,48,58
386,216,44,52
382,196,44,54
378,186,45,49
379,172,44,54
378,157,44,52
376,154,46,57
374,147,47,48
377,145,44,48
375,135,43,46
374,130,48,41
373,128,46,39
373,126,44,39
372,128,47,39
371,134,48,41
373,137,45,48
373,152,49,55
373,168,50,64
378,179,48,53
376,186,52,50
379,184,54,53
379,170,58,63
375,147,58,68
371,111,61,65
369,82,62,60
365,52,62,62
359,28,64,62
356,15,64,60
353,6,64,53
353,9,55,51
356,24,49,50
360,46,44,46
364,68,43,45
367,92,40,43
376,124,45,43
387,156,39,37
391,184,48,44
404,197,54,52
418,216,57,64
431,227,61,64
435,224,69,66
441,210,73,64
438,184,78,68
432,157,82,72
423,132,84,75
416,109,87,75
405,88,92,78
398,74,89,78
389,67,85,76
385,65,79,73
379,68,76,72
370,77,73,74
366,90,70,73
358,108,70,72
358,131,65,65
360,155,58,67
363,174,57,58
368,191,54,56
375,201,47,53
382,204,42,51
384,201,44,57
387,190,43,57
391,177,45,59
393,167,47,53
394,153,47,44
398,142,47,42
400,135,46,41
399,129,52,38
402,124,49,38
402,120,51,38
404,121,49,37
405,125,47,37
405,133,48,37
409,142,45,43
408,154,50,46
408,170,51,43
411,183,51,50
409,198,54,53
406,210,57,53
402,218,62,58
400,217,63,62
398,211,63,63
399,189,63,69
394,170,71,71
388,144,71,72
386,117,75,75
379,87,81,81
373,68,84,78
371,51,80,79
368,39,84,78
365,32,85,76
368,30,81,75
366,38,83,75
364,46,80,82
366,64,76,82
367,85,75,78
373,113,71,75
370,138,68,76
375,162,74,75
381,179,74,70
391,196,68,62
398,207,65,58
406,213,59,51
412,214,56,48
420,211,55,47
424,208,55,45
429,204,57,46
432,201,58,44
438,198,55,43
436,197,60,48
442,192,55,51
443,195,52,48
446,196,53,48
441,194,55,49
435,194,59,49
427,192,58,50
417,183,58,55
396,175,62,63
384,167,59,48
372,152,57,53
359,138,56,51
346,124,51,48
330,104,50,49
321,90,49,47
309,77,50,46
300,67,53,42
293,59,55,42
289,54,51,41
288,54,49,42
287,51,48,41
286,50,47,42
283,49,48,43
285,48,48,46
288,51,47,46
291,57,50,44
298,65,49,44
313,74,47,40
324,81,49,41
336,89,52,37
360,93,47,37
374,96,48,36
399,94,47,37
420,92,48,40
432,83,52,44
453,74,50,48
466,64,50,46
473,55,50,54
482,46,49,52
486,35,49,56
488,28,51,59
489,24,52,57
488,24,52,57
486,24,58,58
479,29,57,63
471,35,60,67
462,48,63,69
450,58,64,69
426,70,72,66
402,81,76,60
380,92,64,55
358,91,61,57
340,92,55,54
326,91,51,50
311,90,50,45
297,85,52,42
289,79,49,43
286,77,53,43
284,75,51,44
283,72,49,46
282,69,51,45
285,70,53,45
290,73,52,45
298,78,53,43
307,83,52,43
320,90,48,41
332,96,50,42
345,100,54,44
364,105,52,46
379,106,55,47
400,104,55,49
417,98,55,52
430,93,57,48
448,84,55,48
456,74,56,48
466,66,52,48
473,59,50,47
475,50,52,48
475,46,53,47
474,44,51,47
469,43,54,49
466,43,54,51
455,47,57,55
443,50,59,60
430,55,62,55
414,63,61,56
395,67,56,54
379,69,56,54
361,68,53,51
347,66,45,44
331,62,44,44
318,55,41,46
302,44,46,49
295,37,45,50
290,28,46,53
286,20,49,56
286,18,50,55
283,18,47,56
286,17,49,56
290,17,49,55
300,17,48,55
304,22,51,56
315,30,52,50
327,41,53,46
338,50,55,44
353,57,53,46
367,63,56,44
388,66,56,45
407,65,48,49
424,64,51,49
442,57,52,51
450,52,55,51
459,46,57,54
464,40,57,55
468,37,60,52
473,33,60,50
472,33,60,50
468,33,64,51
467,35,62,53
463,37,59,54
454,42,62,51
443,51,66,51
426,59,69,51
414,67,65,53
394,73,60,49
376,80,60,45
360,82,53,44
345,81,53,48
329,76,51,47
317,72,48,49
302,66,50,50
293,59,50,53
286,55,48,53
285,54,47,53
281,51,49,54
282,51,47,56
285,52,44,54
291,56,46,55
293,61,48,53
301,67,51,54
304,67,55,58
313,73,53,54
318,77,55,51
331,85,60,51
348,91,60,50
362,95,62,47
381,99,60,43
400,97,60,43
419,93,56,42
434,89,50,43
451,83,46,43
459,74,49,47
465,67,50,50
469,62,53,53
473,57,54,53
472,55,56,55
469,54,56,55
468,54,55,56
465,58,52,53
457,63,56,56
452,71,53,53
439,77,56,51
421,87,56,46
407,95,46,42
387,97,49,45
371,96,48,46
353,96,52,49
331,93,58,50
322,85,55,52
310,81,52,52
299,75,55,52
292,71,53,50
287,67,51,52
287,62,52,53
286,61,50,50
288,63,49,49
292,64,51,51
296,68,53,50
303,75,51,50
317,83,49,51
327,90,52,53
339,99,55,50
359,105,49,50
374,112,49,49
394,116,51,44
411,118,54,40
425,112,53,44
439,107,52,44
454,100,54,49
460,93,56,52
467,87,56,56
472,82,56,54
476,77,56,55
474,76,58,53
473,76,61,54
473,76,56,53
464,79,58,55
457,86,57,55
448,90,60,56
435,99,60,55
421,107,55,49
406,116,53,45
392,117,48,47
374,116,48,49
359,115,47,47
344,112,48,44
332,106,48,46
320,104,46,47
308,100,46,47
300,100,49,44
295,97,48,48
290,98,51,47
285,103,49,45
286,108,49,44
287,116,46,47
286,125,46,46
289,139,46,44
290,148,45,45
296,159,50,50
299,170,52,50
310,180,50,53
325,197,46,51
345,213,42,46
358,225,39,46
371,235,41,45
389,249,39,40
400,259,42,44
414,272,49,47
425,281,53,49
438,292,60,48
448,302,66,43
471,310,62,39
486,313,62,37
499,318,67,36
510,319,69,35
522,321,74,34
533,322,81,37
545,321,82,38
557,321,82,38
565,320,76,39
575,320,69,38
582,318,63,40
583,316,53,40
582,313,45,45
577,305,49,51
570,300,53,55
559,301,55,52
549,295,70,58
534,293,73,59
508,293,78,56
484,291,75,54
463,291,71,49
431,289,72,48
392,282,74,52
368,276,73,51
343,264,62,56
315,255,62,51
284,240,67,55
265,228,62,57
249,217,57,58
236,201,50,50
226,188,46,55
227,186,44,48
220,174,43,52
220,172,44,46
213,161,43,45
214,152,41,47
209,147,37,44
210,142,39,46
214,138,40,43
216,139,38,38
218,140,41,42
224,143,42,44
228,153,42,45
236,162,45,47
246,172,48,52
259,185,49,53
275,202,53,52
307,226,50,49
307,226,50,49
365,256,51,40
394,262,45,48
428,271,48,49
463,279,58,50
493,283,69,55
529,283,76,57
554,280,79,61
554,280,79,61
554,280,79,61
554,280,79,61
554,280,79,61
554,280,79,61
554,280,79,61
554,280,79,61
554,280,79,61
554,280,79,61
554,280,79,61
554,280,79,61
554,280,79,61
554,280,79,61
554,280,79,61
554,280,79,61
554,280,79,61
554,280,79,61
554,280,79,61
554,280,79,61
573,294,69,63
555,296,78,59
505,297,87,56
471,293,78,53
423,285,80,53
389,277,76,56
357,269,76,54
357,269,76,54
307,243,67,52
288,230,61,55
274,215,55,55
260,203,54,53
253,191,51,53
242,181,49,53
238,175,48,49
240,170,43,47
238,163,43,44
239,163,42,44
242,163,42,46
245,163,44,53
249,169,43,54
254,177,48,57
261,186,50,59
270,196,56,62
283,208,68,64
300,230,64,52
322,248,55,47
353,260,47,53
373,274,57,51
392,286,70,49
419,291,84,51
446,300,93,50
487,308,94,45
525,315,99,45
559,314,83,46
596,318,72,41
596,318,72,41
596,318,72,41
596,318,72,41
596,318,72,41
596,318,72,41
596,318,72,41
596,318,72,41
596,318,72,41
596,318,72,41
596,318,72,41
596,318,72,41
596,318,72,41
596,318,72,41
596,318,72,41
596,318,72,41
596,318,72,41
596,318,72,41
596,318,72,41
596,318,72,41
575,291,62,53
557,290,71,60
510,290,83,59
470,286,81,60
433,283,76,54
389,274,78,58
361,269,66,58
337,263,49,56
290,244,60,58
268,235,63,60
250,227,52,59
244,220,46,56
227,212,49,52
214,206,51,39
206,201,53,42
205,198,50,44
204,196,52,43
206,194,50,42
206,195,51,43
213,195,51,42
219,202,48,40
226,209,50,42
239,218,49,45
242,218,48,48
249,226,47,46
255,227,51,51
267,236,61,50
285,247,60,50
306,255,68,48
343,265,56,46
384,266,48,51
413,267,53,55
444,268,59,56
473,261,58,59
494,258,67,60
514,249,72,62
538,240,70,59
555,231,68,55
569,223,63,50
576,216,59,50
576,211,60,49
573,208,62,49
566,206,64,50
555,210,67,49
543,218,66,52
522,222,67,60
496,228,76,64
471,238,80,67
438,244,84,66
416,251,73,58
392,257,64,52
349,258,65,49
329,259,54,44
298,252,55,42
276,243,57,49
259,234,54,47
247,222,53,49
231,211,53,51
222,198,53,50
214,193,51,51
211,183,49,52
208,178,49,52
207,175,49,52
204,175,49,51
205,176,48,51
207,180,47,53
211,185,48,56
217,193,50,53
223,205,52,50
234,216,55,55
251,228,56,54
262,239,61,57
284,251,65,55
303,269,72,45
342,280,65,44
368,282,66,49
402,288,62,48
433,291,67,46
468,288,62,51
490,280,69,55
514,270,71,59
535,258,73,61
554,243,75,63
569,227,69,68
580,220,60,64
589,210,48,64
592,202,46,65
592,195,45,68
590,194,45,67
587,195,51,71
575,196,62,73
566,202,72,76
547,209,84,75
519,223,88,72
494,234,84,67
473,245,75,67
439,257,73,59
398,262,71,56
363,268,71,56
338,266,60,54
312,262,59,51
276,252,58,60
256,242,66,61
245,231,54,60
230,220,50,55
217,210,50,48
207,202,51,44
199,195,50,47
193,191,49,50
189,188,53,54
191,185,51,51
