153,182,111,108
159,187,104,111
158,182,113,118
156,180,117,114
155,172,115,118
155,167,112,108
151,159,115,105
149,155,111,109
152,145,112,113
154,139,107,116
153,126,103,115
158,111,99,114
151,104,97,112
148,97,100,111
143,89,107,108
140,82,105,110
136,77,107,107
131,74,108,99
131,64,112,104
121,55,126,106
127,53,120,100
119,46,128,107
116,41,129,105
126,26,124,112
130,17,117,115
132,4,114,116
141,10,106,106
149,5,109,107
156,8,113,106
164,3,109,106
175,1,100,98
195,1,87,97
210,4,78,92
305,5,90,100
222,6,75,91
306,10,89,97
227,5,78,97
245,21,74,89
249,22,74,87
267,30,68,89
270,29,70,85
287,29,64,85
288,31,68,86
302,32,63,83
304,36,59,78
312,36,67,80
312,37,72,81
315,36,81,79
311,37,85,78
323,33,82,74
318,35,80,78
320,28,86,79
322,29,82,78
320,26,78,76
319,27,78,74
315,22,79,76
315,17,75,78
318,13,73,79
315,15,77,76
316,11,76,74
316,12,76,74
320,8,77,76
318,7,77,75
319,5,83,72
322,3,78,68
321,3,75,65
319,2,76,67
318,1,77,64
317,2,74,66
320,0,76,61
321,2,69,58
323,4,63,47
325,4,61,44
396,4,71,52
396,4,73,52
405,5,70,49
405,4,69,50
402,4,68,51
406,4,68,55
409,5,69,57
413,3,64,67
414,4,68,66
412,2,68,73
411,1,71,75
409,2,67,74
413,3,66,75
408,1,68,75
411,2,68,76
408,2,70,74
410,2,71,74
410,1,74,78
406,1,77,74
412,2,84,81
410,2,86,79
414,5,87,84
421,2,84,86
424,7,79,83
423,2,83,85
418,6,77,86
317,7,71,75
322,12,75,77
327,11,70,75
336,9,70,79
336,10,73,82
344,11,80,85
344,10,81,85
349,10,82,88
347,10,82,95
348,15,82,90
350,17,79,86
351,18,79,86
353,19,76,84
351,19,74,82
352,21,69,80
345,20,69,79
345,22,69,76
337,26,66,76
338,27,65,75
323,35,61,69
323,36,60,68
371,85,72,74
369,87,73,75
303,59,72,74
306,56,64,75
311,65,61,73
309,68,63,68
386,124,66,72
315,90,58,64
315,118,59,54
391,154,65,64
321,146,60,57
387,165,63,67
382,168,69,76
324,157,64,61
326,166,64,65
326,168,67,62
328,168,70,66
324,171,69,66
326,169,72,72
328,171,67,72
338,175,66,76
336,177,69,77
347,179,71,75
346,182,74,78
356,183,76,77
356,182,86,80
358,176,98,85
359,177,103,89
364,167,94,99
362,166,97,98
364,158,88,106
365,156,83,101
361,156,80,109
360,153,75,107
353,154,78,107
354,156,74,103
346,155,77,106
345,154,72,108
341,151,76,111
338,147,73,115
333,146,76,110
334,147,73,108
329,144,75,114
332,144,74,112
327,141,75,114
329,137,76,118
325,138,78,116
329,139,75,116
323,131,79,123
324,128,82,123
317,129,92,127
317,124,97,133
312,124,96,135
309,125,101,136
301,122,114,140
299,128,112,133
286,125,127,137
291,133,123,128
283,120,128,138
280,127,132,126
273,119,138,133
276,118,133,130
267,115,123,113
264,111,102,91
262,118,77,80
265,121,69,76
261,118,67,79
259,116,68,81
260,113,74,83
259,117,70,83
256,112,76,85
258,113,79,85
253,114,80,87
257,114,85,86
263,113,84,89
265,115,81,90
273,114,77,87
272,110,77,91
280,107,68,89
278,107,71,88
281,107,74,82
281,106,72,79
285,101,74,76
287,100,77,73
297,97,81,66
296,96,82,61
302,85,83,64
300,81,84,73
304,76,84,78
304,74,83,73
302,73,85,76
302,74,83,75
297,67,87,81
298,69,83,65
305,62,79,57
305,64,77,54
302,60,81,62
301,60,85,59
307,55,84,63
307,54,75,62
311,44,79,75
314,43,79,65
321,27,78,74
321,28,81,71
324,21,76,76
323,21,79,77
326,15,78,82
325,12,78,83
324,16,73,85
325,11,77,90
329,3,80,91
331,3,86,91
331,4,80,84
330,1,93,74
332,3,87,81
332,2,84,81
328,4,86,69
324,3,83,74
324,4,84,72
325,3,96,64
321,3,77,72
320,4,77,70
320,4,81,76
323,3,91,81
331,3,82,82
335,5,76,82
338,2,70,70
345,4,66,60
345,4,66,60
345,4,66,60
360,35,82,72
356,28,99,84
351,6,119,103
341,3,134,107
325,5,158,101
309,5,176,102
310,10,172,95
311,8,173,94
301,7,186,93
299,8,187,96
303,9,176,97
307,6,170,97
319,2,160,99
315,3,161,95
316,3,165,93
314,1,172,91
325,-1,174,86
306,-2,200,91
328,0,183,80
331,2,181,76
331,5,179,77
328,1,186,78
331,3,184,74
334,1,181,76
331,3,188,81
333,2,185,82
338,3,177,81
336,1,176,85
340,3,163,92
343,0,156,92
347,3,156,98
357,4,146,98
356,2,154,105
359,2,151,109
360,9,152,112
358,7,157,113
365,5,155,123
362,5,154,127
364,5,158,132
364,5,164,134
366,9,164,131
362,11,176,137
363,13,174,132
361,13,178,140
357,20,180,134
356,39,178,125
359,48,173,118
360,61,175,111
361,61,171,114
374,89,156,102
373,95,158,90
376,97,151,104
374,99,154,100
377,102,162,104
377,107,162,101
373,116,176,101
373,118,176,103
376,126,180,103
374,129,177,103
378,131,166,110
384,130,162,113
382,137,165,107
383,141,164,105
379,146,156,105
372,149,165,103
363,156,156,97
361,153,153,96
363,150,143,89
361,154,143,86
360,155,140,86
363,158,129,88
363,151,127,89
365,156,124,85
373,151,119,90
373,152,116,89
374,150,114,94
372,150,115,98
377,151,113,101
379,146,106,102
377,140,106,115
377,145,106,115
381,154,100,115
381,150,101,115
377,137,102,123
374,130,104,135
372,129,102,131
372,144,106,122
360,133,113,127
359,134,105,132
347,138,111,140
350,136,106,139
343,137,111,128
345,143,111,132
332,150,116,131
334,147,112,129
335,151,109,134
334,152,103,140
326,156,107,140
329,151,98,137
320,150,102,137
317,151,108,137
305,154,109,135
303,156,112,130
292,153,105,137
289,150,112,145
284,148,112,152
285,148,114,153
268,157,119,145
276,148,117,150
272,143,117,146
276,143,116,149
270,144,120,147
274,137,113,148
277,126,119,159
272,143,126,139
277,127,124,161
282,126,123,157
287,107,131,170
290,114,132,164
295,109,135,169
298,113,134,164
304,105,147,168
307,102,140,157
311,99,149,172
311,98,149,170
313,100,152,170
320,109,144,166
315,95,146,171
316,103,164,160
329,127,142,143
319,100,129,155
322,112,127,141
319,109,160,146
314,85,180,168
313,82,184,173
310,86,191,168
313,87,186,167
312,72,192,183
311,74,192,178
304,81,190,179
303,74,194,183
306,81,184,187
304,87,189,183
299,78,206,204
310,72,188,208
310,70,198,203
311,72,194,208
319,66,216,209
328,67,205,208
335,88,265,183
333,74,271,207
341,74,276,215
342,76,282,212
326,69,290,218
325,71,295,209
297,53,302,217
295,49,296,228
286,52,290,241
282,39,234,247
279,63,206,245
276,64,207,248
274,66,207,251
273,68,213,252
274,79,207,225
274,89,192,214
273,82,192,205
275,81,209,203
276,68,193,197
279,73,190,191
284,70,197,187
284,79,196,175
292,90,192,163
279,64,208,183
282,61,198,189
291,74,192,179
286,77,184,176
277,65,197,191
268,62,201,200
270,106,184,168
261,87,143,165
270,81,132,166
259,74,137,163
258,83,142,151
261,88,134,137
263,87,130,145
261,90,131,135
266,97,131,129
259,88,135,146
266,63,125,169
254,61,130,179
258,59,127,191
235,72,142,178
236,79,150,163
210,74,162,185
203,79,168,172
195,83,163,173
175,86,180,178
165,85,181,166
157,85,188,165
158,90,193,154
150,84,196,148
149,98,200,127
155,99,202,123
151,93,209,122
146,108,222,108
152,110,226,104
146,110,231,101
161,103,227,113
161,105,224,110
173,107,202,104
177,104,205,108
185,100,187,108
188,101,177,102
198,102,164,112
198,101,163,113
209,107,156,114
212,100,159,120
216,99,160,119
226,101,154,117
254,84,134,127
254,98,139,116
266,98,134,121
282,102,115,115
286,109,115,117
285,116,117,106
289,130,110,107
276,130,122,104
287,138,115,101
307,146,102,90
317,162,97,98
320,167,91,91
330,188,90,89
334,191,97,100
342,211,93,89
345,214,92,98
341,238,98,92
341,240,96,90
344,254,88,88
342,263,95,76
301,257,85,77
302,267,76,60
299,283,74,71
298,289,72,67
292,300,66,57
294,303,61,53
288,310,66,49
284,312,67,48
286,314,57,42
304,313,60,43
275,319,61,40
272,323,63,35
268,326,65,32
258,324,73,36
257,322,82,37
246,322,78,36
242,325,80,32
232,317,77,40
226,319,78,40
230,314,64,44
234,316,61,43
229,306,50,41
229,307,53,50
289,307,63,52
289,307,63,52
255,297,53,62
269,291,38,68
162,284,38,73
162,280,37,75
151,280,43,72
148,281,48,74
138,272,49,62
132,271,54,62
116,257,62,69
122,254,57,77
121,235,60,89
112,229,71,94
116,245,97,93
108,233,118,108
120,235,136,110
121,234,124,109
138,257,112,99
136,255,104,98
147,264,106,90
149,268,116,88
155,277,135,80
144,285,147,71
146,299,154,60
146,299,154,60
146,299,154,60
146,299,154,60
297,118,145,80
311,104,138,92
298,85,133,124
298,75,115,143
290,61,134,162
289,66,131,152
280,69,145,145
280,69,145,145
280,69,145,145
280,69,145,145
266,72,151,123
263,70,150,129
257,68,154,118
259,69,157,118
264,71,144,100
267,74,146,88
268,70,141,80
275,69,132,74
275,69,132,74
275,69,132,74
275,69,132,74
165,274,127,93
262,119,96,89
211,233,84,95
204,212,100,112
205,198,111,127
204,164,110,146
201,158,112,155
175,146,132,147
160,137,154,161
263,69,127,162
265,68,107,160
264,70,116,186
274,82,87,195
277,50,81,235
275,34,84,253
266,10,89,282
256,0,105,296
259,35,112,259
263,65,114,226
265,73,102,213
266,78,99,208
270,82,92,209
273,78,89,214
289,74,75,216
290,90,71,200
302,51,79,199
207,-20,112,191
200,0,134,156
206,4,131,146
198,3,136,152
203,5,129,155
195,12,127,158
203,13,120,147
287,97,106,126
285,98,111,121
295,104,88,113
295,100,89,118
302,109,85,107
305,103,84,114
310,99,96,123
312,106,95,126
210,194,98,122
209,202,92,125
210,248,114,107
472,1,91,89
472,1,91,89
472,1,91,89
472,1,91,89
472,1,91,89
