317,255,33,28
317,250,32,31
317,252,32,29
316,251,33,31
317,251,32,30
317,252,31,29
317,255,32,27
317,254,32,27
317,252,31,30
316,250,33,32
317,254,31,29
317,252,32,30
316,253,32,29
317,253,33,29
316,253,32,29
317,252,32,29
317,250,32,32
317,251,32,31
317,251,30,31
317,255,33,27
316,250,32,32
317,252,32,29
317,254,31,29
316,251,33,30
317,251,32,30
317,251,32,31
317,253,32,28
316,251,32,30
318,249,31,31
317,247,31,34
317,242,31,38
316,245,33,37
317,242,33,39
318,246,29,36
317,243,29,40
316,243,28,40
315,242,26,42
317,238,23,42
317,238,23,42
317,238,23,42
319,224,23,38
321,216,29,38
321,220,28,33
321,220,28,33
323,207,29,29
323,207,29,29
323,207,29,29
323,207,29,29
323,207,29,29
323,207,29,29
323,207,29,29
323,207,29,29
323,207,29,29
323,207,29,29
323,207,29,29
323,207,29,29
310,155,36,32
310,155,36,32
310,155,36,32
310,155,36,32
310,155,36,32
310,155,36,32
310,155,36,32
310,155,36,32
310,155,36,32
310,155,36,32
310,155,36,32
310,155,36,32
310,155,36,32
310,155,36,32
310,155,36,32
310,155,36,32
310,155,36,32
310,155,36,32
310,155,36,32
310,155,36,32
310,155,36,32
310,155,36,32
310,155,36,32
310,155,36,32
310,155,36,32
310,155,36,32
310,155,36,32
288,159,38,37
288,159,38,37
277,163,44,40
271,166,47,40
268,170,52,38
268,168,51,38
264,164,53,40
262,160,54,44
264,158,51,46
261,155,52,48
261,155,52,48
254,151,52,51
254,151,52,51
254,151,52,51
254,151,52,51
254,151,52,51
254,151,52,51
254,151,52,51
203,143,62,60
203,143,62,60
203,143,62,60
203,143,62,60
203,143,62,60
203,143,62,60
203,143,62,60
203,143,62,60
203,143,62,60
203,143,62,60
203,143,62,60
122,110,63,70
122,110,63,70
122,110,63,70
122,110,63,70
122,110,63,70
122,110,63,70
122,110,63,70
122,110,63,70
46,100,66,85
26,104,78,82
14,107,80,85
7,112,77,84
0,118,80,84
0,127,71,79
0,144,66,67
1,162,63,52
0,168,60,47
7,178,60,45
0,173,56,44
8,188,52,39
2,185,60,45
2,176,48,39
2,176,48,39
2,176,48,39
22,183,44,44
28,180,39,57
33,155,35,57
33,155,35,57
43,144,32,59
47,144,34,58
45,134,38,61
43,133,42,60
44,135,43,56
45,133,44,52
48,134,42,47
49,134,42,50
51,134,42,48
51,131,44,49
51,132,42,48
50,124,44,54
52,117,45,59
56,118,52,55
63,111,59,60
66,105,61,69
73,101,65,85
79,98,65,99
82,97,63,89
87,95,60,83
88,96,57,79
90,94,51,83
94,92,37,86
92,94,33,80
89,94,32,79
85,99,35,80
82,98,40,82
79,103,43,84
77,102,46,83
75,106,47,80
75,108,46,79
76,110,46,77
77,110,47,77
77,111,52,74
75,113,59,78
78,111,60,81
83,110,58,82
87,109,55,80
87,110,56,76
88,111,57,74
91,110,55,75
93,110,54,71
93,110,52,69
95,109,54,70
96,110,51,70
100,107,50,68
101,106,48,65
104,108,47,62
106,109,45,57
107,113,44,52
109,118,41,49
109,118,41,49
109,118,41,49
110,117,49,39
110,115,53,46
108,135,47,34
108,135,43,41
105,135,46,46
102,130,50,56
99,129,55,63
101,126,54,70
99,125,56,74
101,132,56,68
102,129,58,74
106,131,63,72
115,127,59,73
121,128,57,72
129,126,55,75
133,127,57,73
139,127,55,71
147,125,55,70
161,126,49,68
175,130,42,61
190,134,35,54
197,137,35,52
204,138,35,46
205,141,39,43
199,139,48,43
202,142,47,41
212,148,41,32
222,155,35,26
228,151,36,30
232,145,33,33
237,138,30,38
243,135,26,40
244,141,31,39
255,137,32,39
255,137,32,39
277,130,26,43
277,130,26,43
313,127,34,47
316,124,41,50
317,111,40,47
323,104,44,55
331,98,48,64
341,84,51,76
349,75,57,81
361,67,55,80
363,60,62,87
366,57,71,87
373,53,70,83
380,47,69,91
382,43,74,92
391,39,68,92
393,36,71,94
395,34,74,96
400,33,76,92
406,30,77,92
408,28,82,93
421,25,77,90
429,25,76,87
430,24,86,86
441,26,81,82
450,30,88,73
453,38,86,74
460,38,88,69
470,41,88,60
483,38,81,57
480,35,84,60
472,32,94,61
473,26,94,67
471,28,88,63
486,4,84,73
480,-1,89,78
476,1,84,74
477,6,72,65
477,6,72,65
477,6,72,65
477,6,72,65
477,6,72,65
477,6,72,65
477,6,72,65
477,6,72,65
477,6,72,65
477,6,72,65
477,6,72,65
477,6,72,65
477,6,72,65
491,0,72,61
491,0,72,61
491,0,72,61
525,-1,69,43
527,2,70,41
527,2,68,50
527,2,68,50
533,4,61,49
520,12,65,48
528,5,56,44
519,16,53,35
514,12,48,39
502,32,54,50
499,5,51,52
480,35,62,49
479,38,62,47
478,25,65,50
460,23,62,52
460,23,62,52
448,36,58,66
442,35,56,80
438,36,51,86
434,31,51,87
430,31,51,89
428,28,48,90
428,28,49,92
425,24,49,94
426,26,48,91
426,22,48,92
426,24,47,90
426,16,48,94
426,9,48,101
426,10,47,98
425,14,51,89
420,27,59,107
426,13,64,119
440,-3,67,99
443,4,71,78
455,13,62,69
457,15,61,72
462,22,59,70
464,22,60,74
472,28,54,71
475,32,54,67
478,33,53,69
480,34,52,72
483,39,49,71
486,41,48,74
489,43,46,75
496,48,40,76
499,53,40,77
502,58,38,75
506,62,37,72
511,65,36,73
512,68,38,76
514,75,36,75
517,76,34,78
517,76,33,80
517,76,33,80
517,76,33,80
517,76,33,80
517,76,33,80
497,90,42,82
497,105,40,67
500,94,36,76
497,106,31,63
494,108,27,59
490,107,28,60
490,106,25,62
488,104,26,64
487,102,27,70
485,101,25,68
482,100,26,71
478,96,26,73
471,99,32,70
465,99,33,78
458,99,37,88
458,87,37,100
457,90,37,98
455,94,37,94
454,101,37,88
451,114,36,77
451,125,30,65
443,120,34,67
442,136,32,60
438,138,28,50
434,140,30,46
430,143,30,42
427,149,34,34
423,151,38,33
419,151,40,33
414,152,43,34
411,152,46,33
411,152,46,33
411,152,46,33
411,152,46,33
411,152,46,33
411,152,46,33
376,192,42,40
378,204,30,47
375,197,33,54
369,184,36,67
364,183,33,69
357,182,33,69
352,181,34,71
343,181,44,70
340,178,31,74
332,180,33,69
323,177,39,71
315,179,41,68
308,180,41,67
302,181,41,66
294,178,48,68
291,177,50,68
285,169,59,74
282,164,59,81
277,163,64,78
273,161,70,77
268,156,79,80
264,148,87,75
265,150,74,89
266,148,74,91
271,146,70,97
262,140,76,105
252,138,85,110
241,138,101,109
230,127,119,119
217,122,136,109
215,149,146,126
216,141,149,153
210,124,153,181
213,117,142,190
213,116,153,192
209,119,168,191
208,120,162,189
209,122,153,188
208,118,174,194
212,122,169,184
211,117,176,188
208,120,182,187
209,125,175,181
209,123,165,183
210,123,161,184
209,117,161,192
210,122,150,187
209,127,175,184
211,126,169,184
217,135,161,169
200,150,185,156
216,126,160,183
216,124,161,180
211,127,163,181
215,120,163,182
224,122,153,180
234,118,144,164
249,122,130,137
240,118,140,151
239,123,138,141
237,122,140,146
241,120,135,143
243,122,138,150
245,92,131,167
245,95,131,164
243,99,135,159
244,115,135,145
248,114,128,149
248,103,128,169
246,115,131,152
251,117,126,156
248,119,130,142
251,123,126,147
252,121,126,145
249,122,127,146
251,127,124,131
250,124,124,140
250,122,121,145
247,124,121,141
244,121,125,144
243,129,116,131
247,123,110,144
246,119,112,151
252,123,102,142
262,115,88,150
260,109,88,152
255,112,89,157
250,114,92,153
241,111,98,159
233,115,104,157
225,117,106,165
220,119,105,187
218,119,106,189
217,116,105,195
215,120,106,187
215,119,105,189
212,118,111,192
211,119,107,188
209,120,107,187
206,115,108,193
207,117,106,193
204,114,106,198
204,114,107,197
202,114,111,198
204,109,105,201
198,113,114,199
195,112,120,199
186,113,127,198
185,112,130,200
185,118,128,193
180,112,138,199
190,123,126,192
186,120,137,194
188,123,139,192
182,125,139,186
194,127,128,189
187,138,131,174
192,136,133,176
192,141,135,166
190,162,131,150
199,141,124,162
193,123,135,186
200,122,121,192
200,115,131,192
197,121,122,186
204,127,110,181
199,124,129,183
202,115,120,192
203,109,120,198
207,116,116,193
211,110,111,197
202,110,126,202
199,109,125,200
202,107,125,200
202,105,129,202
205,108,133,201
206,114,125,198
198,110,148,199
202,126,142,187
195,128,153,184
198,140,150,167
194,138,160,173
202,160,149,148
203,122,156,144
197,123,161,188
193,134,163,179
196,140,166,172
199,142,167,170
205,137,158,175
204,145,166,163
209,173,169,138
209,133,168,173
206,132,156,175
207,139,175,167
209,138,154,169
207,126,166,182
208,130,167,178
207,120,176,188
208,128,178,180
210,129,178,178
204,126,190,183
209,129,183,180
215,132,179,180
205,132,191,182
213,129,185,185
215,124,182,184
217,127,184,183
211,128,186,178
212,128,185,177
212,127,184,178
206,124,191,187
213,125,184,179
210,122,185,184
211,124,186,181
216,125,179,176
215,125,179,179
219,129,173,168
218,131,174,170
228,131,159,166
234,130,152,152
252,129,126,136
251,133,125,130
253,134,127,129
250,129,130,137
242,128,139,138
243,124,136,143
244,121,135,145
245,121,127,140
246,121,131,142
245,121,128,144
245,115,132,147
244,120,133,144
245,118,135,145
245,120,134,144
246,117,132,147
248,116,130,152
244,116,135,147
245,110,134,155
246,116,134,153
246,113,133,151
246,106,133,166
245,105,137,160
246,110,138,154
247,100,136,167
246,114,140,150
246,120,139,142
248,115,136,148
247,113,139,150
250,119,140,143
250,121,140,140
252,108,135,156
254,115,136,148
253,113,139,150
253,106,137,162
254,110,143,151
253,107,143,153
252,110,141,150
251,110,144,151
251,113,148,149
251,115,149,145
338,10,129,121
374,26,115,96
384,34,92,81
416,53,70,75
420,63,59,54
433,77,59,48
433,87,50,44
433,99,48,33
431,110,47,22
435,117,42,20
430,121,43,19
425,122,43,23
417,122,51,25
411,122,52,26
406,122,55,29
402,121,54,29
395,123,57,27
388,124,59,27
381,123,62,29
375,124,61,28
369,123,62,30
360,123,65,30
353,122,66,31
341,123,71,31
336,123,67,33
323,122,70,35
316,123,70,33
300,126,69,34
288,131,71,36
274,130,79,36
262,132,80,37
251,137,82,32
238,140,84,35
230,142,78,37
219,145,81,42
207,147,81,40
195,149,82,41
183,153,83,39
175,157,78,36
165,162,77,35
155,165,81,33
146,167,82,35
139,173,76,31
129,174,77,33
120,174,77,38
112,172,78,49
105,176,75,45
95,179,76,40
91,183,71,43
85,184,68,47
79,189,64,44
73,192,62,44
67,197,60,43
59,199,61,43
53,204,56,39
47,209,53,33
36,214,58,39
32,214,58,51
39,217,50,54
35,219,53,57
27,219,48,54
33,219,44,58
33,221,41,51
31,222,42,47
31,224,36,35
32,223,36,35
32,220,41,36
32,216,44,36
31,212,43,37
32,208,42,39
34,205,42,36
36,199,39,41
38,195,39,43
38,193,37,44
42,190,35,45
42,189,34,46
45,183,33,53
48,178,31,56
51,171,31,61
54,166,36,63
60,162,33,64
65,157,36,68
73,152,35,67
81,147,33,68
87,141,35,70
93,135,38,73
100,129,42,73
108,125,41,71
119,118,38,72
127,112,40,73
137,108,39,67
143,102,48,69
151,100,48,64
162,95,47,68
172,91,43,63
183,88,41,64
191,86,43,61
198,85,45,60
207,85,41,56
214,83,41,59
222,83,42,60
228,84,42,56
237,83,41,56
244,83,41,50
255,82,36,50
265,82,29,48
274,81,24,46
281,80,22,42
281,80,28,41
284,85,33,34
289,85,29,29
289,82,34,27
291,81,35,25
296,79,38,26
295,77,42,27
300,75,45,28
296,73,52,30
295,67,60,37
292,63,62,42
292,61,70,41
297,57,70,42
303,53,63,41
305,50,61,40
303,48,62,50
305,47,57,49
306,46,53,58
309,44,48,63
312,45,44,60
314,46,42,63
316,47,41,62
317,48,39,64
319,48,38,66
322,50,37,68
324,57,37,70
325,50,28,74
330,53,21,69
332,55,18,66
333,56,19,64
333,58,22,60
333,60,24,59
332,62,28,58
332,63,32,57
332,66,34,55
331,68,38,52
344,92,44,61
337,72,53,74
338,70,57,85
344,68,52,94
344,67,54,98
344,68,57,98
348,66,52,90
344,65,62,82
352,68,56,82
353,67,60,90
358,67,59,85
362,66,60,90
370,66,58,87
383,64,50,91
389,62,51,97
400,64,48,92
411,59,46,86
421,64,42,80
436,65,35,69
447,66,31,70
454,70,31,62
456,71,31,65
455,74,36,68
458,77,34,67
455,78,39,68
457,82,37,67
458,84,39,63
459,88,39,60
457,91,41,61
455,93,41,60
452,97,41,59
450,99,40,58
445,104,40,56
442,107,39,55
437,107,40,55
433,112,40,54
429,114,40,56
425,115,40,57
420,117,41,56
415,117,41,58
410,120,42,55
405,123,42,51
401,124,41,53
394,126,41,53
387,129,40,52
377,133,44,50
368,136,46,51
358,139,49,55
348,142,51,53
338,146,53,50
334,147,48,54
332,148,47,55
326,150,48,51
325,151,48,53
321,154,42,52
316,154,43,52
311,155,39,51
308,156,37,50
304,150,38,55
300,150,39,55
298,150,37,55
294,152,37,52
291,152,33,50
287,152,28,47
287,151,21,46
282,152,24,48
275,151,24,40
274,156,20,43
266,161,24,46
262,155,21,42
257,157,21,39
250,159,24,36
243,162,27,34
235,164,31,34
231,165,32,34
227,166,34,32
224,165,36,33
220,165,38,37
217,167,39,37
215,168,39,43
209,166,39,39
202,166,46,39
195,167,48,38
188,165,52,45
181,165,55,43
176,167,53,41
170,168,54,41
164,169,60,51
158,172,66,53
153,175,68,50
148,178,71,49
145,178,70,50
140,178,73,52
135,178,84,51
130,178,87,48
125,181,91,49
121,179,94,46
117,181,88,48
115,181,90,49
112,182,89,47
108,184,95,46
106,185,92,47
103,189,91,45
100,190,90,44
98,191,89,44
95,192,89,46
92,196,89,43
91,199,84,42
88,202,84,43
87,206,87,41
86,212,86,37
87,217,83,34
84,220,82,33
85,224,80,32
86,227,79,31
87,231,72,27
90,233,67,29
90,235,67,26
91,237,65,25
100,242,75,28
91,240,75,26
92,241,71,26
93,244,69,24
93,246,63,23
93,250,61,23
95,254,62,21
96,257,57,21
97,259,48,23
101,263,40,22
104,264,33,20
106,265,33,19
109,266,29,18
111,266,27,17
113,266,24,16
113,266,24,16
113,266,24,16
113,266,24,16
113,266,24,16
113,266,24,16
113,266,24,16
113,266,24,16
113,266,24,16
113,266,24,16
113,266,24,16
113,266,24,16
113,266,24,16
113,266,24,16
113,266,24,16
113,266,24,16
113,266,24,16
113,266,24,16
113,266,24,16
113,266,24,16
113,266,24,16
113,266,24,16
113,266,24,16
113,266,24,16
113,266,24,16
113,266,24,16
113,266,24,16
113,266,24,16
113,266,24,16
113,266,24,16
113,266,24,16
113,266,24,16
113,266,24,16
113,266,24,16
113,266,24,16
113,266,24,16
113,266,24,16
113,266,24,16
113,266,24,16
113,266,24,16
113,266,24,16
113,266,24,16
113,266,24,16
113,266,24,16
113,266,24,16
113,266,24,16
113,266,24,16
113,266,24,16
113,266,24,16
113,266,24,16
113,266,24,16
113,266,24,16
113,266,24,16
113,266,24,16
113,266,24,16
113,266,24,16
113,266,24,16
113,266,24,16
113,266,24,16
113,266,24,16
113,266,24,16
113,266,24,16
113,266,24,16
113,266,24,16
113,266,24,16
113,266,24,16
113,266,24,16
113,266,24,16
113,266,24,16
113,266,24,16
113,266,24,16
113,266,24,16
113,266,24,16
113,266,24,16
113,266,24,16
113,266,24,16
113,266,24,16
113,266,24,16
113,266,24,16
113,266,24,16
113,266,24,16
113,266,24,16
113,266,24,16
113,266,24,16
113,266,24,16
113,266,24,16
113,266,24,16
113,266,24,16
113,266,24,16
113,266,24,16
113,266,24,16
113,266,24,16
113,266,24,16
113,266,24,16
113,266,24,16
113,266,24,16
113,266,24,16
113,266,24,16
113,266,24,16
113,266,24,16
113,266,24,16
113,266,24,16
113,266,24,16
113,266,24,16
113,266,24,16
113,266,24,16
113,266,24,16
113,266,24,16
113,266,24,16
113,266,24,16
113,266,24,16
113,266,24,16
113,266,24,16
113,266,24,16
113,266,24,16
113,266,24,16
113,266,24,16
113,266,24,16
113,266,24,16
113,266,24,16
113,266,24,16
113,266,24,16
113,266,24,16
113,266,24,16
113,266,24,16
113,266,24,16
113,266,24,16
113,266,24,16
113,266,24,16
113,266,24,16
113,266,24,16
113,266,24,16
113,266,24,16
113,266,24,16
113,266,24,16
113,266,24,16
113,266,24,16
113,266,24,16
113,266,24,16
113,266,24,16
113,266,24,16
113,266,24,16
113,266,24,16
113,266,24,16
97,281,21,18
96,280,22,20
127,234,25,24
136,232,27,26
139,239,26,33
140,236,31,40
137,241,38,44
118,263,49,46
113,258,53,54
111,255,59,62
105,262,60,68
101,264,65,71
94,267,76,69
95,269,75,73
101,271,65,72
105,273,63,75
107,277,61,77
108,275,57,81
110,281,54,75
110,281,53,75
114,282,47,76
118,286,49,74
117,289,49,71
117,295,52,64
126,300,46,58
136,303,45,53
148,303,47,53
162,307,49,51
172,309,57,45
183,312,65,40
200,313,65,39
217,315,71,41
235,316,73,41
248,314,71,44
254,311,70,47
254,307,68,52
259,303,66,54
258,305,63,55
259,302,65,56
260,300,64,57
261,304,62,54
257,305,65,56
257,302,67,55
258,304,64,54
258,304,66,54
258,303,63,55
258,303,64,53
257,304,64,55
257,306,65,53
257,304,66,55
256,303,66,54
256,304,65,56
257,300,68,57
257,299,64,60
263,303,59,56
262,302,64,57
266,303,59,56
271,301,55,58
276,303,51,55
281,303,49,56
289,307,42,53
293,304,41,56
298,301,39,58
305,302,36,58
311,301,36,58
316,300,37,58
321,300,37,58
324,295,40,63
328,295,41,62
330,292,41,68
331,287,41,72
332,287,37,73
332,288,39,72
333,289,37,70
331,288,39,71
331,283,41,74
332,281,43,75
333,280,42,74
334,283,43,70
336,283,41,66
336,280,43,68
336,276,41,71
338,275,40,68
338,273,42,69
338,276,44,62
340,274,44,63
342,272,41,63
344,271,40,63
344,272,40,58
344,272,41,55
342,273,42,54
340,275,44,50
337,275,45,47
332,273,48,44
328,271,52,49
322,270,57,48
320,269,59,50
316,269,60,48
312,269,63,47
306,269,67,47
293,270,72,47
297,272,70,43
291,270,73,45
289,270,76,40
294,271,72,43
293,272,71,44
292,269,71,48
287,267,76,52
286,268,79,49
289,268,75,46
293,269,73,46
295,270,70,46
297,271,69,45
295,271,70,47
294,271,76,48
291,272,75,47
287,272,79,48
292,273,76,45
295,275,73,43
280,272,81,53
271,272,94,62
269,277,101,56
265,273,106,62
267,273,103,61
276,273,94,56
278,269,92,59
283,267,86,61
286,267,84,59
290,266,77,60
292,267,74,58
288,262,78,63
291,265,76,60
291,263,75,62
292,262,74,63
291,266,73,58
290,267,74,57
289,269,76,55
289,267,74,57
292,266,72,59
287,265,79,59
285,267,80,56
285,268,79,57
285,267,79,58
289,266,76,58
289,269,76,57
291,268,72,57
288,268,75,57
290,267,76,58
286,268,79,58
287,267,79,57
286,266,79,59
289,267,77,58
286,267,79,58
285,265,82,60
286,267,82,58
288,269,77,56
287,270,78,54
289,271,77,53
288,270,79,55
289,270,79,54
289,271,81,55
291,271,80,53
293,272,78,54
295,270,76,54
297,270,75,54
301,270,74,55
306,270,70,55
311,271,68,55
315,269,66,56
320,270,65,55
327,268,61,58
334,269,54,56
341,269,50,55
346,269,46,56
353,269,42,57
357,268,40,58
361,268,39,55
365,268,37,58
368,268,32,63
378,266,30,54
379,268,33,60
384,272,32,60
388,270,31,58
348,253,42,61
374,270,52,56
355,253,54,70
355,252,60,72
357,252,70,70
358,251,78,75
360,252,76,73
362,252,73,75
377,271,77,57
363,264,85,61
361,258,89,70
359,259,93,68
326,253,115,73
327,254,123,72
304,255,139,70
305,256,150,69
273,252,172,71
278,253,172,73
286,255,168,70
282,261,168,62
274,263,184,59
279,252,178,71
275,248,179,76
300,248,165,77
275,243,160,81
281,249,174,74
296,246,171,78
275,241,166,84
280,237,154,85
271,235,166,87
293,244,152,77
271,235,144,84
278,239,128,79
273,237,117,78
269,227,102,83
360,260,88,67
359,261,90,69
359,260,90,69
360,260,87,66
360,259,86,68
360,259,85,69
360,260,85,68
360,259,80,68
360,259,76,68
361,260,80,67
360,259,77,69
361,260,86,68
360,260,88,67
361,261,85,67
360,259,84,68
361,260,82,66
361,259,80,66
360,259,79,66
360,260,75,66
361,259,69,65
361,258,68,70
364,260,59,67
362,260,66,65
362,260,66,66
362,262,79,60
361,259,80,66
361,257,79,67
359,258,84,67
360,255,83,70
360,257,83,67
359,257,87,68
359,258,78,68
359,257,64,69
361,259,67,65
358,258,71,66
356,259,65,66
361,260,61,63
361,261,64,60
360,261,63,61
311,246,53,70
309,254,49,64
308,262,45,58
308,266,47,55
306,268,45,54
302,260,51,56
294,266,57,57
291,270,61,53
281,272,70,53
275,273,75,52
254,275,96,50
249,275,101,51
249,277,101,49
247,277,103,48
242,277,108,49
236,280,116,47
230,279,122,49
321,265,114,60
323,264,111,60
325,263,111,61
235,278,105,55
237,283,120,46
237,283,122,43
237,283,124,44
228,283,132,43
236,281,125,48
238,281,119,49
240,281,118,47
238,281,118,50
237,280,121,50
238,281,119,47
237,280,122,51
236,281,121,47
237,281,121,49
237,281,121,48
240,280,118,53
238,280,119,49
236,281,123,49
232,280,118,44
238,279,105,48
242,280,99,55
243,282,86,50
251,284,78,47
252,284,67,47
254,286,59,43
257,287,53,42
262,286,50,43
264,287,44,44
264,287,44,43
263,288,45,43
265,287,44,44
264,287,45,43
265,287,45,43
264,287,45,44
265,288,44,42
263,287,46,44
263,287,47,45
261,287,50,47
257,287,53,46
261,287,49,45
265,288,44,42
264,288,45,43
263,289,47,43
263,288,46,44
264,288,45,43
264,288,45,42
262,287,49,45
262,287,47,44
263,287,46,45
264,288,45,43
264,288,45,42
265,287,44,44
263,287,47,42
264,286,45,43
265,288,44,41
264,287,47,43
263,288,46,43
265,288,45,45
265,288,45,43
264,287,46,42
265,288,44,41
266,287,43,43
265,287,46,42
265,287,45,42
265,285,46,44
265,287,45,42
264,289,44,40
265,291,41,37
265,290,42,38
265,289,43,40
265,290,41,38
263,287,44,41
255,277,52,52
258,277,52,55
233,258,63,56
250,257,62,69
236,243,68,66
273,242,82,73
243,244,111,64
235,218,129,87
235,216,138,90
237,211,130,91
232,209,129,94
235,205,122,93
233,202,120,96
235,201,121,97
227,194,128,106
225,193,127,103
232,193,120,104
237,190,113,107
229,181,127,79
240,186,112,72
241,179,107,75
237,176,113,74
225,173,120,74
228,166,115,86
223,164,123,93
225,162,120,93
219,157,130,96
221,182,127,120
226,151,123,119
233,156,117,129
232,156,116,141
239,159,110,142
235,153,118,147
232,157,118,140
227,160,131,138
239,157,117,136
221,161,131,134
240,167,115,125
239,163,114,138
223,161,133,131
191,171,151,131
197,172,153,128
189,168,163,129
185,165,171,132
186,161,168,131
178,169,188,127
182,168,179,119
168,170,164,132
173,167,184,134
180,179,181,121
161,171,188,131
181,182,179,121
166,153,155,121
168,154,188,136
163,161,192,143
162,166,197,140
164,139,203,141
166,134,201,144
173,129,195,155
182,129,185,144
184,127,187,132
188,126,185,122
197,126,174,130
194,128,174,124
206,123,163,134
198,119,177,124
205,115,169,140
226,114,146,145
239,128,127,130
226,122,130,135
239,128,130,131
246,139,120,122
234,154,115,100
249,164,99,92
254,146,87,113
252,159,94,102
258,163,86,98
258,163,81,95
257,160,81,94
261,143,74,117
262,155,76,105
261,148,81,105
248,163,95,95
236,135,81,114
267,159,78,104
239,131,89,120
233,124,111,127
243,117,106,135
240,124,121,127
239,124,138,125
223,124,157,127
216,128,166,124
221,131,160,124
211,128,169,132
212,131,168,169
221,136,158,172
214,138,167,168
206,140,172,167
199,144,182,169
203,140,176,175
194,144,191,171
200,141,184,175
195,158,195,163
206,121,171,167
206,123,173,140
210,119,173,130
205,199,187,117
207,151,189,150
227,188,171,131
204,135,183,129
201,120,186,135
245,217,160,94
266,237,151,89
263,230,131,84
289,252,121,70
271,247,129,70
292,252,115,64
280,256,116,55
287,257,121,57
270,255,127,60
279,259,131,54
290,261,134,52
280,260,132,50
291,260,136,50
290,262,124,50
275,260,127,52
296,260,114,52
296,255,103,58
325,252,92,66
337,257,76,60
322,255,62,65
332,260,45,58
339,259,36,60
340,257,33,61
341,256,34,61
341,255,31,64
342,256,32,61
342,255,33,63
341,255,34,65
341,255,35,63
340,258,36,60
341,255,36,65
340,257,37,60
339,255,37,62
340,256,35,62
340,258,37,57
339,257,37,58
340,256,37,61
341,257,35,56
339,257,37,55
340,257,36,56
340,257,37,58
340,256,36,60
340,256,34,56
340,256,37,65
340,255,35,63
340,256,37,56
340,257,37,59
340,257,36,57
340,259,36,56
339,256,37,55
