274,214,77,125
271,209,75,128
271,217,74,120
271,213,72,125
272,216,74,121
275,219,73,117
269,214,76,121
272,214,75,123
272,217,74,123
274,220,74,116
273,233,75,102
272,235,77,101
272,235,75,101
273,245,79,91
272,243,76,89
273,246,74,90
274,241,78,91
272,244,75,90
273,235,80,100
274,235,79,101
271,228,75,109
274,219,76,121
273,225,76,116
274,224,73,112
273,229,72,109
273,235,73,103
272,234,72,105
272,239,83,99
273,247,81,89
271,241,95,99
271,233,102,109
269,228,107,116
270,215,111,124
275,211,117,121
290,213,110,118
307,200,105,123
309,195,104,128
316,198,98,123
325,194,97,123
331,192,94,116
334,190,92,108
335,188,90,108
335,182,85,110
337,174,79,108
337,169,77,106
332,161,74,106
243,196,84,109
245,189,83,113
254,187,79,118
253,193,86,114
255,189,93,113
252,205,94,97
255,208,93,99
258,201,86,102
262,207,84,101
266,203,78,106
269,203,79,108
270,207,78,109
273,218,74,97
272,209,72,103
271,210,71,102
270,208,71,105
271,199,70,110
271,196,73,115
268,210,71,99
268,210,73,96
272,215,74,91
269,217,73,87
271,208,71,102
270,212,69,96
268,209,72,100
273,218,70,87
271,218,72,90
271,200,71,107
271,202,72,103
271,207,73,102
272,207,73,99
270,211,74,94
272,214,69,91
270,218,71,88
271,222,67,88
272,220,69,86
273,223,72,85
272,217,72,88
272,214,79,95
277,218,74,95
279,208,81,98
281,208,83,102
289,211,86,104
292,211,84,103
298,217,85,101
299,208,86,111
303,206,80,117
304,209,80,116
301,214,80,115
299,211,77,120
304,218,73,115
304,217,73,116
297,222,76,105
301,223,77,109
300,223,76,114
300,224,77,109
299,235,76,101
298,229,74,102
298,232,77,102
302,226,73,110
300,227,77,110
299,213,78,119
298,219,77,114
299,225,75,107
297,241,77,95
296,240,80,94
300,246,75,89
296,240,76,94
302,239,78,97
296,227,73,105
300,224,75,105
297,216,74,114
299,221,74,116
297,224,74,106
298,227,76,104
296,229,79,105
300,230,77,105
297,225,76,106
299,219,74,110
302,215,74,117
297,210,78,126
302,211,72,121
296,213,79,123
297,201,78,134
290,199,87,135
294,205,79,130
294,209,83,123
292,211,82,123
294,211,78,124
294,211,83,124
297,213,77,124
297,209,76,122
292,210,82,126
297,209,79,125
292,203,80,132
289,203,85,133
297,207,76,126
293,212,80,121
296,207,76,127
300,214,73,120
301,211,72,122
295,207,81,130
292,210,84,124
297,209,77,124
299,208,79,125
294,212,81,122
297,200,79,133
295,208,82,127
299,212,81,123
294,211,84,124
295,201,82,135
301,205,74,128
292,205,85,129
295,210,81,126
296,214,79,123
296,205,82,128
296,204,78,129
295,210,78,127
299,213,77,122
300,201,74,132
298,201,78,135
297,190,79,142
302,209,81,129
297,218,79,116
299,212,75,123
298,215,82,120
299,213,79,122
298,211,76,122
297,217,74,116
300,212,76,117
302,223,74,113
299,213,73,117
296,229,78,100
297,235,78,99
298,235,75,95
301,242,77,92
299,246,76,88
299,242,78,90
297,237,75,95
299,230,78,104
298,220,72,114
302,223,76,110
299,212,76,119
297,215,78,120
301,216,79,118
298,221,79,113
303,218,74,115
300,218,77,113
299,215,77,121
303,209,76,128
299,213,80,123
302,216,73,119
296,215,75,118
299,220,73,112
303,216,79,116
300,213,77,121
301,213,75,121
299,214,72,119
300,216,75,120
298,209,74,127
301,212,73,123
301,212,73,121
301,216,71,116
298,214,78,120
299,207,74,129
298,212,77,119
298,211,78,120
302,215,73,117
300,214,75,121
303,218,78,115
299,215,78,122
304,212,72,120
296,222,81,110
302,222,74,108
299,217,75,114
300,221,75,116
302,211,74,119
299,221,78,111
298,222,77,108
298,223,76,106
298,217,76,115
304,215,70,117
299,217,79,119
298,214,78,118
303,215,75,122
298,212,78,123
301,212,71,122
301,215,74,118
297,212,76,120
298,216,79,119
301,204,76,131
302,209,76,126
300,215,75,119
299,211,77,119
300,221,73,117
302,226,74,108
299,224,75,112
294,220,79,114
298,222,80,114
297,216,76,118
299,223,72,109
302,220,73,112
298,213,77,120
302,216,71,118
295,220,80,111
300,221,74,114
299,212,73,124
302,210,72,125
300,215,76,119
302,212,70,117
305,227,76,108
300,216,75,118
301,211,76,126
297,213,78,118
298,225,73,109
302,216,75,117
300,218,79,115
301,222,75,114
298,220,76,113
302,211,70,119
299,214,77,122
302,214,70,119
301,213,75,124
302,211,76,125
299,213,76,123
299,213,79,120
303,217,76,118
299,218,78,117
299,219,74,115
300,218,75,114
301,214,71,118
299,211,79,123
299,205,79,129
299,204,77,130
303,216,76,118
302,223,72,110
299,221,78,110
301,219,71,112
300,208,74,125
306,224,70,111
300,215,74,118
301,215,73,117
297,218,78,116
300,221,71,114
300,218,74,117
300,210,74,122
299,216,73,120
300,211,75,123
299,205,75,130
302,212,71,121
300,213,77,122
302,219,76,116
297,213,77,120
305,214,74,119
297,218,75,114
301,217,75,116
301,215,76,117
299,216,77,118
301,212,73,121
297,212,82,119
295,213,79,119
300,214,76,118
299,207,79,128
298,211,78,126
300,206,73,129
299,205,75,130
298,216,74,116
300,211,73,123
297,206,75,128
295,210,79,128
299,206,73,126
298,208,72,126
299,211,74,123
299,211,75,120
297,213,76,122
299,211,79,121
300,215,76,121
301,212,78,121
296,213,78,119
298,213,75,118
299,212,81,121
297,213,78,121
300,218,76,115
299,213,81,119
297,213,77,122
301,225,76,105
301,225,74,108
300,228,74,101
297,222,76,110
300,220,77,112
299,217,77,117
298,210,80,127
298,218,75,116
296,215,75,115
298,224,79,113
299,213,77,122
299,210,75,126
297,218,76,115
297,215,76,117
300,212,74,118
300,215,79,122
300,218,75,116
299,226,76,108
302,220,70,117
301,215,73,118
301,216,73,118
301,222,77,109
301,229,73,106
299,221,73,110
300,226,69,104
301,228,74,104
301,219,72,112
299,216,74,117
298,221,71,109
299,236,71,100
303,241,68,90
300,241,71,91
304,231,73,102
296,223,79,110
300,212,75,122
299,211,75,122
299,210,78,121
297,212,82,118
297,213,83,117
297,213,81,118
297,202,80,131
297,210,81,117
296,211,80,125
298,207,76,130
297,213,81,118
298,213,77,121
301,213,75,124
298,213,77,122
298,209,81,125
298,209,75,123
297,212,78,121
296,210,77,120
300,211,72,126
299,216,76,116
301,212,71,120
301,211,71,125
298,217,78,112
301,220,77,115
300,223,73,110
304,222,63,114
299,224,72,109
303,240,70,96
303,238,77,93
301,222,91,99
300,211,106,94
300,211,106,94
300,211,106,94
300,211,106,94
300,211,106,94
248,181,122,103
246,173,127,116
253,170,120,117
245,171,129,117
247,175,123,113
250,169,122,115
244,176,129,112
252,167,126,118
250,174,125,115
257,185,116,99
247,176,124,114
249,187,124,99
243,187,131,95
244,177,132,110
241,186,132,99
246,178,128,109
248,185,126,99
246,176,127,111
244,184,130,101
241,174,133,111
250,173,126,112
244,176,127,112
244,182,130,107
244,179,129,107
254,183,120,100
246,181,128,108
243,183,131,103
245,186,128,101
245,176,131,110
244,178,133,109
243,172,130,114
245,174,127,109
242,174,132,113
245,176,129,108
241,179,132,109
246,179,131,104
241,180,131,109
244,167,135,122
245,173,134,115
248,178,128,109
242,168,132,115
249,177,128,112
244,181,131,105
251,171,123,114
244,175,128,114
253,185,117,100
241,184,125,101
245,180,124,108
245,184,122,103
243,182,129,102
243,174,133,116
245,180,124,107
242,183,132,108
273,181,164,126
254,181,169,132
252,186,163,136
238,186,168,148
245,187,154,150
241,188,150,147
253,188,138,150
245,186,137,148
248,189,128,146
258,170,120,163
278,166,92,167
284,180,83,155
280,188,79,147
279,186,83,148
277,189,81,143
277,192,73,141
273,195,81,137
269,208,69,121
264,201,73,126
258,200,74,126
258,196,74,131
256,199,77,124
257,193,73,131
257,200,70,125
256,200,70,124
259,200,69,121
256,202,72,123
259,207,72,117
253,198,74,125
257,195,71,129
255,191,69,134
255,200,69,123
252,204,74,119
255,194,74,130
256,200,75,123
253,199,71,123
249,204,77,118
252,198,76,126
252,205,72,118
250,211,76,111
250,210,75,115
252,199,72,126
257,197,68,128
254,195,72,130
258,201,70,122
259,202,71,123
260,205,72,118
258,209,72,114
257,216,69,106
256,206,70,114
259,204,69,116
255,212,70,110
254,210,72,112
260,209,70,113
256,200,73,121
259,204,67,121
258,199,68,124
256,205,71,115
256,201,69,121
253,207,75,118
259,206,69,119
256,217,71,105
260,214,68,110
258,205,65,116
255,206,66,117
256,210,72,117
257,209,69,111
252,208,72,114
255,200,66,119
256,206,67,112
258,217,67,103
259,228,68,91
254,225,72,94
256,223,73,94
258,227,71,94
258,220,72,98
256,223,70,99
257,226,73,97
257,222,73,103
255,217,72,107
258,211,69,115
256,201,75,119
257,199,66,125
257,203,67,119
258,200,71,123
255,205,73,119
256,203,71,117
258,199,65,124
254,195,69,126
253,201,68,121
255,205,71,117
256,200,70,123
260,203,68,121
259,202,69,123
258,202,67,120
260,200,70,125
256,204,73,119
256,201,69,123
255,200,65,123
259,194,71,130
256,201,71,123
256,205,70,119
256,203,72,120
258,207,67,114
259,207,71,113
261,210,70,112
259,202,69,117
258,205,71,117
260,205,67,115
258,199,68,124
259,200,68,125
256,196,70,127
259,197,67,124
258,203,67,121
259,202,71,123
255,193,69,131
258,197,68,126
256,198,67,125
256,200,71,125
254,202,72,120
259,202,69,119
255,209,71,113
256,202,68,122
255,204,69,118
258,210,71,114
254,197,72,127
259,199,68,125
258,205,68,114
257,204,72,119
253,201,68,118
254,200,70,122
256,201,71,121
257,198,70,129
258,198,70,126
256,204,66,118
256,202,68,119
255,197,69,129
255,199,65,124
258,201,69,123
255,201,71,121
260,203,71,122
259,200,71,124
254,200,72,124
258,206,70,118
255,200,66,120
259,203,71,120
259,202,73,121
258,201,69,120
257,204,68,116
256,203,73,119
256,199,69,124
254,197,70,125
256,202,70,125
259,207,68,115
256,204,67,118
254,206,72,116
254,200,68,120
253,205,68,118
256,204,70,115
262,200,69,123
257,198,71,125
254,200,76,124
254,201,68,119
256,203,73,118
255,201,73,122
257,203,69,117
258,199,70,124
256,200,70,124
256,203,67,117
257,201,69,119
257,199,70,123
258,203,69,119
254,207,67,113
259,204,72,117
256,209,75,110
256,202,68,115
257,199,70,120
260,202,66,118
259,199,68,121
260,203,69,120
258,207,70,117
255,203,68,115
256,208,73,120
257,217,72,109
256,215,71,108
258,217,68,103
258,218,67,104
254,203,71,118
256,209,65,110
257,198,70,125
257,199,70,122
253,196,70,123
261,197,68,128
260,202,69,120
254,210,71,112
258,207,69,110
258,206,69,118
256,203,69,117
256,200,70,124
256,193,70,128
259,198,67,124
259,205,71,118
257,195,72,124
255,198,72,126
258,197,66,127
257,209,69,112
255,212,76,109
256,205,81,110
261,198,82,115
269,192,77,116
274,203,81,107
283,198,79,109
291,188,83,111
297,197,90,103
298,191,99,112
292,189,101,115
294,183,108,122
291,174,119,129
302,185,105,117
302,189,113,111
310,188,107,117
317,180,105,123
318,182,97,123
326,186,88,120
327,183,92,117
326,182,90,117
326,183,89,117
320,191,92,102
321,186,87,112
314,177,91,113
315,180,85,117
314,176,84,116
311,185,87,110
311,183,85,111
312,182,85,118
317,186,80,108
317,183,75,111
318,180,72,112
317,182,75,110
320,177,70,110
318,178,71,110
313,178,72,113
305,181,78,112
306,177,75,114
300,190,76,107
295,187,76,111
290,188,74,109
287,186,76,113
290,186,71,112
286,187,75,111
285,193,78,107
283,197,78,105
289,190,76,110
291,187,73,114
292,193,76,113
298,192,75,113
301,192,78,105
308,190,74,98
305,190,79,98
312,178,76,103
310,171,72,101
308,166,73,99
313,156,64,104
310,147,68,111
313,152,61,106
309,148,59,101
301,142,61,105
291,135,63,111
292,128,60,115
292,128,60,115
292,128,60,115
292,128,60,115
292,128,60,115
292,128,60,115
292,128,60,115
292,128,60,115
292,128,60,115
292,128,60,115
292,128,60,115
292,128,60,115
292,128,60,115
292,128,60,115
292,128,60,115
292,128,60,115
292,128,60,115
292,128,60,115
292,128,60,115
292,128,60,115
292,128,60,115
292,128,60,115
292,128,60,115
292,128,60,115
292,128,60,115
292,128,60,115
292,128,60,115
292,128,60,115
292,128,60,115
334,165,75,99
333,168,79,100
328,171,81,104
323,175,86,109
323,177,87,115
322,179,82,118
321,180,83,121
319,185,83,118
317,184,79,121
318,180,78,124
318,192,72,113
317,186,69,114
317,194,73,109
313,199,76,108
309,205,80,103
302,209,84,101
296,212,87,104
297,207,81,111
297,205,81,108
295,213,79,107
297,205,74,111
296,202,71,118
297,205,71,114
297,210,71,109
294,217,71,106
294,210,70,111
295,208,66,115
296,207,69,116
295,202,69,120
292,207,71,119
294,207,69,119
293,197,73,129
294,198,71,123
294,201,69,124
293,197,73,128
293,199,74,128
291,204,75,119
294,204,72,117
294,198,68,125
295,203,71,119
293,196,72,128
296,205,68,121
294,207,71,116
295,199,70,124
294,201,69,121
293,197,68,129
293,204,66,119
296,198,64,122
293,192,65,122
290,191,63,117
287,199,64,102
285,206,64,95
282,202,64,97
280,182,61,111
278,179,59,114
279,178,56,113
277,169,55,119
278,168,53,120
280,169,51,120
279,170,53,120
279,178,53,110
279,185,50,104
277,185,56,102
279,176,49,112
283,184,43,106
282,207,41,111
281,212,42,109
338,161,53,102
271,181,55,104
271,181,55,104
245,227,65,108
234,233,62,111
228,224,65,120
230,216,63,126
227,221,63,127
224,224,62,118
220,226,68,116
218,234,73,108
222,235,81,110
232,234,84,116
234,235,79,113
241,237,78,113
257,241,75,113
268,243,74,109
279,249,72,108
283,250,71,104
286,250,70,106
290,248,70,108
289,247,73,111
292,250,71,105
291,250,72,105
291,255,74,97
293,244,74,108
293,242,76,109
296,242,72,107
294,240,76,112
295,241,75,109
295,238,73,115
297,236,72,114
297,241,70,116
295,241,70,111
297,239,69,115
297,241,69,111
295,240,69,113
299,239,67,112
296,237,67,115
297,240,70,110
296,239,76,116
298,237,70,117
296,236,74,116
296,232,76,120
296,241,74,114
296,233,73,114
296,238,76,115
296,238,74,112
297,237,73,117
296,233,73,113
294,236,72,116
295,238,76,112
296,237,77,115
296,239,77,115
297,236,72,114
298,238,76,117
296,236,80,117
297,236,78,117
296,238,74,114
297,236,73,112
297,238,75,113
296,240,74,115
299,238,74,109
298,239,72,114
298,238,71,112
297,238,74,115
297,240,75,115
298,239,74,110
298,238,75,120
297,239,76,116
298,239,72,113
298,239,72,114
296,237,78,113
296,236,78,114
297,234,77,115
296,234,75,116
297,238,75,112
297,238,74,113
296,238,73,111
297,238,76,115
297,236,75,113
298,235,75,118
297,237,72,115
296,234,76,117
295,227,76,124
294,230,79,121
297,237,75,114
297,235,72,113
296,243,71,107
298,245,67,105
297,252,66,100
297,249,67,103
297,247,67,105
299,249,70,102
300,244,74,110
300,238,72,109
300,237,73,112
301,234,74,114
302,237,72,117
301,235,71,115
301,234,70,114
299,235,74,114
299,234,72,114
300,231,75,118
300,234,74,116
300,234,73,111
301,239,70,113
300,236,70,113
299,238,66,112
298,239,65,110
297,240,67,110
296,238,65,115
297,245,67,106
295,249,75,103
302,239,76,107
301,235,77,112
309,223,83,116
316,215,82,116
327,204,72,117
334,198,71,108
335,186,67,114
336,179,65,113
335,173,62,107
329,170,64,107
325,167,58,110
320,168,58,112
314,167,54,114
312,173,52,113
305,170,54,118
308,170,46,115
307,173,42,115
305,175,41,113
303,175,40,116
300,175,39,120
299,173,38,125
303,170,36,125
300,171,41,124
300,172,41,118
306,182,34,111
303,180,34,112
300,179,36,118
302,187,30,114
290,171,28,122
303,86,39,120
267,192,52,122
252,197,61,117
245,195,64,119
244,196,64,118
241,200,66,113
240,197,79,115
237,198,84,118
232,199,97,113
231,199,90,113
227,192,94,116
222,196,94,120
222,204,93,117
231,206,98,128
232,212,88,128
241,212,84,130
259,220,70,130
275,227,66,127
286,228,66,126
289,239,61,115
295,233,64,118
307,230,62,124
308,228,67,126
314,227,65,126
316,222,66,126
320,220,62,129
325,217,65,124
331,215,69,118
333,213,68,115
334,210,67,118
337,209,66,122
338,203,63,113
336,201,65,114
339,199,60,116
339,193,59,117
336,193,58,117
334,187,56,120
329,183,56,113
322,176,56,113
321,178,57,116
317,173,55,114
316,173,53,108
313,172,54,110
311,168,56,112
311,166,51,113
314,175,50,103
308,176,50,101
309,183,46,95
308,171,43,106
310,173,42,106
309,176,45,100
307,176,46,101
307,174,48,102
306,174,48,104
306,172,49,108
305,176,48,103
306,184,44,108
303,188,42,104
272,185,56,107
262,195,65,106
255,188,71,112
254,184,73,116
251,185,60,112
250,191,63,111
250,194,62,111
251,182,59,118
253,198,53,105
256,206,52,92
258,208,52,96
257,211,52,92
261,206,54,96
265,217,51,90
259,214,59,95
259,215,56,98
257,208,58,109
254,206,67,114
254,209,71,116
252,219,67,112
255,218,68,121
252,216,70,127
254,218,68,118
253,221,69,123
251,217,74,123
250,219,71,123
251,216,65,124
250,216,67,128
247,214,69,128
244,218,71,126
245,213,68,127
245,214,71,125
246,217,68,122
248,216,70,126
245,213,71,128
246,219,69,126
247,214,72,129
245,214,72,130
245,215,72,126
246,217,79,124
247,220,66,124
248,216,67,124
245,212,70,133
243,215,66,128
242,214,66,125
244,210,64,128
242,211,69,130
243,213,66,128
242,213,65,127
242,218,67,122
244,220,65,123
244,217,63,124
244,219,61,124
243,215,62,125
245,218,66,123
245,214,67,135
249,216,66,126
247,214,64,130
245,214,64,127
244,215,65,126
245,217,66,125
245,216,67,122
246,217,65,119
246,219,70,123
245,214,72,128
247,219,67,123
245,217,75,120
247,215,77,122
244,213,74,126
245,212,75,130
248,206,81,138
244,201,87,137
240,211,81,130
243,209,82,129
246,205,86,133
243,218,77,123
246,208,80,134
242,209,87,129
247,211,72,130
243,214,77,125
245,209,85,133
244,211,74,131
245,209,78,135
244,210,80,132
246,208,80,133
244,213,80,127
241,200,90,140
244,193,92,145
245,181,87,161
243,163,92,179
246,156,88,189
243,145,88,194
244,150,88,193
244,146,92,201
242,139,94,204
240,142,91,198
243,151,91,188
243,147,86,195
243,147,94,196
245,145,89,197
243,150,90,190
242,150,89,193
242,146,91,194
242,154,93,187
242,148,92,192
243,153,90,188
241,147,93,199
241,149,93,189
242,152,90,188
242,152,96,185
243,157,96,187
245,162,92,175
248,159,93,183
245,150,94,195
243,135,98,208
244,131,96,204
243,149,98,187
241,171,98,165
243,184,93,159
243,195,96,142
244,188,93,153
246,179,90,163
245,176,91,163
247,188,87,152
247,199,76,142
243,199,84,142
244,210,89,128
244,205,81,136
246,205,83,134
245,216,69,123
245,215,74,131
247,209,83,135
243,208,77,137
244,206,78,136
244,212,78,131
246,215,72,126
245,210,81,132
246,217,77,124
246,215,72,126
247,218,72,121
246,217,71,127
244,208,71,132
245,215,70,125
246,212,72,128
243,214,70,124
243,216,71,128
247,217,72,127
245,213,69,129
248,214,72,124
244,214,72,127
245,212,70,132
244,214,69,125
244,218,76,121
245,212,74,131
242,209,73,134
246,218,71,123
246,217,69,125
243,218,66,125
242,215,69,126
244,216,67,124
245,219,67,119
244,215,69,124
245,215,67,125
243,217,68,120
244,213,69,128
245,210,71,137
244,212,71,126
245,215,71,121
248,212,71,130
248,219,68,127
246,218,68,125
246,214,73,130
246,217,72,125
246,214,74,123
246,216,69,129
248,212,73,134
244,208,76,136
236,210,80,127
233,213,73,120
229,217,66,114
224,214,67,116
217,218,69,113
214,218,70,121
208,215,74,124
203,216,68,118
201,212,70,122
195,213,73,116
193,209,76,121
192,209,69,116
193,212,68,113
191,214,67,115
194,217,62,111
192,213,63,120
191,211,66,120
192,207,65,125
190,207,65,125
192,210,65,118
192,207,65,125
192,211,64,119
194,206,64,125
193,206,64,124
192,211,66,121
192,208,66,125
195,208,65,123
196,212,66,121
192,205,65,128
192,210,65,122
194,208,65,125
192,210,67,122
193,213,66,120
193,210,64,124
193,213,65,118
195,208,65,123
193,205,65,128
194,207,67,126
192,210,65,119
193,205,63,128
193,210,66,124
192,206,66,125
192,208,65,123
191,209,63,123
190,209,65,122
192,207,67,124
190,211,66,119
191,209,67,123
193,209,65,121
193,217,62,115
190,211,65,122
193,208,64,123
192,214,63,118
193,212,63,120
189,210,63,122
191,206,64,126
194,210,66,122
192,210,68,121
190,213,67,118
194,206,63,124
194,208,64,126
193,206,65,125
196,210,66,122
195,211,65,119
192,212,66,121
193,211,63,120
194,212,62,121
194,209,63,122
194,216,64,116
192,209,65,124
190,209,64,122
191,208,64,124
192,205,65,127
193,210,65,123
194,209,66,125
192,209,66,122
193,210,65,121
193,207,65,127
193,207,62,124
194,213,63,119
195,209,62,120
194,210,64,124
192,213,66,119
192,212,64,117
193,209,65,123
191,208,67,125
194,214,66,117
192,208,64,123
193,207,62,125
194,208,64,121
193,212,63,117
194,212,62,122
195,214,63,117
195,207,63,126
194,208,65,123
191,208,66,122
194,207,65,122
193,209,66,124
191,206,67,123
196,211,63,120
193,208,61,124
192,208,64,125
195,208,64,121
195,208,63,119
194,209,66,119
197,208,65,113
195,212,71,109
194,211,72,110
193,209,69,121
185,204,75,123
187,200,74,128
183,197,69,125
182,194,69,121
181,192,70,116
180,184,68,127
182,183,65,124
181,180,63,129
180,180,63,119
180,177,64,114
178,176,61,104
180,177,62,102
178,178,61,103
179,174,63,112
179,174,59,121
180,178,59,117
179,177,59,116
180,175,60,116
178,174,61,120
180,174,60,120
180,172,61,124
179,173,63,120
178,173,63,121
183,175,60,118
183,176,60,115
179,172,64,119
180,179,60,112
182,179,59,113
178,174,61,117
180,176,59,118
179,176,58,115
179,171,61,122
178,173,59,120
178,180,60,113
178,176,63,117
179,173,61,116
180,171,61,123
176,170,59,123
178,168,61,123
181,175,60,117
180,173,64,121
177,170,64,120
180,175,61,118
178,175,63,117
178,170,60,123
182,176,59,117
175,174,60,119
179,176,62,118
178,174,60,121
178,175,60,117
181,174,60,119
178,175,61,116
176,175,60,117
177,174,60,116
178,171,60,121
180,172,59,119
180,176,58,119
180,174,60,122
179,178,63,117
179,171,62,124
179,174,63,118
181,175,60,114
179,173,60,118
179,174,60,117
180,175,60,116
180,174,60,118
180,172,60,120
179,175,60,114
176,178,58,113
180,172,61,118
176,171,60,121
179,173,61,121
177,170,61,121
179,171,60,122
178,172,61,118
178,176,58,116
178,174,60,117
176,173,62,119
176,177,59,114
179,172,65,120
174,177,59,112
179,171,62,122
178,169,61,123
180,171,59,122
179,175,61,115
178,175,61,117
178,177,60,115
180,176,59,115
181,176,59,115
181,178,58,113
180,174,60,118
179,174,59,115
182,177,58,116
179,175,59,117
181,173,60,119
181,172,59,119
178,171,60,122
177,172,62,118
179,172,59,119
178,173,57,117
180,181,64,108
179,183,59,108
176,176,62,115
180,174,61,114
178,178,59,116
177,178,60,115
177,176,59,117
180,176,62,114
180,172,62,119
177,173,62,116
180,174,61,120
176,174,62,116
178,176,60,115
178,174,61,116
179,173,59,118
179,174,60,115
181,177,59,116
181,176,61,116
180,178,61,113
179,177,63,113
181,175,59,118
177,173,60,116
181,179,60,113
181,175,60,116
179,177,61,114
179,178,60,111
179,174,59,117
180,175,59,116
181,176,61,117
176,173,64,116
177,172,60,118
181,174,58,118
181,170,58,121
179,175,59,116
180,173,60,116
178,178,61,113
179,174,61,115
179,176,60,117
178,178,60,115
179,175,61,119
181,175,61,116
178,177,61,116
179,173,62,117
179,175,62,115
177,177,63,114
179,178,60,112
177,174,60,117
175,173,58,118
182,176,60,117
181,176,59,117
181,171,59,120
178,183,56,108
178,178,61,114
180,178,59,114
179,176,58,119
180,177,58,115
181,175,60,118
181,174,61,119
179,175,60,116
178,172,60,122
179,176,58,115
181,174,58,119
180,175,59,115
178,174,59,118
179,172,58,120
180,173,61,117
181,172,57,118
178,170,60,121
181,179,58,114
180,174,59,116
181,171,59,119
179,171,62,123
179,171,60,120
177,171,58,124
179,170,61,121
179,171,59,120
179,180,57,111
178,174,58,116
177,174,58,115
179,179,60,113
181,176,58,114
181,167,58,126
181,170,56,121
181,170,59,122
180,175,57,114
180,172,58,119
181,180,58,116
180,171,60,122
181,167,61,128
176,168,59,126
181,170,62,124
180,168,61,126
180,169,60,123
179,172,59,119
179,174,59,118
179,172,60,119
180,173,60,121
182,174,61,118
181,176,58,116
179,174,58,116
178,171,60,120
181,177,59,116
181,168,59,124
180,173,59,120
180,174,58,120
180,176,58,119
180,170,60,122
182,171,59,123
179,168,60,127
178,170,61,121
179,176,58,117
181,173,59,117
179,173,59,120
181,169,59,124
181,171,58,123
183,166,60,130
184,172,63,122
181,171,60,123
177,167,59,127
181,169,60,124
181,170,56,121
181,174,61,118
181,170,58,123
180,172,59,119
180,174,60,122
179,173,59,120
179,168,60,125
180,171,61,121
180,173,62,120
180,171,59,121
182,173,59,120
181,170,61,124
178,170,63,125
180,169,61,124
181,172,60,122
179,169,60,123
178,170,61,121
179,175,59,116
181,180,59,112
180,174,57,117
182,174,60,119
178,174,59,115
180,174,59,117
181,172,58,120
179,172,58,124
180,171,59,122
180,172,61,120
180,170,58,122
180,172,58,121
179,171,58,121
180,174,61,118
181,173,61,119
181,176,60,118
181,172,58,121
181,173,59,120
180,169,58,123
181,172,58,120
180,168,59,125
180,172,58,122
181,169,59,122
179,175,58,117
180,172,57,120
181,171,58,120
179,175,58,118
179,172,58,119
180,172,59,118
181,172,59,118
178,166,58,127
181,172,60,121
179,172,61,126
179,175,60,117
181,173,59,118
182,174,59,118
184,178,56,115
180,174,59,118
180,174,60,118
181,175,59,117
181,171,60,122
182,173,58,120
180,168,60,124
181,176,57,117
182,176,57,117
179,173,58,121
177,172,58,120
181,173,61,122
180,174,61,119
183,175,59,118
182,172,59,120
178,174,60,117
178,175,60,115
181,171,61,122
181,171,58,123
178,171,60,122
181,170,59,120
179,175,60,119
178,172,60,121
181,172,57,118
179,180,58,114
180,178,58,115
180,172,60,120
180,169,61,126
179,176,58,119
179,175,60,119
178,170,57,121
180,169,61,127
180,170,61,127
181,171,60,123
177,174,60,116
179,175,60,117
182,174,60,119
180,174,60,118
183,173,59,117
180,175,59,119
180,172,58,123
179,167,61,127
180,174,59,118
182,172,58,120
179,169,57,122
181,174,58,120
181,171,58,124
181,166,59,131
180,166,59,127
179,167,60,122
182,174,57,119
183,170,58,124
181,172,60,121
178,171,61,123
181,174,58,118
180,171,58,121
183,176,58,117
181,169,57,123
179,172,57,121
179,174,60,117
179,174,58,121
180,167,58,127
180,177,60,116
183,173,59,120
180,174,56,120
181,176,59,121
181,173,59,118
181,171,59,123
180,170,57,122
181,175,59,118
181,172,59,122
180,176,60,117
179,174,59,116
181,174,59,118
181,175,56,117
181,172,58,121
178,172,59,120
181,176,59,119
181,175,60,119
179,179,59,116
180,176,58,118
181,175,60,120
181,174,62,121
179,174,58,120
179,172,58,118
181,172,59,122
179,172,58,121
181,169,59,123
181,172,58,121
181,167,58,123
181,173,59,118
180,168,59,124
181,173,59,121
180,169,59,123
178,170,60,123
181,172,60,118
181,174,58,120
181,171,59,122
181,173,59,117
179,173,59,118
181,175,58,116
181,169,56,125
180,171,58,121
180,172,60,120
181,174,59,117
182,171,61,123
181,173,60,120
181,176,59,117
184,174,59,121
179,178,58,113
181,174,58,119
182,173,57,117
180,174,61,118
181,173,61,119
179,175,58,117
181,174,57,118
181,172,58,119
181,174,57,121
179,173,57,120
180,175,58,114
178,172,57,120
181,174,61,118
179,172,59,119
180,173,60,121
181,173,59,120
181,177,59,119
178,170,60,121
179,168,57,123
181,174,60,119
182,174,59,120
180,166,60,129
180,177,60,114
181,174,58,118
179,174,57,117
180,173,59,118
181,169,60,123
183,172,58,120
181,173,61,122
183,169,61,126
181,168,60,125
180,176,58,115
181,180,59,113
178,178,59,114
181,174,60,121
181,173,60,120
182,173,58,121
181,171,55,123
181,168,59,124
182,175,58,120
182,173,59,123
179,179,59,119
181,176,61,119
181,166,59,129
180,176,59,120
181,173,59,123
183,171,58,123
181,174,59,119
182,169,58,125
179,174,59,120
182,172,59,120
182,171,58,121
179,168,57,126
180,174,58,121
180,169,58,123
180,177,58,117
180,171,59,121
181,174,61,119
181,176,60,118
181,172,60,122
180,176,58,119
180,171,58,122
180,170,58,123
180,173,57,120
180,176,58,117
182,175,57,119
181,175,56,118
183,174,58,119
182,171,58,122
178,170,58,124
182,172,61,122
177,173,60,119
182,176,58,116
180,170,59,124
179,167,61,125
181,172,60,119
181,172,57,119
181,177,59,118
181,174,61,117
182,173,60,116
181,176,60,119
183,174,59,119
182,177,60,115
179,175,58,112
182,176,58,116
182,174,58,115
182,182,59,108
180,175,61,117
181,172,61,123
180,169,62,124
179,170,60,122
180,172,61,117
181,178,59,118
177,173,59,118
182,172,59,119
183,172,62,122
181,176,61,114
181,173,59,117
182,178,58,113
180,172,58,119
180,172,59,118
180,174,60,118
182,173,59,118
180,174,56,116
181,176,58,115
181,171,57,118
180,175,59,117
181,170,60,122
180,169,59,124
181,175,58,115
180,173,58,119
182,171,58,121
180,173,59,120
181,169,58,121
180,174,58,117
180,173,57,118
180,174,59,117
181,173,59,118
180,168,58,124
181,173,58,119
180,173,59,118
182,174,59,117
180,175,58,117
180,170,59,123
181,174,58,120
182,174,58,119
180,176,58,118
185,171,58,123
182,174,61,118
181,175,59,120
183,171,58,121
180,167,57,127
179,172,62,121
179,172,61,120
179,168,60,126
179,173,60,120
181,175,58,116
181,176,58,113
181,170,60,123
179,173,58,120
181,173,60,120
183,169,60,124
183,169,61,124
181,168,59,125
179,173,61,119
178,173,60,120
178,171,60,121
181,172,59,120
181,175,60,117
180,172,57,119
180,173,60,120
178,173,59,120
179,171,60,123
179,169,58,123
180,172,59,123
181,173,59,120
180,168,58,125
180,173,58,120
179,168,61,126
181,178,57,112
179,175,58,119
180,169,60,129
176,170,60,122
180,173,62,120
180,169,61,124
178,171,61,122
181,170,58,122
177,172,58,121
180,169,59,125
181,168,60,126
178,168,62,125
180,171,58,119
181,177,59,118
180,175,58,116
182,181,58,112
179,178,58,114
181,177,59,115
181,171,58,120
182,177,58,118
181,174,60,123
179,168,58,121
180,173,60,121
178,177,57,116
181,175,59,120
180,174,59,118
182,174,60,118
181,173,59,118
179,178,58,113
179,173,59,119
182,174,59,118
179,177,59,112
180,168,59,122
180,176,59,117
177,178,58,114
179,176,61,119
179,170,60,120
178,176,59,115
180,172,62,120
179,173,59,121
181,172,59,119
180,170,59,119
180,173,60,118
178,172,60,118
180,173,59,120
179,172,58,118
181,175,57,119
180,173,59,118
178,172,58,120
181,171,58,119
180,173,60,120
178,176,59,114
180,172,59,117
181,175,59,116
182,174,59,118
179,175,60,119
179,167,60,124
180,171,60,123
180,167,59,124
179,173,60,117
177,178,59,119
181,177,61,118
181,171,61,122
178,168,58,123
180,171,58,120
179,175,59,121
180,177,59,116
181,181,60,110
177,177,59,114
182,175,58,116
180,166,61,128
180,173,60,119
179,176,59,121
177,174,61,119
180,174,59,118
181,175,58,119
179,172,58,123
179,172,60,116
179,177,59,118
181,171,60,121
179,177,59,120
179,177,60,117
180,184,60,109
179,179,61,112
181,179,60,115
183,174,60,119
179,169,58,124
179,172,62,120
180,169,60,126
181,176,60,118
181,174,60,117
180,175,60,122
179,176,60,117
182,176,55,115
183,175,54,119
183,174,57,120
184,178,56,115
180,178,62,118
180,170,60,121
178,169,66,125
179,168,64,128
176,172,65,123
177,178,65,115
183,182,72,115
185,185,85,120
186,185,89,120
194,186,85,126
206,201,85,126
223,207,80,136
236,214,77,138
237,226,70,125
242,231,72,125
254,234,68,120
252,230,69,125
252,238,70,115
249,238,72,114
251,245,73,108
254,231,72,123
254,231,72,120
258,230,71,123
258,233,69,121
257,251,69,105
258,255,69,100
261,242,68,112
258,233,72,122
261,233,70,122
257,230,71,121
258,240,71,116
260,234,70,123
260,229,69,123
257,230,70,124
260,241,68,117
261,230,69,123
256,230,70,125
257,232,66,123
259,235,72,124
255,228,74,127
257,226,72,125
258,230,68,127
257,231,70,122
258,226,69,128
257,234,69,121
261,230,67,125
255,238,72,121
255,241,74,116
259,240,68,116
259,247,66,110
257,247,68,108
256,252,68,100
257,255,68,101
258,257,66,98
255,252,67,104
259,244,63,109
257,253,65,102
259,257,66,96
256,256,67,97
255,246,66,105
258,249,67,108
258,245,65,111
255,252,65,102
258,250,66,105
257,255,68,98
256,256,66,96
258,254,65,101
255,253,67,98
259,257,66,98
255,255,67,98
256,254,66,97
258,253,64,102
255,254,70,98
256,256,68,96
256,254,67,99
259,258,65,94
256,255,66,97
258,258,66,96
256,253,68,102
257,252,69,103
256,256,66,97
258,254,69,103
255,240,68,111
257,245,69,112
257,235,65,121
257,231,67,122
258,236,67,117
258,242,67,112
257,250,65,105
258,250,68,104
259,250,64,102
258,251,67,107
257,258,69,97
257,255,65,99
258,254,66,101
257,251,66,101
256,256,67,99
261,250,64,105
258,256,67,99
258,253,69,103
258,252,66,104
257,256,69,100
256,255,66,101
256,259,68,97
259,254,66,104
256,259,66,100
259,259,67,99
257,255,66,98
257,252,66,101
259,255,64,99
257,251,69,103
259,254,65,99
258,242,67,111
260,236,64,117
256,240,67,114
256,233,69,119
259,251,67,107
258,241,65,112
259,243,64,112
258,241,67,115
257,246,66,108
257,248,65,106
258,253,70,104
256,241,68,111
257,237,68,118
258,231,70,122
258,234,70,125
260,229,70,125
257,240,71,117
258,246,69,109
257,247,66,108
258,240,68,114
259,233,67,124
257,232,69,120
258,236,67,121
256,231,68,121
259,230,71,127
258,230,71,124
256,224,70,129
258,225,68,128
258,227,69,128
256,227,71,127
255,233,71,121
253,223,71,131
257,230,69,125
258,230,69,125
257,227,69,130
258,230,69,124
256,232,71,123
258,233,66,121
258,230,70,126
256,230,70,123
256,226,70,129
256,230,72,128
254,228,70,126
256,229,70,128
256,232,70,122
253,229,72,125
252,234,75,121
255,228,68,126
258,233,71,122
258,229,69,126
254,226,73,132
254,225,69,129
257,226,72,130
255,225,72,128
258,231,69,125
257,231,69,126
255,229,70,124
254,225,71,132
255,233,69,119
257,227,70,130
255,229,69,126
257,227,72,130
259,229,70,127
260,228,72,129
255,232,72,121
254,229,70,127
253,230,70,123
254,227,74,128
256,228,72,127
253,222,74,134
255,226,73,130
257,227,71,127
253,230,72,128
255,223,73,129
252,228,72,129
259,236,71,118
255,234,68,116
255,230,72,125
257,227,73,122
261,220,74,129
268,218,76,126
278,209,72,132
292,210,72,129
301,205,74,131
307,206,83,123
314,212,85,118
324,203,86,120
330,198,96,125
337,196,93,124
342,191,97,128
349,197,94,121
352,198,98,118
359,199,97,114
361,195,100,120
364,204,98,108
368,199,96,103
373,195,96,105
373,188,96,111
378,187,97,102
377,181,97,105
383,174,94,107
391,170,91,102
397,164,88,99
405,160,81,93
412,165,80,87
417,156,82,91
420,156,81,82
424,155,81,84
421,157,83,78
420,164,84,78
416,168,86,81
416,172,81,78
404,176,85,71
390,182,96,68
378,189,109,64
357,193,119,68
363,197,118,62
368,203,107,62
368,203,107,62
293,214,104,55
294,223,102,61
305,249,109,73
319,271,115,76
374,261,113,90
343,273,117,81
343,273,117,81
343,273,117,81
304,278,136,80
295,276,140,80
291,274,139,83
288,274,139,78
279,273,136,76
263,272,144,69
260,271,143,67
269,269,127,67
249,269,140,63
239,266,144,63
237,262,136,61
237,261,125,60
236,262,127,60
228,262,136,56
229,260,129,57
228,251,125,59
226,250,123,60
225,249,128,59
223,250,129,60
225,248,125,60
225,248,125,61
226,248,124,61
226,250,127,60
224,248,129,61
226,251,123,60
224,250,127,59
223,247,128,56
224,245,128,60
226,245,126,57
223,248,128,55
224,248,129,58
225,246,128,58
222,248,132,60
225,248,125,60
223,245,128,62
227,250,123,60
224,253,127,61
223,250,127,61
222,248,125,62
222,249,124,59
217,251,129,58
217,249,132,61
217,251,127,60
217,253,129,62
214,254,131,65
221,254,128,61
218,255,136,62
219,259,130,62
218,261,132,63
223,261,127,61
229,264,122,59
232,263,125,58
231,259,131,59
232,257,133,58
234,254,130,59
239,248,133,57
246,241,126,55
243,233,131,64
244,228,138,58
247,209,140,64
256,198,144,62
254,168,151,84
254,168,151,84
254,168,151,84
254,168,151,84
254,168,151,84
254,168,151,84
254,168,151,84
254,168,151,84
254,168,151,84
339,110,133,108
337,112,134,115
326,115,141,111
324,135,138,109
316,150,142,105
302,152,143,100
297,157,142,102
290,173,143,93
279,195,144,69
278,214,139,64
275,224,138,63
270,233,134,61
273,231,129,65
275,234,130,61
280,229,127,60
284,227,130,60
289,223,127,58
289,220,135,62
296,214,133,71
292,212,138,75
290,204,140,88
289,198,138,97
287,200,132,97
287,200,124,107
286,198,123,118
286,196,122,127
284,199,96,131
282,201,89,130
275,202,78,122
263,205,77,119
260,213,67,111
254,215,64,107
252,222,61,107
248,226,55,109
241,219,59,112
238,220,55,117
237,213,57,118
235,213,57,126
235,214,59,124
232,214,58,125
232,212,58,128
233,213,57,125
233,212,61,125
234,212,63,123
233,209,59,128
234,211,60,129
232,210,61,130
233,212,60,125
232,211,62,126
232,210,63,130
233,211,60,125
233,211,62,126
232,212,62,123
233,214,61,125
233,215,61,124
231,211,62,129
232,212,60,127
232,210,62,128
232,212,61,124
230,212,63,125
232,209,63,127
233,210,63,129
234,209,64,131
232,206,61,131
234,211,62,127
233,213,62,124
235,217,61,118
233,208,60,133
232,207,63,132
232,217,60,122
234,209,62,128
231,217,60,120
232,215,60,121
232,215,61,125
230,211,62,125
232,208,62,128
233,215,61,123
231,209,62,131
231,211,62,126
233,210,63,129
233,205,60,131
233,209,62,126
232,211,61,125
233,212,63,125
234,212,62,124
233,210,60,128
231,208,64,128
233,215,62,124
232,212,61,127
231,210,61,131
232,209,60,126
230,209,63,125
233,214,59,121
234,213,62,126
232,210,61,127
231,209,62,127
233,213,60,125
231,211,61,125
232,210,64,127
231,213,62,125
233,210,63,127
233,210,62,131
232,208,63,131
233,211,62,126
233,211,62,127
232,209,61,129
233,213,62,126
230,210,59,124
233,214,63,122
232,213,63,125
229,211,60,126
235,216,63,125
233,209,65,129
233,212,62,126
232,211,64,127
232,209,64,133
232,210,62,128
234,209,61,132
232,209,62,131
233,212,60,128
231,208,63,130
234,211,62,128
231,210,61,128
232,213,60,123
233,210,61,128
233,213,61,123
234,219,61,119
234,210,61,128
233,212,62,125
233,213,61,128
230,212,60,124
232,211,62,125
232,212,61,125
231,212,63,126
232,212,60,127
231,209,62,130
234,211,61,127
232,214,64,123
233,213,61,123
233,210,64,128
232,210,62,126
233,216,60,120
231,209,63,128
232,210,61,125
232,215,62,123
231,210,64,127
232,212,63,124
234,217,61,122
231,212,60,124
233,211,61,125
232,213,61,125
232,213,61,125
233,213,62,125
232,212,62,125
234,214,61,123
232,218,61,119
232,211,59,124
232,214,61,121
230,210,62,125
231,211,61,122
232,210,64,130
233,212,60,123
231,217,60,119
231,213,61,123
231,212,63,127
