392,170,98,53
389,173,100,50
387,172,95,52
387,171,97,55
383,174,98,50
379,176,101,51
379,176,98,53
381,177,94,52
375,180,96,49
389,182,83,47
390,185,82,41
388,185,71,45
391,185,66,45
409,190,70,33
398,192,70,33
406,193,74,23
388,203,64,23
393,204,55,24
393,204,55,24
393,204,55,24
393,204,55,24
393,204,55,24
393,204,55,24
393,204,55,24
393,204,55,24
393,204,55,24
393,204,55,24
393,204,55,24
393,204,55,24
393,204,55,24
393,204,55,24
393,204,55,24
393,204,55,24
393,204,55,24
393,204,55,24
393,204,55,24
393,204,55,24
393,204,55,24
393,204,55,24
393,204,55,24
393,204,55,24
393,204,55,24
393,204,55,24
393,204,55,24
393,204,55,24
393,204,55,24
393,204,55,24
393,204,55,24
393,204,55,24
393,204,55,24
393,204,55,24
393,204,55,24
393,204,55,24
393,204,55,24
393,204,55,24
393,204,55,24
393,204,55,24
393,204,55,24
393,204,55,24
393,204,55,24
393,204,55,24
393,204,55,24
393,204,55,24
393,204,55,24
393,204,55,24
393,204,55,24
393,204,55,24
393,204,55,24
393,204,55,24
393,204,55,24
393,204,55,24
393,204,55,24
393,204,55,24
393,204,55,24
393,204,55,24
393,204,55,24
393,204,55,24
393,204,55,24
393,204,55,24
393,204,55,24
393,204,55,24
393,204,55,24
393,204,55,24
393,204,55,24
393,204,55,24
393,204,55,24
393,204,55,24
393,204,55,24
393,204,55,24
393,204,55,24
393,204,55,24
393,204,55,24
393,204,55,24
393,204,55,24
393,204,55,24
393,204,55,24
393,204,55,24
388,205,45,23
388,205,45,23
379,199,39,28
380,198,36,27
376,196,35,29
373,193,37,33
372,190,33,37
372,190,33,37
372,190,33,37
372,190,33,37
372,190,33,37
366,190,35,35
361,192,41,34
360,194,44,32
360,194,44,32
360,194,44,32
360,194,44,32
360,194,44,32
360,194,44,32
382,213,36,24
382,213,36,24
382,213,36,24
382,213,36,24
382,213,36,24
382,213,36,24
378,204,43,25
379,199,43,28
379,198,43,28
381,198,41,27
383,198,39,28
385,198,37,26
385,196,38,22
386,196,36,24
385,195,37,23
386,194,36,21
385,194,36,20
384,194,38,20
383,194,38,22
385,194,36,26
385,195,36,27
386,195,36,21
386,195,35,24
387,195,35,24
387,196,35,23
388,196,35,23
387,198,36,23
386,197,35,27
386,198,36,24
386,199,35,24
386,201,35,25
386,204,33,24
385,207,32,23
385,207,32,23
385,207,32,23
329,179,36,29
329,179,36,29
329,179,36,29
329,179,36,29
329,179,36,29
343,167,37,34
348,166,36,34
348,166,36,34
348,166,36,34
358,155,30,37
357,153,28,43
356,157,30,47
353,147,34,55
350,149,35,64
347,154,34,57
344,160,36,53
339,169,39,52
330,173,43,51
326,181,47,48
324,188,45,49
320,194,44,47
316,196,47,51
240,246,48,45
240,246,48,45
240,246,48,45
240,246,48,45
240,246,48,45
240,246,48,45
240,246,48,45
240,246,48,45
240,246,48,45
240,246,48,45
240,246,48,45
240,246,48,45
240,246,48,45
240,246,48,45
240,246,48,45
240,246,48,45
240,246,48,45
240,246,48,45
240,246,48,45
240,246,48,45
240,246,48,45
240,246,48,45
240,246,48,45
240,246,48,45
240,246,48,45
240,246,48,45
240,246,48,45
240,246,48,45
240,246,48,45
240,246,48,45
252,220,43,55
250,203,38,72
250,198,29,74
242,199,29,74
235,198,32,75
231,197,31,78
229,198,28,76
225,198,28,78
224,196,27,79
224,196,27,79
224,196,27,79
224,196,27,79
311,173,33,69
394,149,27,58
382,151,37,52
378,155,42,42
376,160,45,35
374,164,48,29
372,166,51,26
378,166,46,25
371,167,54,24
378,165,47,27
390,160,38,23
353,163,42,30
350,160,50,31
347,157,53,37
333,154,59,44
335,153,65,42
345,147,67,47
338,146,77,51
341,146,81,50
339,146,85,53
337,145,87,59
331,144,92,62
329,144,94,65
324,143,98,74
319,141,105,72
332,140,93,70
337,141,86,66
338,140,85,74
335,139,89,76
339,139,84,76
328,139,99,80
336,139,90,71
335,138,90,79
338,140,87,77
331,138,94,80
334,138,91,77
339,138,85,80
334,139,93,73
332,139,94,74
335,138,92,81
329,136,96,86
333,137,91,80
331,138,93,80
325,138,102,81
328,138,96,79
327,136,100,82
340,134,85,77
333,137,94,77
332,137,97,80
319,135,110,87
316,136,113,89
314,137,114,86
302,140,129,80
308,142,122,75
315,141,120,74
311,143,128,61
314,143,127,57
320,146,125,46
323,147,125,41
322,147,127,43
319,146,132,43
317,148,135,42
319,151,129,40
318,149,131,42
319,150,130,42
318,150,133,41
318,147,130,47
323,151,124,38
319,147,128,43
321,149,127,42
324,153,122,39
326,153,119,40
323,156,118,39
321,155,122,42
323,158,121,43
323,159,121,47
314,159,128,55
312,157,131,57
308,157,134,53
316,156,128,56
318,155,125,56
323,149,117,61
319,145,117,71
307,138,126,79
304,128,129,92
302,122,134,103
297,121,129,98
295,120,132,104
297,116,129,109
295,115,127,113
298,116,125,107
297,117,126,104
296,119,127,103
296,123,124,94
293,123,128,97
295,120,128,100
295,120,128,103
294,117,128,101
294,119,130,104
296,119,126,99
296,120,130,104
311,119,116,105
302,118,126,109
297,118,130,107
298,118,129,107
297,116,129,108
298,117,130,106
297,119,129,101
299,120,128,105
298,119,128,103
301,119,131,112
308,119,125,101
299,119,132,108
302,119,131,107
299,117,135,111
293,117,139,115
298,120,137,107
298,117,136,113
304,119,129,104
301,120,131,105
299,122,138,100
298,119,137,107
299,117,134,112
299,116,131,110
299,118,135,106
297,117,136,108
294,115,138,114
299,110,134,123
296,116,132,108
301,116,134,111
299,118,128,100
297,118,133,107
299,116,132,107
294,118,135,112
292,112,135,114
298,112,132,116
297,116,126,108
303,116,126,110
296,115,130,111
296,114,133,111
294,110,133,123
298,109,135,122
293,117,138,100
296,120,134,102
296,117,131,106
295,115,137,113
294,118,143,101
292,115,141,113
296,116,146,110
295,118,140,96
296,121,145,96
295,118,148,103
292,117,148,89
293,114,149,112
291,118,146,87
299,110,140,108
290,108,144,99
296,106,147,104
294,102,143,105
296,92,146,133
297,83,143,145
299,73,148,158
296,70,149,163
298,69,146,155
296,68,149,166
299,63,148,169
302,68,146,158
302,69,144,152
300,67,148,162
299,71,152,150
300,78,154,134
294,88,164,118
303,101,159,99
320,113,142,82
319,115,140,82
325,122,138,73
332,127,133,71
340,130,126,64
335,140,131,56
336,145,132,52
336,150,136,49
338,151,135,44
332,152,141,39
280,150,131,47
364,160,124,37
379,160,113,34
375,159,108,30
381,157,108,31
374,153,106,32
354,150,122,38
345,149,135,42
340,142,139,49
344,132,132,65
348,127,123,75
353,123,113,80
359,116,105,91
363,109,98,100
369,104,83,101
367,102,82,105
369,99,74,109
374,95,63,119
372,97,63,122
373,97,60,125
373,96,59,129
376,94,56,128
374,98,59,132
373,101,58,125
373,101,58,128
375,102,58,126
375,101,57,127
378,103,55,126
378,104,57,126
379,103,56,128
388,103,46,123
387,103,47,127
387,100,44,133
393,65,41,115
391,95,42,114
391,98,39,96
392,97,38,86
391,98,39,84
390,97,41,85
390,102,40,79
394,103,35,71
393,103,35,69
391,100,39,67
393,102,43,70
387,101,55,65
395,99,52,61
399,98,55,59
403,99,53,65
398,100,64,59
401,103,66,62
389,104,74,76
370,117,92,84
371,106,96,88
355,111,118,84
347,112,129,80
339,115,133,81
321,116,151,69
343,120,134,67
339,120,132,61
343,121,126,54
337,125,133,63
318,124,148,55
338,125,131,67
314,127,147,53
314,118,151,72
316,113,148,76
329,142,161,62
308,136,165,59
310,129,161,69
312,149,161,50
325,145,144,48
311,156,160,40
323,151,148,46
312,150,156,47
325,148,142,50
320,155,148,45
314,152,152,46
303,142,162,57
309,153,159,48
317,151,150,46
306,151,165,48
309,152,165,48
304,151,174,47
306,151,175,49
318,154,170,48
323,156,174,44
333,158,170,43
361,152,141,54
370,149,133,55
379,140,124,64
383,131,114,56
395,119,98,62
405,114,82,71
404,115,76,72
410,109,59,76
410,94,51,86
405,89,52,80
399,91,54,87
401,89,41,76
402,95,45,88
397,99,49,93
374,98,47,84
375,102,39,69
372,106,39,63
368,116,42,50
375,120,50,45
384,120,56,41
352,124,47,37
351,124,51,39
361,118,55,44
357,118,60,48
347,118,61,56
347,115,64,53
377,85,66,65
360,104,63,70
361,94,76,79
357,86,76,76
360,75,68,87
361,74,62,92
353,78,64,92
356,82,57,86
354,78,55,76
349,79,52,89
346,75,49,78
352,72,37,82
351,77,35,94
352,71,37,106
365,119,25,101
356,77,36,100
349,72,43,104
342,78,52,101
355,90,68,108
339,83,86,110
353,106,76,114
355,99,71,122
370,114,62,109
337,61,69,100
345,54,80,112
332,55,80,107
326,78,82,99
329,83,92,85
315,89,92,78
312,87,99,78
318,92,86,76
316,96,68,59
320,97,59,56
322,98,55,60
319,103,61,61
318,105,60,52
315,110,70,47
316,115,72,44
382,128,66,50
369,119,70,41
368,122,73,36
379,117,69,34
347,118,73,42
393,81,68,48
358,108,63,52
355,107,68,56
342,113,82,55
364,101,88,65
363,110,93,62
359,118,102,56
347,122,118,54
335,118,128,63
335,116,108,74
333,114,114,80
331,118,112,77
344,129,114,69
333,136,109,62
337,140,113,57
339,146,120,51
334,137,131,60
325,147,133,49
325,142,139,54
320,144,137,53
323,137,131,60
323,132,125,69
327,146,126,55
322,146,128,57
322,147,129,58
331,156,119,47
326,147,122,57
324,138,125,65
330,144,115,61
326,145,122,61
327,151,119,57
327,155,123,52
328,157,122,50
329,155,120,54
326,155,125,55
328,157,123,49
327,156,122,50
328,151,121,54
327,141,123,63
325,153,126,55
326,156,123,48
329,156,121,47
327,154,122,50
328,154,122,50
326,161,125,42
327,158,122,46
324,154,124,50
329,145,120,59
326,144,124,62
325,143,123,62
325,142,125,68
325,149,128,58
328,155,125,49
324,155,137,47
323,156,141,46
324,151,145,52
322,150,152,53
325,154,152,48
323,151,157,52
325,149,157,53
324,146,159,58
326,146,161,64
327,143,159,69
335,144,152,64
340,145,158,62
333,145,166,65
346,145,157,65
363,145,139,61
366,146,142,59
371,145,144,61
377,143,141,64
383,144,141,64
387,143,138,65
391,144,141,65
401,140,130,69
409,140,124,66
419,134,127,74
424,135,111,72
434,131,103,76
439,132,93,77
456,131,75,79
468,137,61,80
468,137,61,80
468,137,61,80
494,120,68,82
507,125,64,93
506,115,81,101
512,114,82,101
522,119,78,90
534,127,72,81
510,105,68,63
537,121,78,76
503,100,87,60
498,93,82,64
546,117,77,57
515,105,94,49
515,105,94,49
515,105,94,49
515,105,94,49
515,105,94,49
515,105,94,49
515,105,94,49
515,105,94,49
515,105,94,49
515,105,94,49
515,105,94,49
515,105,94,49
515,105,94,49
515,105,94,49
515,105,94,49
515,105,94,49
515,105,94,49
515,105,94,49
515,105,94,49
515,105,94,49
515,105,94,49
515,105,94,49
515,105,94,49
435,16,107,52
435,16,107,52
435,16,107,52
435,16,107,52
435,16,107,52
435,16,107,52
435,16,107,52
435,16,107,52
435,16,107,52
435,16,107,52
435,16,107,52
435,16,107,52
435,16,107,52
356,27,91,63
353,46,88,75
355,35,82,91
341,23,104,103
337,26,113,94
330,30,123,82
324,37,133,77
319,44,132,63
317,47,143,71
315,58,142,72
320,103,129,93
315,94,124,110
311,86,128,121
310,74,134,145
309,68,134,152
311,59,131,159
313,59,124,132
313,59,118,130
310,60,127,141
317,61,119,152
312,60,126,145
314,57,122,168
324,58,110,156
328,60,108,161
322,60,111,162
323,59,114,161
325,58,114,166
323,59,115,156
318,83,131,145
314,80,130,137
315,66,134,151
319,60,128,155
321,91,129,135
323,93,124,126
327,103,127,113
320,120,138,87
320,140,153,66
321,137,141,57
322,140,123,50
324,129,124,59
332,130,140,56
326,126,145,64
327,126,141,67
323,119,142,80
325,117,136,86
324,119,137,88
325,113,136,97
324,119,133,97
324,116,125,100
322,113,125,108
319,112,127,115
320,115,125,112
319,119,123,113
317,120,121,110
318,107,113,124
311,129,122,101
312,125,124,105
311,121,123,108
309,108,123,125
298,132,135,144
287,140,153,161
293,122,142,179
293,133,138,173
290,134,149,171
292,148,146,159
289,162,151,138
285,168,160,134
289,169,144,131
286,174,155,123
288,183,150,112
286,183,161,114
287,206,173,91
287,206,173,91
287,206,173,91
287,206,173,91
286,186,162,115
258,203,153,100
288,217,169,85
268,200,147,98
289,210,165,89
287,226,176,71
272,198,184,105
287,217,178,82
271,200,165,103
284,217,176,86
284,217,176,86
284,217,176,86
288,219,168,79
290,220,176,78
291,225,175,72
271,200,193,97
287,220,172,81
276,202,178,96
276,202,178,96
276,202,178,96
276,202,178,96
276,202,178,96
276,202,178,96
276,202,178,96
115,211,193,71
115,211,193,71
115,211,193,71
115,211,193,71
115,211,193,71
115,211,193,71
115,211,193,71
115,211,193,71
115,211,193,71
115,211,193,71
115,211,193,71
115,211,193,71
115,211,193,71
115,211,193,71
115,211,193,71
115,211,193,71
115,211,193,71
115,211,193,71
115,211,193,71
115,211,193,71
115,211,193,71
115,211,193,71
115,211,193,71
115,211,193,71
115,211,193,71
115,211,193,71
115,211,193,71
115,211,193,71
115,211,193,71
115,211,193,71
115,211,193,71
115,211,193,71
115,211,193,71
115,211,193,71
115,211,193,71
115,211,193,71
115,211,193,71
115,211,193,71
115,211,193,71
115,211,193,71
115,211,193,71
115,211,193,71
115,211,193,71
115,211,193,71
115,211,193,71
115,211,193,71
115,211,193,71
115,211,193,71
115,211,193,71
115,211,193,71
115,211,193,71
115,211,193,71
115,211,193,71
115,211,193,71
115,211,193,71
115,211,193,71
115,211,193,71
115,211,193,71
115,211,193,71
115,211,193,71
115,211,193,71
115,211,193,71
115,211,193,71
115,211,193,71
115,211,193,71
115,211,193,71
115,211,193,71
115,211,193,71
115,211,193,71
115,211,193,71
115,211,193,71
115,211,193,71
115,211,193,71
174,215,182,70
174,215,182,70
174,215,182,70
174,215,182,70
174,215,182,70
174,215,182,70
162,221,181,64
162,221,181,64
162,221,181,64
162,221,181,64
162,221,181,64
162,221,181,64
162,221,181,64
222,220,193,74
176,220,188,76
176,220,188,76
176,220,188,76
176,220,188,76
212,211,184,85
212,211,184,85
212,211,184,85
212,211,184,85
212,211,184,85
212,211,184,85
212,211,184,85
212,211,184,85
212,211,184,85
212,211,184,85
212,211,184,85
212,211,184,85
212,211,184,85
212,211,184,85
212,211,184,85
212,211,184,85
212,211,184,85
212,211,184,85
212,211,184,85
212,211,184,85
212,211,184,85
212,211,184,85
212,211,184,85
212,211,184,85
212,211,184,85
212,211,184,85
212,211,184,85
212,211,184,85
212,211,184,85
212,211,184,85
212,211,184,85
212,211,184,85
212,211,184,85
212,211,184,85
212,211,184,85
212,211,184,85
212,211,184,85
212,211,184,85
212,211,184,85
212,211,184,85
212,211,184,85
212,211,184,85
212,211,184,85
212,211,184,85
212,211,184,85
212,211,184,85
212,211,184,85
212,211,184,85
212,211,184,85
212,211,184,85
212,211,184,85
212,211,184,85
212,211,184,85
212,211,184,85
212,211,184,85
212,211,184,85
212,211,184,85
212,211,184,85
212,211,184,85
212,211,184,85
212,211,184,85
212,211,184,85
212,211,184,85
212,211,184,85
212,211,184,85
212,211,184,85
212,211,184,85
212,211,184,85
212,211,184,85
212,211,184,85
212,211,184,85
212,211,184,85
212,211,184,85
212,211,184,85
212,211,184,85
212,211,184,85
212,211,184,85
212,211,184,85
212,211,184,85
212,211,184,85
212,211,184,85
212,211,184,85
212,211,184,85
212,211,184,85
212,211,184,85
212,211,184,85
212,211,184,85
212,211,184,85
212,211,184,85
212,211,184,85
212,211,184,85
212,211,184,85
212,211,184,85
212,211,184,85
212,211,184,85
212,211,184,85
212,211,184,85
212,211,184,85
212,211,184,85
212,211,184,85
212,211,184,85
212,211,184,85
212,211,184,85
212,211,184,85
212,211,184,85
212,211,184,85
212,211,184,85
212,211,184,85
212,211,184,85
212,211,184,85
212,211,184,85
212,211,184,85
212,211,184,85
212,211,184,85
212,211,184,85
212,211,184,85
212,211,184,85
212,211,184,85
212,211,184,85
212,211,184,85
212,211,184,85
212,211,184,85
212,211,184,85
212,211,184,85
212,211,184,85
212,211,184,85
212,211,184,85
212,211,184,85
212,211,184,85
212,211,184,85
212,211,184,85
212,211,184,85
212,211,184,85
212,211,184,85
212,211,184,85
212,211,184,85
212,211,184,85
212,211,184,85
212,211,184,85
212,211,184,85
212,211,184,85
212,211,184,85
212,211,184,85
212,211,184,85
212,211,184,85
212,211,184,85
212,211,184,85
212,211,184,85
212,211,184,85
212,211,184,85
212,211,184,85
212,211,184,85
212,211,184,85
212,211,184,85
212,211,184,85
212,211,184,85
212,211,184,85
212,211,184,85
212,211,184,85
212,211,184,85
261,221,186,74
215,216,194,76
215,216,194,76
197,216,217,75
197,216,217,75
197,216,217,75
197,216,217,75
197,216,217,75
197,216,217,75
197,216,217,75
197,216,217,75
197,216,217,75
197,216,217,75
197,216,217,75
197,216,217,75
197,216,217,75
197,216,217,75
197,216,217,75
283,214,183,83
307,216,152,83
341,205,132,97
347,222,117,75
372,196,106,98
353,217,115,83
350,205,121,91
344,191,130,105
345,210,125,91
348,190,121,106
359,179,112,116
365,172,103,120
386,169,82,127
359,181,97,119
376,170,88,124
389,165,72,130
406,162,53,134
394,164,59,136
402,165,52,130
405,166,48,125
405,163,47,127
402,161,48,128
404,172,46,123
399,142,56,114
396,156,58,109
393,170,65,107
387,163,76,91
380,177,88,75
381,179,86,67
383,181,82,49
370,181,91,47
373,177,85,52
375,177,78,53
377,174,73,54
375,172,67,55
375,173,67,57
381,171,57,57
383,171,52,55
390,168,42,56
374,173,50,57
373,168,55,62
374,166,53,61
373,161,55,68
370,159,56,68
373,157,54,71
375,154,53,75
376,153,53,78
377,151,54,78
374,150,60,81
371,147,68,85
383,143,58,86
379,144,65,85
379,144,66,88
376,144,70,88
379,142,67,86
376,144,72,89
380,143,68,86
377,143,71,89
383,142,66,89
383,143,64,89
381,145,66,87
381,145,65,89
382,145,65,87
380,150,67,82
384,150,61,82
387,155,55,78
385,158,57,72
389,162,50,63
392,165,42,64
390,172,42,56
394,176,37,52
394,180,35,46
394,185,32,42
395,189,30,39
393,196,31,33
396,200,28,30
398,203,25,27
399,209,23,26
398,216,24,20
398,216,24,20
398,216,24,20
398,216,24,20
398,216,24,20
398,216,24,20
398,216,24,20
398,216,24,20
398,216,24,20
398,216,24,20
398,216,24,20
398,216,24,20
398,216,24,20
398,216,24,20
398,216,24,20
398,216,24,20
398,216,24,20
398,216,24,20
398,216,24,20
398,216,24,20
398,216,24,20
398,216,24,20
398,216,24,20
398,216,24,20
398,216,24,20
398,216,24,20
398,216,24,20
398,216,24,20
398,216,24,20
398,216,24,20
398,216,24,20
398,216,24,20
398,216,24,20
398,216,24,20
398,216,24,20
398,216,24,20
398,216,24,20
398,216,24,20
398,216,24,20
398,216,24,20
398,216,24,20
398,216,24,20
412,211,24,19
409,207,27,22
409,203,27,26
407,199,27,30
405,196,28,34
406,192,26,39
404,189,26,39
404,187,23,40
400,185,24,42
399,183,21,45
399,182,20,47
396,182,20,47
396,182,18,48
394,181,18,49
393,181,18,49
391,182,18,47
390,182,18,46
390,184,16,43
391,185,16,44
391,184,16,43
392,185,15,43
392,184,16,45
392,185,15,42
391,184,16,44
390,184,16,44
389,184,17,43
390,184,16,44
390,184,15,45
390,183,16,46
389,184,17,43
390,184,16,44
391,183,15,45
390,183,16,45
390,183,17,46
390,183,17,45
389,183,18,45
388,184,19,46
387,182,19,46
387,183,18,46
386,186,19,52
382,180,18,48
381,181,18,45
376,180,17,45
371,180,18,46
367,179,20,49
364,178,20,50
364,178,20,50
364,178,20,50
364,178,20,50
364,178,20,50
364,178,20,50
364,178,20,50
344,196,24,45
342,208,23,47
336,210,29,47
331,214,32,54
326,210,38,59
328,209,38,64
331,211,32,74
333,192,31,80
331,184,37,88
331,176,38,102
328,184,41,107
326,176,43,114
326,175,44,112
325,174,45,120
325,176,46,113
325,176,46,113
325,176,47,113
326,176,45,113
325,176,45,110
325,177,45,108
323,177,48,110
323,176,49,111
322,175,49,110
323,177,47,112
323,176,49,109
325,176,45,110
323,174,49,112
325,176,46,110
327,177,44,106
327,175,44,114
330,174,42,119
327,176,45,114
329,177,43,112
328,175,43,114
328,175,43,118
330,175,42,112
329,176,44,113
331,174,45,115
332,176,39,117
334,175,34,117
333,175,34,118
331,174,39,122
333,173,35,117
332,175,37,117
335,176,34,113
332,176,37,114
333,175,37,117
331,175,40,116
335,174,36,111
334,174,35,118
333,174,35,117
331,176,39,116
338,173,31,118
336,174,32,120
335,174,35,116
334,176,36,115
332,176,38,114
330,176,41,112
333,174,38,116
330,173,41,120
330,172,41,117
332,178,38,114
334,176,38,111
332,175,38,116
332,176,39,118
332,174,39,118
332,176,39,113
331,175,39,117
331,175,40,119
331,174,39,117
330,174,41,115
331,174,39,116
329,175,41,116
332,175,37,112
334,176,35,109
331,176,38,112
330,175,40,116
330,175,41,113
329,175,42,119
334,173,37,117
332,175,39,117
332,174,41,117
332,173,40,118
329,175,44,116
329,175,44,119
327,174,47,117
329,177,42,112
328,174,43,114
330,175,39,113
331,173,38,120
333,173,35,119
330,175,40,114
329,175,39,118
330,175,38,119
330,176,38,117
330,176,39,116
328,174,40,120
328,174,41,115
327,175,40,118
328,175,40,115
330,174,38,115
330,174,38,115
329,174,38,114
329,175,39,115
329,175,39,117
329,175,38,115
327,176,41,112
328,176,39,113
328,175,39,115
328,175,39,113
327,176,41,112
328,174,38,115
328,174,38,119
326,176,41,111
328,175,38,113
327,176,39,111
330,174,34,114
330,176,36,109
330,176,36,109
329,174,36,113
328,175,36,116
331,174,33,117
326,175,39,113
327,175,37,110
329,175,36,112
329,174,36,113
328,174,37,116
328,174,36,117
327,175,37,117
329,175,35,110
328,175,36,115
327,175,36,114
328,173,36,118
328,173,35,113
329,174,34,117
328,173,34,116
327,173,37,116
327,173,37,120
327,173,36,117
327,174,37,117
329,175,36,116
328,176,35,114
327,176,35,113
327,175,36,116
330,175,31,116
329,173,34,119
330,174,32,120
327,176,39,114
328,176,38,111
327,176,39,110
329,182,36,104
329,177,38,107
330,177,36,108
328,177,39,103
331,178,37,108
329,175,37,114
331,174,36,114
331,174,35,112
329,176,38,116
332,175,38,112
332,174,38,115
339,173,30,117
336,174,34,114
336,175,33,114
335,173,41,116
335,172,41,118
339,173,36,119
341,174,32,115
340,174,32,117
339,175,32,116
340,173,33,116
341,175,32,115
339,176,33,112
336,174,38,114
338,175,38,118
340,172,36,113
337,170,39,120
332,161,45,133
329,162,47,132
314,162,62,128
299,169,78,127
319,172,60,119
310,173,66,110
298,175,78,120
311,172,71,123
296,180,80,110
321,175,54,109
305,174,67,115
329,174,44,110
331,175,41,114
336,172,37,120
335,174,36,117
334,176,37,117
334,175,39,117
334,175,39,119
336,174,36,115
339,172,34,119
339,176,32,115
345,173,28,117
342,174,29,114
345,173,27,117
340,173,34,116
343,173,30,119
342,175,30,112
347,174,27,116
331,174,42,118
339,175,34,109
342,175,32,113
345,175,29,117
344,174,29,119
347,174,26,118
335,175,36,116
345,175,29,115
345,174,30,117
347,173,28,118
334,174,40,117
337,175,37,116
342,172,31,118
342,173,32,116
339,173,34,115
339,174,36,116
334,174,41,115
328,176,46,117
319,175,56,116
322,174,54,117
330,172,43,119
330,176,39,114
332,172,39,118
331,172,42,120
336,172,40,117
336,177,31,114
338,172,30,120
346,175,25,118
347,173,23,122
335,173,35,123
334,174,35,121
333,174,37,119
332,174,38,121
333,172,36,120
334,174,36,117
336,173,34,115
332,174,38,116
334,173,36,119
335,173,34,118
333,175,37,117
335,173,37,119
337,174,33,119
337,173,32,121
340,173,31,120
338,173,31,119
339,175,30,117
336,172,35,121
336,174,35,117
335,173,37,122
336,173,34,120
335,174,37,116
337,173,33,116
338,174,31,116
335,173,36,120
339,173,31,121
337,174,32,116
335,175,34,115
335,176,34,115
335,174,34,117
333,175,36,117
332,174,36,115
334,174,35,120
333,175,35,116
330,174,38,121
333,173,37,116
333,174,36,118
334,174,34,121
331,175,37,117
331,174,40,120
332,172,37,121
332,174,39,117
332,174,38,112
329,174,41,116
331,176,38,116
333,175,35,112
333,174,34,115
331,174,38,118
333,174,35,117
332,175,35,114
332,174,36,113
330,175,39,113
330,173,38,113
331,173,38,116
331,173,38,120
334,173,34,116
332,173,37,117
330,173,40,120
331,172,39,117
330,167,41,125
328,168,43,124
326,164,47,127
325,162,48,126
324,167,49,120
325,166,48,116
324,170,47,122
323,171,56,120
322,170,66,116
325,172,68,115
327,174,73,112
330,177,72,116
336,183,74,111
303,181,62,114
327,176,45,112
329,174,36,115
328,175,38,117
327,175,39,114
327,173,41,119
326,174,41,118
329,173,39,117
330,173,40,117
328,173,42,109
327,174,42,111
328,175,43,109
327,174,44,113
329,176,42,115
329,175,43,111
328,178,44,111
328,176,45,116
329,176,44,116
329,176,44,116
329,176,44,118
328,177,46,115
328,178,46,112
329,177,45,114
329,177,44,114
327,176,47,115
327,178,47,113
330,176,43,114
331,174,43,121
329,175,45,117
329,177,45,114
328,179,45,112
330,175,44,115
327,175,47,117
330,176,43,116
331,177,42,109
332,174,42,117
334,173,40,121
332,175,42,116
333,176,41,115
331,177,44,111
330,176,46,116
334,176,43,114
335,178,42,109
336,178,39,111
333,177,46,113
332,176,46,117
331,178,47,112
329,177,51,113
329,177,49,115
332,178,46,114
336,176,42,115
344,172,35,120
348,175,30,122
336,174,38,119
344,174,34,114
348,175,29,119
333,174,44,120
341,177,37,114
347,176,29,117
346,177,33,115
336,175,37,120
342,175,36,117
344,176,34,117
343,177,35,118
346,175,34,118
346,176,33,120
346,176,35,119
343,176,36,116
345,177,35,117
328,175,52,120
335,176,45,115
344,175,36,118
348,176,32,117
339,181,32,111
342,175,38,119
346,175,34,120
332,176,48,120
337,176,44,116
340,174,40,115
344,174,35,120
344,177,35,114
341,177,37,118
