300,209,43,74
295,206,41,73
296,206,44,73
299,205,42,74
301,205,45,74
302,203,49,76
305,203,54,77
310,202,54,76
315,204,55,74
327,205,47,73
332,205,48,73
340,202,47,74
348,196,46,82
356,197,45,81
362,195,47,83
373,194,46,81
378,192,48,84
388,189,47,85
395,182,49,87
401,179,50,85
407,175,48,88
411,169,53,90
413,170,55,89
416,164,56,89
418,163,53,82
425,161,52,81
427,158,52,82
430,152,54,81
429,152,54,81
430,155,55,76
429,153,57,78
426,157,59,73
427,157,57,77
427,159,52,75
429,163,50,73
434,168,46,71
433,169,46,69
429,169,49,70
426,172,52,69
424,174,55,67
424,175,56,65
427,173,55,65
428,173,51,67
435,175,47,65
435,174,42,66
439,176,43,64
442,175,43,66
442,177,45,64
444,176,49,65
446,176,53,67
450,177,53,69
456,177,52,69
461,182,53,69
464,181,50,71
470,181,47,69
474,183,48,71
477,182,54,70
477,184,56,69
480,184,58,69
482,186,58,68
481,188,56,68
483,188,51,66
481,188,54,67
482,187,51,68
482,187,51,70
479,185,48,70
476,185,48,67
472,187,44,64
465,185,47,64
459,191,43,61
455,190,39,59
448,192,36,59
442,193,34,58
433,195,36,57
426,197,35,55
418,200,37,54
415,203,34,55
409,203,35,53
403,209,38,50
397,212,37,48
394,212,39,47
394,214,39,46
392,213,38,44
394,214,39,44
397,214,39,44
400,215,40,42
404,217,40,42
406,218,43,42
416,221,39,41
418,225,43,40
424,225,44,40
432,226,46,44
443,229,43,46
454,230,45,53
467,233,48,54
477,237,43,56
488,237,44,53
500,240,43,52
517,241,40,53
528,242,38,54
536,241,41,54
545,242,39,54
552,240,39,57
559,241,39,56
563,240,40,60
563,241,41,61
564,242,40,60
564,243,41,63
558,244,42,66
551,247,42,64
543,250,40,62
532,250,39,64
522,253,36,62
503,254,42,62
490,257,42,59
477,260,42,58
464,263,41,57
452,265,42,56
440,267,38,53
433,266,35,52
421,265,36,52
414,266,36,47
411,262,32,48
407,259,29,44
400,255,28,45
401,252,27,44
399,249,27,42
399,244,28,41
398,242,26,41
402,239,29,43
403,238,39,45
405,236,40,45
406,237,39,47
408,236,39,46
411,239,38,46
412,242,37,45
414,242,38,45
415,242,38,44
415,242,45,46
417,242,42,44
419,242,37,46
425,244,32,43
431,243,31,46
435,240,31,46
440,241,32,47
446,241,32,47
449,241,32,49
454,238,32,47
459,234,32,51
462,230,31,48
469,230,32,48
473,229,32,48
475,225,31,48
477,227,32,48
480,226,32,47
479,223,33,47
479,223,33,48
478,222,34,47
475,222,39,47
473,222,40,46
470,221,42,46
468,223,44,48
464,225,48,48
459,224,46,49
456,223,44,47
453,222,43,47
450,225,43,45
447,224,46,46
448,225,45,46
444,225,47,46
442,223,49,47
441,224,52,45
440,224,53,45
442,225,50,43
445,224,47,45
448,226,45,44
450,224,44,45
452,225,43,44
454,223,44,46
457,223,43,45
458,223,42,43
458,222,43,44
461,223,44,46
463,223,42,45
464,222,42,45
464,222,40,46
464,221,41,48
466,221,39,49
467,220,41,47
467,219,42,49
468,222,39,47
469,221,39,47
469,222,39,46
468,221,39,46
468,222,39,47
467,223,40,46
464,221,42,47
463,220,41,47
462,221,43,47
462,222,42,46
459,222,44,47
459,222,43,47
458,223,43,46
456,225,44,46
455,226,44,44
455,226,47,45
454,227,45,44
453,227,45,43
452,226,46,44
454,227,44,44
453,225,44,46
452,226,44,45
453,227,44,45
453,226,45,45
453,226,44,45
454,226,44,43
453,225,44,45
456,226,43,44
454,225,45,45
457,224,45,46
458,225,42,44
457,226,43,46
460,226,41,45
461,226,41,46
461,228,42,45
463,227,40,46
464,226,40,47
464,226,40,47
463,226,41,47
464,225,41,48
463,223,41,49
463,225,41,47
460,224,40,47
459,222,42,48
456,221,43,47
455,220,42,49
451,218,43,48
445,215,45,51
439,215,47,49
433,214,49,48
427,212,50,49
415,209,55,53
415,203,51,55
411,210,49,47
401,211,54,42
394,212,50,41
387,207,38,44
382,211,37,39
377,210,38,38
371,209,42,38
368,209,39,39
364,209,40,38
363,209,41,39
361,208,41,38
361,206,40,40
360,205,40,39
363,205,41,38
364,203,41,40
368,204,41,39
371,204,39,41
375,204,39,41
379,203,39,42
385,202,41,44
394,204,40,46
400,203,40,48
407,201,39,48
415,204,39,48
420,202,40,48
426,203,41,49
435,203,39,47
442,205,38,47
448,204,37,52
454,201,34,52
458,203,32,49
460,202,35,53
462,202,32,52
464,204,33,51
461,204,34,52
457,204,35,51
457,206,34,53
450,209,35,52
443,212,37,53
436,215,40,51
428,217,39,52
419,220,38,53
413,222,36,51
401,225,39,49
392,226,41,49
382,226,42,46
373,223,41,48
364,222,43,46
356,222,43,44
351,219,42,43
346,215,40,42
341,212,43,40
335,208,43,41
335,207,44,41
333,203,43,40
333,202,43,41
336,200,41,40
338,197,42,41
341,197,41,39
345,198,40,41
350,197,40,41
354,198,39,42
358,200,38,41
361,200,41,42
362,200,41,42
371,201,38,43
377,201,38,45
389,203,41,47
396,202,43,48
414,204,39,51
416,203,43,51
427,204,43,49
440,203,43,52
451,202,40,53
462,203,39,54
471,199,44,54
478,195,39,58
484,195,39,58
489,192,37,59
492,192,36,58
495,189,37,60
496,191,36,59
491,192,36,59
486,193,39,60
479,197,39,59
472,200,42,56
462,203,39,54
452,207,36,56
438,209,40,53
426,213,42,54
414,215,39,55
405,216,41,52
390,219,40,45
379,217,38,46
369,216,41,45
358,215,41,43
352,213,40,43
344,211,40,42
335,208,42,41
332,206,42,40
327,203,42,37
325,200,43,38
323,198,42,38
325,194,41,39
325,194,41,38
326,194,41,38
329,195,40,38
332,195,40,38
337,197,42,38
344,198,40,41
351,201,40,42
358,203,40,42
367,205,40,43
376,207,38,45
387,207,43,46
398,210,42,47
416,205,38,54
420,207,47,51
436,206,43,52
449,202,46,53
464,198,42,56
475,196,41,54
487,191,39,59
495,185,38,59
503,182,38,61
509,180,40,59
514,178,38,62
513,177,40,63
515,177,39,63
512,178,40,65
505,179,39,64
500,182,40,62
489,188,41,62
480,191,41,60
466,198,48,60
451,199,48,56
434,205,50,56
419,206,52,54
415,208,45,54
397,207,49,52
384,208,46,48
375,208,42,46
366,205,43,45
357,203,44,42
351,198,43,42
347,194,43,39
344,189,42,37
341,186,42,36
341,181,41,35
342,177,43,35
341,174,43,35
345,170,42,36
347,169,42,36
351,169,41,37
357,168,42,38
362,170,43,40
368,170,42,43
377,172,42,44
385,175,40,45
394,178,40,44
403,179,42,45
413,179,40,48
420,179,44,49
431,178,43,49
442,176,46,51
453,175,43,52
465,177,44,56
476,177,44,56
488,179,43,59
499,181,42,59
506,185,42,61
516,183,41,62
519,185,43,63
521,183,43,65
523,183,43,68
521,184,44,64
518,182,46,67
515,183,47,67
508,185,49,67
498,186,54,70
485,185,59,67
478,186,58,66
470,188,57,66
467,186,56,65
457,186,59,63
455,188,58,64
447,189,56,64
434,187,57,60
423,193,56,58
416,194,54,58
411,194,51,54
402,197,52,51
398,198,50,51
395,198,49,51
394,197,47,50
391,199,46,50
391,197,44,50
390,200,43,51
390,201,41,47
391,199,41,45
392,200,43,44
394,199,41,42
398,198,39,43
401,196,38,42
403,194,36,43
406,195,36,43
412,196,33,43
412,196,35,42
414,196,35,42
414,198,38,42
414,200,38,43
418,202,40,46
419,205,40,46
424,206,38,53
426,211,38,51
427,210,40,54
427,213,42,56
427,216,43,59
428,217,44,59
429,219,47,62
428,219,47,61
426,218,48,63
426,219,47,69
427,216,44,68
426,212,44,71
422,211,48,67
420,207,50,70
417,207,50,70
414,207,51,72
416,207,48,75
414,210,46,74
412,215,45,72
410,221,43,68
409,227,43,66
408,231,43,65
405,235,42,65
406,234,41,64
405,239,41,60
404,239,40,60
407,240,37,58
409,240,35,56
408,241,33,51
411,239,32,50
412,236,32,51
413,234,30,51
415,231,30,47
414,229,29,41
417,228,29,39
419,226,30,41
419,223,28,40
421,223,29,41
419,222,28,41
419,221,31,41
420,224,30,40
421,224,30,42
421,226,28,43
422,228,32,45
421,231,33,47
419,233,32,51
420,234,33,55
419,236,32,55
418,238,34,58
418,239,36,58
417,237,35,60
414,237,38,65
413,235,36,67
414,232,38,67
410,230,39,66
410,225,40,66
408,221,39,67
408,218,41,67
407,214,42,67
406,205,42,73
405,204,43,72
402,201,41,73
402,205,43,65
401,200,40,70
401,202,41,70
402,205,40,71
402,209,40,67
403,211,40,65
403,212,39,66
405,214,40,66
405,216,39,65
407,219,38,65
410,219,38,61
411,219,36,61
412,218,35,62
416,216,36,60
417,215,38,56
417,216,38,55
423,214,37,52
425,212,36,49
426,211,37,48
428,207,36,50
432,207,37,48
435,206,36,51
435,208,37,49
435,207,37,50
436,207,41,52
439,206,39,50
439,207,42,53
439,205,41,53
438,207,41,54
440,207,42,54
439,206,42,55
437,206,42,56
439,207,43,56
437,208,44,56
435,209,46,61
435,206,46,62
430,208,46,59
428,209,48,63
418,206,54,62
420,204,49,61
417,201,47,62
416,201,43,61
414,196,42,63
413,197,41,65
411,194,41,65
409,196,41,62
406,193,44,65
407,194,41,64
407,195,41,63
405,194,41,63
407,198,41,64
407,197,41,63
407,197,40,64
410,201,41,61
410,202,41,61
412,200,42,62
414,203,42,61
416,204,46,58
416,203,46,60
418,203,47,61
421,204,47,56
426,206,44,53
429,204,45,53
429,203,45,54
429,203,46,54
432,201,44,55
435,206,45,54
436,204,44,53
438,202,42,53
439,205,43,54
440,202,43,54
439,202,41,54
440,198,43,56
437,199,46,57
437,201,47,57
438,200,46,56
437,199,45,56
435,197,47,54
435,195,46,55
434,196,46,57
433,194,46,57
430,192,47,57
430,191,47,58
427,190,47,58
425,190,47,61
420,187,49,61
417,186,48,61
418,186,47,62
416,182,46,61
416,180,43,62
414,176,42,60
413,172,43,61
409,170,44,61
407,172,44,60
407,166,44,60
406,168,42,59
405,168,40,60
404,166,40,59
404,167,37,60
406,166,38,58
404,170,36,56
405,170,37,54
405,169,37,55
407,169,37,55
409,170,38,55
412,170,37,53
413,172,36,52
417,171,37,52
419,172,37,52
422,173,39,52
424,174,39,52
427,174,40,51
430,177,41,50
433,176,41,53
434,176,41,52
437,176,43,54
440,179,44,53
443,178,44,57
442,179,44,57
443,179,45,57
444,180,47,60
444,178,49,61
444,178,48,61
443,182,52,60
442,182,48,62
440,183,47,62
439,180,47,64
439,178,46,65
436,176,46,68
435,174,48,64
430,172,48,67
428,169,49,65
427,166,46,66
426,165,44,65
426,162,42,64
428,164,40,62
427,163,40,62
427,160,42,66
427,159,42,64
431,159,43,63
432,160,43,62
435,161,40,61
440,159,40,62
444,161,39,61
449,161,39,61
452,161,39,61
457,164,40,58
462,166,40,58
465,167,46,59
469,169,48,58
475,169,44,60
475,170,46,58
481,172,43,57
481,173,45,56
487,173,43,57
486,173,43,57
490,174,45,56
493,171,45,57
499,171,47,57
502,169,48,59
503,171,49,60
507,171,50,59
509,174,53,59
510,175,52,62
511,177,51,59
512,183,51,61
513,186,49,61
510,189,52,61
507,191,54,62
503,193,55,65
502,192,51,64
494,190,54,64
491,189,51,64
485,186,51,64
480,181,48,65
473,178,44,66
467,175,46,68
460,172,48,65
455,169,44,64
448,164,43,64
443,162,42,63
438,160,41,64
435,160,40,63
432,157,39,66
430,158,38,66
427,161,38,62
430,164,36,62
427,165,36,61
430,168,37,64
431,166,39,64
433,167,38,60
436,169,39,61
441,169,38,61
445,171,38,60
449,172,39,59
454,173,37,57
457,172,40,57
462,174,41,56
465,176,42,54
468,178,40,56
473,180,41,55
476,181,42,57
479,184,42,58
481,185,44,57
480,188,43,58
482,190,45,57
482,194,45,57
483,195,45,56
483,196,44,59
482,199,44,58
480,200,43,57
479,200,43,57
477,197,42,60
475,199,43,60
473,198,45,60
469,196,45,61
466,196,44,61
461,193,46,64
461,191,44,63
455,189,43,64
454,189,41,64
451,185,40,65
446,185,40,65
446,186,40,64
444,184,41,66
440,182,43,67
438,181,42,65
439,180,39,66
436,180,40,64
434,182,39,64
436,180,41,64
434,179,40,63
435,181,40,64
436,180,40,63
435,182,42,62
438,181,40,63
438,186,40,63
439,185,41,61
439,188,42,60
440,193,42,59
443,195,40,61
442,197,39,60
443,203,42,57
442,207,42,59
440,209,43,57
442,214,42,60
440,217,41,58
439,221,43,61
439,225,42,58
439,228,42,59
437,232,40,58
435,234,38,57
435,233,38,59
433,235,38,59
431,233,37,60
427,235,38,60
428,235,37,59
425,236,37,58
426,234,37,57
424,235,35,56
424,235,36,56
425,234,34,55
426,235,33,54
425,233,33,56
425,234,33,56
428,234,33,59
430,232,44,55
429,231,44,55
431,230,44,54
430,230,45,51
431,227,47,53
429,228,48,51
428,229,50,52
430,227,51,58
429,227,52,60
431,225,52,64
429,225,53,60
431,225,51,58
430,223,35,54
430,220,33,55
432,223,32,52
429,218,34,54
432,217,35,53
431,220,32,51
432,218,31,54
431,215,33,56
428,216,33,56
427,214,33,55
425,211,34,57
424,215,33,55
426,212,32,59
423,212,36,57
424,214,35,56
420,212,35,58
420,212,34,58
420,214,35,58
415,211,36,60
411,213,37,59
409,214,36,59
408,215,35,60
408,216,35,58
405,215,34,58
400,217,34,58
397,216,34,58
395,216,33,57
389,217,36,58
384,217,35,57
379,215,35,58
377,216,35,59
372,216,37,56
368,216,38,57
364,215,40,57
359,214,40,56
359,215,40,54
356,216,41,54
353,215,41,54
354,214,44,53
353,217,46,51
353,215,45,50
355,215,45,51
360,216,43,51
366,216,42,52
372,215,43,51
380,217,43,50
386,219,45,50
397,219,43,52
406,218,42,54
410,219,47,53
422,219,45,53
433,219,45,54
446,219,43,57
458,216,41,58
470,216,38,55
479,217,40,57
488,216,39,60
496,212,39,61
503,210,39,62
507,209,40,60
511,207,40,63
513,210,41,60
513,209,38,62
509,209,39,60
503,209,39,65
497,213,41,63
488,215,41,63
479,217,40,61
468,223,48,60
453,225,47,61
440,231,50,62
424,235,51,60
408,240,51,57
398,238,50,56
386,241,46,51
372,241,47,50
361,240,42,48
350,237,46,46
339,234,45,43
332,233,44,39
324,231,45,39
318,227,47,39
315,224,48,38
312,219,49,41
313,214,48,41
314,211,45,39
314,207,47,39
319,207,48,38
323,204,50,40
329,204,47,41
337,204,49,41
345,204,45,44
356,205,41,46
365,206,42,47
377,209,43,46
389,212,43,47
405,213,41,50
410,213,46,52
426,215,49,53
441,218,48,54
455,219,49,59
471,216,46,60
486,213,44,64
497,212,47,63
510,210,46,64
522,205,45,63
529,204,44,64
534,200,43,65
538,199,44,66
539,198,44,67
536,198,46,68
532,199,46,67
527,199,45,67
518,202,43,66
506,204,43,66
492,208,47,65
479,208,45,67
464,208,52,70
460,217,45,64
452,215,46,63
445,216,45,64
428,221,44,62
411,222,47,60
404,221,40,60
390,219,41,56
379,219,39,52
368,216,39,51
361,216,38,49
353,213,38,49
347,209,39,47
343,207,37,46
338,203,37,44
338,203,38,42
337,201,36,42
340,200,34,42
343,199,34,42
347,198,33,42
350,198,33,43
356,199,33,43
363,201,33,44
374,204,32,46
382,206,35,46
395,210,33,47
406,213,33,47
414,217,41,48
429,218,40,51
444,219,37,54
458,222,40,54
471,221,45,59
486,221,41,60
499,218,43,60
511,214,45,61
525,211,43,62
533,206,48,63
540,205,50,64
543,198,53,65
546,194,56,67
544,193,60,68
543,191,57,66
538,192,58,68
532,195,54,68
526,193,53,69
511,198,59,67
498,204,54,65
479,207,54,65
466,209,56,71
449,214,49,66
431,217,51,63
416,220,46,62
405,219,37,61
390,218,36,58
379,215,29,59
366,213,32,54
356,210,30,52
348,206,27,52
339,202,28,50
334,197,28,49
330,193,27,49
328,190,27,48
327,186,27,46
328,183,26,44
328,181,26,45
332,179,25,46
335,178,26,47
338,179,26,47
342,180,26,47
347,183,27,47
354,187,27,48
361,191,28,49
370,195,29,48
378,200,29,52
388,204,34,54
399,212,36,51
409,215,38,54
420,219,43,55
435,220,46,56
449,221,49,58
461,219,54,61
474,215,53,61
485,214,59,61
498,210,63,63
508,210,64,60
515,207,64,63
521,203,65,66
525,203,65,63
525,200,69,65
524,201,66,64
521,202,65,66
516,206,65,62
508,207,63,64
495,208,63,64
482,212,62,65
469,217,57,64
459,221,61,62
443,224,56,59
428,226,56,61
413,224,49,56
405,222,42,57
388,221,40,57
375,217,36,54
365,214,34,53
356,210,30,52
348,207,31,52
340,202,28,51
334,198,29,50
332,194,29,49
329,189,26,49
328,185,28,47
327,180,27,49
330,176,27,50
332,174,27,48
336,174,28,48
341,172,27,49
344,175,28,49
350,175,31,50
355,177,33,51
362,180,35,52
369,184,37,55
377,185,38,55
379,187,42,54
388,187,38,54
388,188,45,56
401,188,46,56
409,187,52,59
422,186,56,59
433,185,58,60
444,181,63,61
455,181,65,61
464,175,62,65
474,171,67,64
486,168,69,66
490,163,72,65
495,157,77,68
494,154,78,69
498,154,81,66
498,150,85,67
496,148,81,69
490,144,81,72
485,136,79,75
476,136,75,77
466,134,69,76
453,133,67,71
442,128,65,74
429,127,61,68
417,122,57,71
407,119,57,68
395,116,51,68
385,113,46,68
378,111,42,64
371,106,40,63
363,105,37,60
357,100,34,60
355,98,35,60
351,98,33,57
349,99,33,56
350,98,32,56
349,98,30,53
348,102,33,52
349,107,31,49
351,112,29,51
355,113,30,50
360,119,27,48
365,121,26,48
369,128,26,47
372,131,28,46
378,136,27,46
385,141,26,46
391,146,27,46
398,151,26,44
403,154,28,43
408,158,27,41
414,163,28,38
421,167,29,33
424,173,27,30
430,176,26,25
436,183,26,20
441,189,24,17
441,189,24,17
441,189,24,17
441,189,24,17
441,189,24,17
441,189,24,17
441,189,24,17
441,189,24,17
441,189,24,17
441,189,24,17
441,189,24,17
441,189,24,17
441,189,24,17
441,189,24,17
441,189,24,17
441,189,24,17
441,189,24,17
441,189,24,17
441,189,24,17
441,189,24,17
441,189,24,17
441,189,24,17
441,189,24,17
441,189,24,17
441,189,24,17
441,189,24,17
441,189,24,17
441,189,24,17
441,189,24,17
431,192,23,12
431,187,23,15
433,181,23,21
434,175,24,25
435,167,25,32
436,160,27,39
437,154,26,40
439,148,27,41
441,146,27,42
442,143,28,42
444,139,28,43
446,139,29,43
446,135,29,45
448,134,30,46
448,133,29,47
448,132,31,48
448,131,30,49
446,128,31,49
447,129,32,52
446,123,34,53
446,122,36,52
444,121,38,53
440,118,39,50
441,116,42,50
440,113,44,50
440,111,45,51
436,107,47,53
435,105,48,54
437,107,48,54
436,110,49,53
436,114,50,58
437,124,52,56
436,126,51,58
440,132,49,61
441,133,48,64
444,134,46,62
445,134,45,62
444,135,46,61
444,137,47,60
447,140,48,57
448,141,51,58
451,144,49,60
453,148,46,60
454,153,45,62
455,154,41,59
459,161,38,59
456,162,38,59
455,167,37,60
453,170,41,56
451,175,38,55
447,178,38,53
444,178,39,53
439,181,36,50
434,180,35,50
429,179,32,49
422,177,33,49
410,174,39,50
406,173,36,49
394,171,43,49
385,173,42,47
378,172,42,46
371,174,39,45
363,174,39,45
355,173,38,47
347,171,39,47
338,169,43,45
330,166,43,45
325,165,47,44
316,162,50,42
313,155,50,44
311,152,51,45
310,148,51,47
310,144,52,48
310,141,52,49
310,140,54,48
317,139,55,49
318,138,57,49
325,141,58,48
330,140,61,52
342,141,62,55
354,141,59,60
368,141,56,63
381,143,56,64
398,143,53,67
415,147,53,65
428,148,55,67
440,148,58,69
457,151,54,69
474,153,50,69
482,156,50,73
493,159,48,73
503,160,44,74
511,166,46,74
511,168,49,71
514,169,47,71
514,170,46,69
512,173,48,68
506,176,50,69
502,176,44,66
495,182,42,65
485,182,45,61
474,184,46,60
463,184,44,59
448,186,51,60
433,186,54,58
421,187,55,56
407,191,54,49
405,187,46,51
391,187,50,50
383,187,47,49
377,186,46,49
369,187,43,47
362,185,45,46
357,185,48,45
353,185,50,42
349,186,48,40
350,186,52,39
350,186,50,40
352,188,50,42
356,188,47,46
360,191,48,47
365,194,48,48
372,199,51,48
378,204,52,49
388,210,52,48
403,213,51,52
411,218,57,54
424,220,59,58
442,221,56,63
458,225,58,65
477,226,53,67
496,226,55,68
518,227,54,66
537,226,52,68
550,223,53,67
566,220,52,70
576,217,51,73
585,214,51,75
591,211,47,76
593,210,42,76
596,209,39,80
594,207,42,80
589,208,47,79
579,211,52,77
571,219,51,71
558,220,48,69
543,226,46,66
531,228,43,65
508,231,49,67
493,234,48,67
473,233,50,67
460,235,50,63
439,237,54,61
423,238,49,59
408,236,45,58
393,236,46,59
377,234,48,52
377,231,44,51
366,231,45,46
366,229,42,46
357,226,44,45
348,222,43,41
344,219,44,41
336,215,43,37
332,211,44,38
329,210,43,39
329,207,41,40
326,204,41,40
329,204,39,38
330,206,42,37
333,207,39,36
337,206,41,37
342,209,39,37
348,212,40,39
355,212,38,41
363,215,40,44
371,218,38,47
383,223,41,46
394,224,40,49
405,224,42,52
421,227,43,54
436,225,43,58
451,226,44,60
463,224,45,59
478,222,44,61
489,218,45,62
503,211,46,61
517,208,42,65
528,203,43,67
534,198,46,70
539,196,45,69
545,196,46,69
545,194,48,69
544,195,47,68
541,193,47,69
535,193,45,69
526,192,44,67
515,190,45,66
498,185,45,68
488,183,43,68
472,184,49,64
459,184,48,64
444,182,45,62
430,183,45,61
415,189,45,56
406,191,42,55
397,194,41,53
389,193,40,49
382,193,40,49
375,192,37,48
372,190,36,48
369,188,36,45
364,186,39,44
365,185,38,46
367,186,37,44
366,184,36,45
371,187,34,43
375,188,34,43
379,190,32,44
382,190,31,45
387,192,30,48
392,195,32,49
399,198,30,48
407,198,30,51
411,200,33,50
418,203,34,50
425,203,34,52
433,205,35,49
438,202,33,52
443,203,34,54
448,204,36,52
453,202,34,50
457,203,35,49
460,200,33,53
463,196,35,56
464,198,33,53
464,196,34,57
464,197,33,56
461,200,35,55
459,201,35,54
457,201,34,53
454,202,36,53
452,200,35,55
448,201,35,51
446,200,34,53
442,202,35,51
440,202,34,53
436,202,34,53
433,203,35,53
433,203,41,54
430,203,46,54
425,202,51,54
425,201,50,53
424,199,47,54
423,197,47,54
424,195,47,55
423,195,48,52
424,193,47,53
423,193,47,53
424,193,50,52
425,191,49,53
427,191,47,55
427,188,48,55
430,190,45,55
432,188,47,55
432,190,48,55
434,190,52,56
436,188,53,56
438,188,50,55
440,186,50,55
440,187,49,57
443,187,50,60
447,188,48,56
447,186,45,57
447,187,45,56
448,184,45,56
448,182,48,55
448,180,46,57
446,180,39,53
448,180,43,54
447,178,34,49
445,178,33,49
445,177,36,53
444,174,34,53
444,175,33,50
441,176,35,51
439,174,33,50
437,177,33,49
434,176,34,49
430,177,34,49
430,178,32,49
428,176,34,52
426,177,32,51
424,177,34,49
422,175,33,50
419,173,34,49
417,171,33,50
416,167,35,52
415,167,34,51
414,168,33,49
415,167,34,48
415,168,33,49
415,170,33,47
415,173,34,45
416,172,34,47
417,173,35,46
419,173,35,45
419,173,37,45
423,174,35,48
424,175,41,51
425,175,37,49
427,173,40,52
428,172,37,48
430,169,38,52
429,168,37,50
429,167,36,48
427,168,37,49
428,168,38,49
425,167,38,50
425,170,38,48
426,172,36,48
425,171,34,49
425,173,34,49
425,174,34,50
423,174,35,50
422,174,33,50
422,174,33,48
423,173,32,48
421,174,31,49
421,175,31,49
421,174,30,49
420,173,29,49
421,174,29,48
420,173,28,50
419,174,30,49
418,172,35,51
419,172,34,51
419,175,30,51
417,174,32,51
419,175,29,50
417,175,32,51
417,173,30,51
418,173,29,51
417,175,29,49
420,174,30,50
418,175,30,51
420,176,28,48
421,175,32,51
421,174,31,50
420,178,29,49
422,176,28,50
422,177,30,50
423,179,30,49
426,180,31,51
425,181,36,51
426,181,36,51
427,182,42,53
427,185,53,57
428,188,53,56
429,188,53,58
431,191,48,55
432,196,58,57
434,195,59,60
432,195,61,61
435,197,62,60
435,194,63,64
437,195,66,62
434,192,68,64
435,192,61,58
434,189,44,52
434,187,40,51
434,187,39,52
434,183,42,50
433,180,40,52
430,179,38,49
429,177,39,50
426,174,39,51
424,172,41,51
422,170,39,51
416,169,39,50
414,170,36,50
410,168,36,51
405,169,35,50
400,169,33,48
394,170,33,49
390,170,31,50
383,173,30,51
378,172,30,50
373,173,30,50
365,175,29,48
360,174,30,53
353,173,30,53
350,172,32,53
344,169,34,53
343,166,35,55
340,164,38,53
340,162,38,52
341,157,42,54
345,153,41,55
350,152,43,56
355,150,41,57
357,148,43,58
361,147,44,57
362,146,45,58
369,144,46,60
379,143,46,63
385,141,50,64
396,142,48,65
408,143,47,65
420,147,46,63
431,146,45,65
438,146,48,64
447,148,46,63
454,147,45,65
461,147,42,66
465,144,43,67
466,143,42,68
466,147,45,67
462,147,44,67
460,150,45,71
452,150,50,70
444,152,51,67
432,152,55,69
421,154,60,65
414,152,59,70
402,152,61,69
392,151,60,65
385,148,60,68
376,150,61,65
369,147,64,65
367,147,66,66
362,145,67,64
362,147,69,65
366,147,65,63
371,147,67,64
378,147,63,65
387,149,63,66
401,149,62,66
416,150,58,69
435,152,56,70
454,156,51,77
470,159,52,78
489,163,55,80
505,169,56,76
519,172,60,77
533,172,64,77
542,170,66,76
551,168,71,76
559,163,71,75
562,163,70,73
561,159,71,73
566,157,67,73
564,156,70,74
560,154,70,74
559,157,69,67
552,156,66,68
544,157,66,68
539,159,63,72
529,161,64,70
521,160,61,71
509,168,60,69
500,168,60,74
490,168,59,75
477,172,57,72
467,174,57,74
452,173,58,75
443,175,54,75
429,177,57,77
414,176,60,78
407,173,56,80
400,175,52,80
388,176,55,82
378,176,58,83
372,176,54,83
365,178,52,87
356,176,52,88
349,176,53,88
346,179,53,88
340,182,53,89
337,185,56,92
331,184,58,95
333,187,55,94
330,190,58,99
331,193,59,95
329,195,60,100
328,194,64,99
330,196,64,100
332,198,64,100
335,196,63,103
335,197,66,103
337,193,63,107
335,191,66,111
335,187,61,110
333,187,66,112
330,188,68,109
323,184,64,111
320,186,63,114
313,185,64,114
307,187,64,117
306,193,66,117
297,195,69,111
288,195,66,121
284,195,67,116
277,195,68,118
276,195,67,113
273,193,67,113
274,196,65,113
271,198,69,109
272,197,71,108
268,199,77,108
271,196,77,110
270,200,86,105
270,198,89,108
270,201,92,108
271,204,96,101
272,202,99,103
273,202,97,103
274,200,97,103
275,203,90,97
279,201,87,99
283,198,78,100
287,199,74,105
289,199,71,103
292,197,64,106
292,198,67,104
294,197,62,104
299,196,55,111
297,197,54,106
298,197,53,112
299,198,59,106
294,200,65,105
292,195,69,107
288,197,75,104
287,199,75,102
283,197,77,105
286,200,74,104
288,200,70,102
293,199,62,102
298,201,57,102
303,202,58,100
307,202,65,95
304,206,78,97
305,207,89,99
306,204,93,100
303,210,98,93
311,210,99,95
308,207,96,97
315,205,92,97
319,207,80,94
322,206,76,96
330,205,58,95
330,205,64,93
324,206,63,98
319,203,74,97
315,202,74,98
311,203,81,97
306,202,81,94
305,205,78,92
301,205,71,90
304,209,60,88
307,210,56,86
305,213,65,80
296,214,78,80
293,218,86,79
282,219,97,83
279,219,99,83
279,218,96,85
280,216,95,84
278,216,92,89
279,215,84,88
283,214,79,93
285,209,69,97
287,206,59,100
282,206,56,97
278,204,63,103
269,202,71,99
263,198,75,103
258,195,84,103
253,193,85,108
252,193,84,107
252,195,81,112
254,200,75,102
258,197,72,104
268,195,62,106
271,200,63,100
273,202,70,103
274,204,87,103
273,207,99,98
273,209,105,102
279,211,106,99
298,213,93,97
307,213,84,95
312,213,70,94
318,212,62,96
321,216,61,95
317,214,67,94
308,212,80,92
308,209,85,93
300,204,88,97
298,205,86,98
301,206,76,94
303,206,66,90
306,205,54,90
306,206,54,87
308,202,57,88
301,204,67,87
295,203,78,85
287,205,87,88
286,207,87,89
281,203,90,89
281,207,87,90
282,203,86,92
285,204,76,96
289,205,66,95
290,201,56,100
292,201,52,100
290,207,53,96
285,204,57,96
281,202,63,99
272,201,71,99
269,199,72,98
262,197,81,100
259,202,82,97
259,195,80,107
264,198,75,105
268,198,66,103
272,191,63,106
278,193,60,102
276,180,62,105
283,174,61,106
283,168,65,103
286,168,70,102
288,162,77,103
282,164,89,104
284,167,93,98
292,169,90,97
298,171,83,99
303,175,79,101
309,175,73,100
314,176,70,100
321,177,65,102
322,182,57,96
324,179,55,97
324,178,58,95
328,178,60,95
323,175,64,95
325,176,64,98
323,172,67,93
327,168,64,99
330,170,61,89
331,162,65,94
330,155,65,95
333,153,62,98
335,146,60,99
339,144,58,99
341,141,60,95
344,137,62,99
345,139,72,102
341,137,81,104
343,136,84,107
346,138,88,107
351,137,93,111
352,137,95,112
363,137,96,115
371,138,92,113
384,140,88,115
401,144,75,115
414,145,75,121
416,154,82,124
419,157,98,133
424,166,97,129
431,177,99,128
441,187,98,126
441,195,97,128
448,208,95,125
455,221,91,120
454,236,92,117
461,253,84,103
468,274,69,84
469,297,67,68
469,297,67,68
469,297,67,68
469,297,67,68
469,297,67,68
469,297,67,68
469,297,67,68
469,297,67,68
469,297,67,68
469,297,67,68
469,297,67,68
469,297,67,68
469,297,67,68
469,297,67,68
469,297,67,68
469,297,67,68
469,297,67,68
469,297,67,68
469,297,67,68
469,297,67,68
469,297,67,68
469,297,67,68
469,297,67,68
469,297,67,68
469,297,67,68
469,297,67,68
469,297,67,68
469,297,67,68
403,285,55,57
414,277,57,63
424,272,60,75
433,263,61,88
442,256,66,89
444,247,72,84
451,238,70,82
457,232,69,76
459,221,70,81
462,218,68,81
465,207,67,87
463,208,65,81
463,202,64,85
463,195,59,89
461,188,58,87
459,184,59,88
452,180,63,86
444,169,64,88
438,160,66,89
436,152,61,87
430,142,55,89
425,131,54,86
421,127,51,87
411,121,53,83
405,120,54,85
397,119,52,84
393,117,50,88
386,118,52,89
384,116,52,94
381,121,54,88
382,120,50,91
382,129,53,88
385,128,50,88
387,134,54,90
392,136,51,91
397,140,51,95
400,146,52,95
403,152,56,96
411,161,58,97
418,173,55,95
422,187,61,93
429,200,61,103
433,208,61,98
440,223,61,97
443,236,62,98
454,255,56,93
459,268,58,88
462,282,60,77
465,293,60,62
470,301,58,55
472,309,56,48
473,316,56,43
472,320,56,38
471,328,54,32
471,328,54,32
471,328,54,32
471,328,54,32
471,328,54,32
471,328,54,32
471,328,54,32
471,328,54,32
471,328,54,32
471,328,54,32
471,328,54,32
471,328,54,32
471,328,54,32
471,328,54,32
471,328,54,32
471,328,54,32
471,328,54,32
471,328,54,32
471,328,54,32
471,328,54,32
471,328,54,32
410,302,46,34
407,289,49,38
403,271,52,51
404,251,55,56
405,247,61,69
405,229,58,85
410,210,58,96
415,199,55,92
418,185,55,91
425,173,57,93
429,165,58,94
432,157,58,94
435,152,58,89
445,149,58,96
445,144,57,97
450,145,54,94
454,143,56,96
458,142,55,91
457,136,52,94
460,137,56,91
460,135,56,86
463,136,53,84
462,137,56,84
465,131,55,88
464,129,57,87
461,129,54,87
462,131,53,85
459,131,53,86
461,133,55,84
460,136,55,85
457,136,53,88
456,138,56,89
455,143,57,92
452,148,56,87
452,152,54,85
451,159,54,79
447,161,54,80
447,164,52,77
446,167,52,78
445,169,54,77
443,175,52,72
445,177,46,72
442,181,51,72
445,187,47,71
441,190,49,69
446,193,48,66
444,194,49,64
443,191,47,62
446,194,44,59
448,190,43,59
452,192,40,56
450,191,40,53
452,189,38,52
451,189,39,51
453,187,37,50
450,186,38,51
451,186,37,49
451,186,38,47
450,182,37,50
450,180,38,51
448,176,38,54
445,170,39,56
443,169,39,59
441,166,40,62
436,164,43,64
433,164,45,62
428,162,48,66
427,160,51,69
423,159,50,71
423,157,51,68
419,152,56,70
418,145,57,71
416,135,57,73
417,127,62,75
417,117,64,80
418,112,66,84
420,109,66,85
421,107,65,89
425,108,61,87
427,105,64,88
428,111,62,88
431,112,66,90
430,118,67,89
430,124,72,97
435,130,71,93
435,141,73,93
440,154,70,94
444,167,69,97
444,185,65,101
448,205,59,105
449,233,59,106
446,252,65,105
448,276,62,84
448,276,62,84
448,276,62,84
448,276,62,84
448,276,62,84
448,276,62,84
448,276,62,84
448,276,62,84
448,276,62,84
448,276,62,84
448,276,62,84
448,276,62,84
448,276,62,84
448,276,62,84
448,276,62,84
448,276,62,84
448,276,62,84
448,276,62,84
448,276,62,84
448,276,62,84
448,276,62,84
416,271,63,76
409,260,66,64
411,243,61,68
407,222,61,75
405,205,60,78
405,190,61,78
408,178,61,80
407,165,61,80
405,157,65,78
404,152,68,77
398,149,74,78
397,150,73,77
399,149,71,78
402,148,68,81
402,150,67,79
407,159,62,78
409,165,55,79
406,176,58,80
405,185,60,81
402,201,61,76
405,215,59,77
405,227,62,75
400,241,68,74
411,257,58,67
414,270,55,63
415,278,52,60
417,287,50,56
421,297,47,49
421,297,47,49
421,297,47,49
421,297,47,49
421,297,47,49
421,297,47,49
421,297,47,49
421,297,47,49
421,297,47,49
428,311,45,40
428,303,48,45
424,292,52,46
420,279,55,51
412,267,62,57
413,246,61,70
415,230,58,71
415,216,57,73
415,207,55,67
417,190,56,73
418,179,58,73
416,167,62,73
414,158,67,73
408,148,72,73
410,141,72,73
409,136,67,72
410,130,69,74
412,127,66,74
417,127,66,77
415,128,65,76
412,132,66,76
414,136,66,75
414,140,68,74
420,142,63,76
416,144,66,75
419,144,64,74
419,145,62,73
422,150,57,71
422,155,54,70
423,158,52,72
419,164,53,68
419,168,55,69
419,172,52,67
415,177,55,64
416,180,50,62
414,182,48,60
413,183,46,60
413,185,44,56
411,186,42,53
409,187,44,53
404,188,48,53
403,187,49,52
401,186,48,50
400,187,48,51
400,189,48,51
400,190,46,49
400,191,45,51
399,193,45,49
399,194,46,50
399,195,46,49
400,197,45,51
401,200,45,51
404,203,45,51
408,203,44,52
410,206,43,52
412,209,43,52
415,212,44,51
419,211,47,52
424,209,47,51
430,212,43,50
436,209,43,52
438,206,45,54
444,207,46,55
450,208,44,56
454,207,40,55
457,208,42,58
461,206,42,59
465,207,41,63
466,212,39,58
467,213,38,56
465,215,37,59
465,215,35,58
459,216,37,57
456,217,36,57
452,221,34,52
441,222,39,52
435,220,36,52
425,221,39,53
422,221,43,52
413,220,43,51
411,218,41,53
404,214,40,52
398,210,42,52
388,209,45,48
380,207,49,46
376,202,49,45
372,197,50,42
370,194,48,41
369,191,49,40
370,189,49,39
371,186,49,41
373,186,48,40
378,186,47,41
383,186,47,43
389,187,47,44
401,187,45,47
410,187,44,50
423,188,43,51
437,188,39,52
451,189,45,54
462,189,43,54
475,184,40,56
482,180,40,59
493,177,40,58
501,171,39,60
506,166,42,63
509,162,43,62
513,158,42,63
512,154,44,65
511,152,43,67
503,151,43,69
498,151,45,70
488,152,47,68
472,149,54,69
458,147,57,66
443,145,61,65
431,145,62,64
413,142,64,64
401,141,67,60
385,142,68,60
378,141,66,61
367,140,66,61
358,141,66,62
349,141,64,61
346,144,65,61
341,142,62,63
339,146,65,64
333,146,65,65
330,148,65,65
331,148,63,68
331,154,64,67
332,156,62,70
334,157,61,72
338,158,59,75
341,164,61,76
341,167,63,76
344,171,61,72
347,170,60,75
350,171,61,75
352,171,58,78
357,173,57,78
357,171,58,82
358,171,58,81
358,171,61,80
357,172,62,78
357,175,63,81
356,176,61,81
354,180,63,83
351,185,63,81
350,190,61,82
348,196,61,82
345,199,63,83
343,204,62,82
341,204,63,81
338,206,65,84
338,206,61,83
336,205,64,83
336,206,60,84
335,204,61,87
334,205,56,81
333,204,55,85
332,205,51,86
331,207,48,77
327,204,47,83
322,205,49,79
317,207,47,78
314,204,48,80
311,207,49,77
306,205,49,78
305,207,44,76
305,207,43,75
303,209,43,75
302,206,43,76
301,207,43,77
300,207,42,77
302,207,42,75
302,208,42,75
304,210,43,77
301,207,42,76
301,208,44,75
301,209,42,76
301,209,45,76
302,209,44,73
301,208,42,75
