434,270,72,67
431,271,73,65
431,271,72,65
432,271,72,65
431,272,72,64
432,271,71,64
433,271,70,65
432,271,70,65
433,271,70,65
433,271,69,65
433,271,69,65
432,271,71,64
432,271,71,65
432,271,70,65
433,270,70,65
433,271,70,65
432,271,70,64
433,271,70,65
433,271,69,64
433,272,69,64
433,271,69,65
433,271,70,64
433,271,70,65
433,271,70,65
432,271,70,65
432,270,70,66
432,271,71,65
432,271,71,65
431,271,71,65
431,271,71,66
430,271,72,65
431,271,72,64
431,272,72,65
431,272,71,64
432,272,69,64
433,273,68,62
432,272,70,64
432,272,70,64
432,272,70,64
432,271,71,65
431,271,72,65
430,271,72,64
430,272,72,64
431,273,70,63
432,272,68,62
431,272,65,62
431,274,64,60
430,273,62,59
430,272,61,60
427,270,63,61
423,271,64,60
421,271,63,60
422,271,59,60
419,270,60,60
417,268,59,63
416,268,57,61
413,267,58,61
411,267,60,63
408,268,61,62
402,268,64,61
398,266,67,62
393,266,70,61
387,265,71,61
383,265,73,59
379,266,72,57
369,264,75,58
364,265,72,56
358,261,69,58
351,262,69,56
347,259,65,59
340,257,66,62
332,254,63,64
316,251,69,65
314,252,60,64
302,252,62,62
293,252,61,62
287,253,58,60
270,254,73,57
263,251,72,61
237,248,99,62
232,248,95,62
257,252,61,57
253,256,61,52
252,252,52,54
248,252,49,52
242,254,50,49
242,253,47,48
242,253,43,45
239,250,44,46
238,249,43,46
236,250,43,43
234,244,42,48
233,247,43,43
232,246,42,43
231,246,41,41
229,238,41,48
229,242,41,43
226,239,43,44
228,243,39,41
227,242,40,40
224,241,41,41
224,241,41,40
222,240,42,42
222,242,40,39
221,242,41,39
221,242,42,40
220,242,42,39
218,241,43,41
218,241,43,40
217,240,43,41
217,242,44,40
216,241,45,40
215,241,48,43
214,244,50,41
215,246,50,41
216,247,50,41
215,248,54,44
211,248,59,46
210,250,62,47
210,251,66,49
212,255,66,46
220,256,59,46
217,254,66,51
215,257,70,51
216,254,70,57
231,250,56,62
238,251,51,63
236,249,55,70
242,252,51,64
228,252,68,66
247,252,52,67
237,254,73,63
249,251,72,65
245,250,94,66
251,245,88,72
265,232,110,79
254,223,121,93
270,231,118,81
284,230,97,80
283,228,100,76
294,227,89,75
270,229,111,75
263,231,119,76
267,230,120,76
284,234,103,68
302,229,81,68
283,232,99,70
291,229,92,69
288,232,89,67
288,232,86,69
290,236,81,65
294,233,81,66
294,232,68,69
296,240,58,59
297,247,51,51
297,249,50,50
297,244,51,54
300,246,47,50
299,226,51,72
294,236,55,61
290,233,60,65
287,239,62,56
287,243,60,52
288,242,62,52
287,249,61,44
287,246,58,46
285,247,59,45
283,247,59,45
282,246,59,46
282,246,58,46
279,245,61,48
276,242,61,52
274,247,61,46
267,240,69,55
266,238,64,60
254,239,74,60
258,250,65,47
260,250,61,48
250,252,67,47
243,247,68,55
240,259,63,43
224,252,72,51
217,247,71,59
216,250,64,57
206,248,65,60
192,251,67,58
183,254,69,56
179,251,64,61
171,249,57,64
165,262,54,50
153,262,56,49
144,261,57,50
137,259,57,52
132,260,53,50
127,259,52,50
120,260,53,49
115,261,53,47
110,259,54,49
109,260,52,48
104,259,54,48
105,259,52,47
103,257,51,50
102,259,49,47
99,259,48,48
95,256,50,49
93,256,48,49
91,258,48,45
91,258,46,45
89,257,50,45
89,256,55,44
89,254,59,45
91,253,61,44
91,256,64,40
93,254,80,42
98,254,63,39
99,252,81,41
106,250,57,44
111,252,58,39
115,251,50,41
122,250,52,40
129,247,48,43
136,249,41,39
138,250,48,40
139,242,59,48
141,241,61,48
147,249,48,38
147,240,61,48
151,248,53,37
152,247,52,39
248,216,65,52
151,247,51,40
152,244,53,42
152,218,66,70
149,239,52,46
149,223,64,56
154,225,59,50
158,220,61,50
166,215,52,50
174,212,48,49
182,211,44,47
187,209,44,48
189,211,42,46
188,207,45,49
187,206,45,49
187,204,46,48
188,200,45,49
192,197,46,49
197,192,48,49
203,186,50,54
206,182,52,53
209,181,58,50
208,176,66,51
209,173,69,50
209,171,75,49
209,170,83,48
209,169,91,47
209,164,106,53
211,160,115,57
208,154,148,70
258,147,70,82
240,145,131,97
273,140,73,92
269,142,86,88
271,139,104,106
286,133,96,99
282,136,103,98
298,135,87,91
259,138,138,95
254,134,144,86
254,132,149,93
255,131,137,96
256,123,133,116
258,132,127,107
259,141,140,96
263,143,135,104
263,140,110,99
266,141,99,95
268,147,131,87
266,145,128,102
271,147,116,97
288,153,102,93
282,142,118,100
287,138,117,105
292,142,119,102
297,145,115,99
292,148,121,93
299,145,117,97
298,146,117,97
302,147,111,98
310,144,100,96
264,152,119,91
285,146,121,106
271,142,113,102
280,153,107,112
281,174,102,120
274,139,119,133
245,140,104,124
308,201,84,110
296,175,87,131
290,196,76,106
288,177,87,122
282,200,78,98
282,177,79,119
277,230,73,79
261,158,74,117
272,232,67,76
257,152,69,121
266,232,66,76
262,148,69,140
261,232,67,69
250,151,67,151
257,234,66,69
253,148,69,145
256,234,62,69
252,145,67,159
252,229,65,70
247,156,65,145
247,208,66,76
241,159,62,133
272,150,106,109
228,151,88,140
237,223,64,63
232,149,59,137
229,199,68,84
225,139,64,158
217,208,68,81
214,159,71,123
207,232,61,65
199,228,60,70
194,228,58,67
186,224,58,73
182,231,56,63
174,171,63,104
172,237,55,59
164,232,55,61
161,239,54,52
157,221,54,69
154,222,55,65
152,218,55,66
152,222,54,59
150,218,56,62
151,223,54,55
152,218,53,58
153,218,52,59
154,222,51,54
154,223,51,55
154,230,49,50
153,212,55,73
153,211,61,80
153,248,47,44
150,208,71,87
153,249,49,51
154,228,54,71
155,228,52,73
155,244,50,57
158,234,51,67
158,230,53,72
159,250,53,51
160,241,54,62
160,239,56,58
161,211,62,95
162,226,58,81
164,221,57,86
162,237,60,71
164,232,58,77
165,236,61,74
166,247,63,62
168,246,64,65
168,241,73,73
170,247,85,70
171,251,91,66
175,250,84,69
172,251,77,68
171,249,79,70
172,250,68,67
173,250,68,66
172,252,64,64
173,255,102,68
173,249,67,69
174,252,68,65
171,251,98,71
174,251,81,66
174,249,72,71
172,248,81,71
174,248,60,67
169,244,75,72
170,242,63,74
167,242,90,77
172,241,59,72
171,240,61,72
171,240,59,70
170,240,59,67
170,240,56,70
169,238,57,72
170,241,57,69
170,238,56,67
174,238,54,64
175,236,52,65
176,238,53,62
176,238,51,62
174,238,50,61
174,234,48,60
172,228,49,61
170,223,54,61
164,224,51,57
158,223,57,61
154,226,54,62
152,224,59,62
152,226,56,56
152,228,57,56
151,230,57,60
150,226,59,58
148,226,59,55
151,224,53,60
152,228,56,56
149,227,59,54
153,225,56,52
155,223,57,52
162,219,54,53
169,217,53,54
176,219,49,51
181,222,49,49
188,215,50,58
192,215,51,59
197,220,50,55
203,220,50,55
208,218,51,58
212,218,54,60
218,222,53,59
223,220,55,64
220,198,66,80
231,212,59,66
229,205,71,73
241,213,63,67
237,206,73,66
257,211,57,64
250,208,66,70
254,206,64,66
255,203,64,68
257,197,65,73
255,195,68,73
247,190,75,79
253,195,67,71
251,189,68,77
249,189,70,77
248,185,65,81
239,172,69,93
231,171,72,93
243,196,57,67
231,161,68,100
229,157,69,101
231,158,66,96
230,159,68,95
222,157,73,92
225,165,65,78
225,162,60,82
222,162,56,79
207,156,64,82
199,156,66,84
193,154,65,86
188,155,60,87
185,159,54,83
180,160,56,82
175,159,55,85
170,157,55,88
165,156,55,87
160,153,58,83
155,149,62,79
147,143,65,73
142,135,64,71
133,128,70,64
128,125,70,59
119,124,75,61
117,126,73,65
119,135,70,69
120,147,71,61
126,152,72,69
128,161,81,65
137,172,82,60
147,177,76,57
148,178,77,56
149,177,78,57
150,174,79,59
150,171,77,59
148,169,76,59
148,168,74,60
147,169,76,60
148,170,76,57
149,170,78,58
153,171,74,57
163,169,65,60
166,166,61,64
169,167,58,64
173,168,55,62
177,169,54,65
178,170,54,64
178,171,52,65
177,171,50,64
175,172,47,66
169,171,45,68
159,171,47,63
147,171,52,61
136,171,57,64
126,174,59,58
121,175,53,60
113,175,52,57
105,174,51,56
100,173,52,57
95,172,49,57
87,172,53,54
84,170,51,55
81,170,51,56
80,169,51,59
78,169,51,56
78,167,51,59
78,166,51,58
79,166,50,55
83,165,51,59
86,164,51,58
88,165,53,59
90,168,53,55
93,169,51,55
95,172,56,48
99,176,57,55
103,180,58,46
108,182,56,46
115,185,55,48
118,187,57,48
121,189,59,48
125,192,56,46
131,197,50,43
140,202,48,40
145,208,51,41
149,211,47,37
155,212,44,41
160,214,43,36
164,215,40,38
166,215,43,41
170,218,49,38
176,220,48,38
182,220,44,38
189,218,42,41
197,216,40,47
208,216,36,46
212,212,42,53
212,213,58,54
217,212,63,52
220,211,76,54
223,210,76,60
305,224,81,50
314,233,66,42
302,232,88,44
283,199,108,75
273,207,116,71
281,211,103,65
282,209,103,64
286,211,98,62
282,215,103,57
286,218,98,55
279,219,107,56
291,220,95,53
309,221,80,54
322,222,72,52
324,224,70,48
330,224,65,50
329,226,67,47
329,223,66,50
332,223,67,52
337,228,61,48
341,226,62,49
347,232,58,43
346,232,60,43
346,235,59,41
347,233,58,43
347,229,56,48
347,230,55,45
346,226,53,51
346,228,52,49
345,226,50,51
344,225,48,53
341,226,50,52
339,226,47,52
336,226,47,51
333,226,53,52
331,226,53,53
328,229,58,50
326,231,62,49
327,230,60,53
326,236,63,48
326,235,62,52
325,234,64,54
324,232,65,60
322,236,67,58
324,239,67,56
323,245,70,52
325,244,67,57
323,242,76,65
323,247,76,60
326,252,76,58
330,256,76,57
334,258,72,60
336,256,72,66
334,253,77,72
334,255,80,73
335,260,79,71
337,265,79,68
336,268,79,67
336,269,80,68
334,257,84,81
333,256,83,83
336,248,78,92
337,252,78,86
336,251,81,89
339,274,78,64
339,273,77,64
339,271,76,65
339,274,77,61
338,268,79,69
339,271,85,66
339,272,84,66
339,271,67,68
338,273,63,65
338,277,69,60
338,276,67,61
337,276,68,61
338,275,64,62
339,276,63,61
338,275,61,61
337,274,62,61
337,273,61,61
335,269,63,61
333,263,60,64
330,261,61,61
327,254,62,63
324,242,68,70
321,235,69,72
317,234,71,61
313,229,69,63
308,225,73,57
306,222,71,53
302,220,66,55
298,219,63,51
292,220,72,49
287,222,79,51
284,220,79,55
278,222,88,68
274,222,82,66
273,221,88,76
263,221,116,73
262,222,109,83
271,221,93,85
264,220,99,82
255,222,112,86
261,226,104,69
251,232,100,65
251,220,118,83
256,224,113,78
244,217,140,101
232,234,149,83
211,223,167,96
246,231,122,84
224,218,149,82
249,222,131,83
190,201,100,79
193,195,67,87
195,195,62,82
200,206,130,94
256,226,115,78
239,217,136,112
215,220,156,101
258,234,103,79
263,233,104,90
249,223,124,93
201,195,71,84
227,217,157,86
239,223,144,85
235,217,158,106
236,224,129,80
230,212,133,99
245,222,95,86
247,233,105,77
225,199,103,91
226,203,110,89
211,184,107,69
266,226,96,85
203,185,68,51
275,229,79,65
275,220,86,77
285,223,87,74
293,226,80,69
302,229,79,69
307,230,72,70
317,235,71,65
327,230,64,78
333,235,62,78
339,236,61,80
342,237,59,82
344,243,60,75
347,238,57,82
345,248,60,73
343,243,61,79
340,247,63,73
336,246,65,73
330,244,68,74
324,243,71,73
317,240,73,75
307,237,78,77
303,240,76,72
298,239,79,72
293,238,76,73
286,237,74,71
281,233,82,73
278,235,80,69
274,232,80,68
274,230,85,73
271,225,94,84
270,227,86,81
265,226,103,85
265,222,98,85
267,221,97,86
266,219,98,85
273,223,92,82
272,218,102,79
275,218,85,75
274,216,89,75
272,216,92,59
271,215,94,81
275,215,98,58
278,213,81,50
277,213,92,91
281,208,91,88
287,207,86,86
290,198,78,86
293,194,74,87
296,188,81,73
300,185,79,78
306,181,61,43
304,175,60,52
304,175,54,35
302,170,67,39
300,168,66,39
296,170,56,35
290,171,55,35
282,173,58,33
276,176,53,33
276,176,53,33
268,202,33,52
258,191,34,30
249,195,35,30
246,199,35,30
238,205,35,30
230,208,43,33
224,210,46,42
221,215,55,38
216,220,63,42
213,222,75,41
199,230,66,48
171,196,36,69
169,199,45,66
167,192,43,66
168,196,51,69
264,212,40,44
220,290,66,45
225,282,64,54
264,214,39,40
268,214,33,42
270,215,30,40
270,214,31,41
269,213,33,42
179,232,61,29
270,215,30,40
179,213,68,59
254,211,49,58
266,215,38,42
268,213,32,43
269,214,31,41
269,214,30,41
192,218,47,32
182,206,62,43
168,196,74,45
169,198,67,35
171,194,50,38
173,194,39,35
176,188,33,40
176,184,30,43
214,223,72,34
172,176,51,51
177,182,37,45
182,183,34,43
189,185,31,37
205,194,46,32
206,186,43,40
211,182,37,42
211,177,37,47
208,173,42,50
206,168,38,34
204,160,44,34
204,160,47,28
202,155,38,26
199,152,43,27
198,150,38,26
194,146,48,31
189,137,76,46
192,134,87,51
195,136,85,79
190,132,92,64
214,240,70,79
216,243,61,82
190,128,106,81
188,132,98,70
188,135,92,49
188,134,99,62
215,252,55,58
187,142,77,45
187,144,70,59
184,142,78,72
181,146,70,39
180,152,67,47
176,157,85,47
175,158,81,44
176,158,87,44
174,158,81,45
173,160,76,41
172,160,74,44
167,163,77,42
160,163,82,44
155,165,80,46
154,165,83,46
145,167,100,45
137,170,80,44
127,169,90,46
118,172,85,46
117,173,69,46
107,179,93,45
98,183,93,46
88,193,68,42
74,203,70,40
225,208,50,49
233,197,117,63
228,215,124,88
227,228,129,70
236,226,113,60
232,226,112,84
239,225,97,67
230,218,117,99
234,228,118,90
232,224,111,89
232,217,109,98
230,219,108,98
226,222,106,98
232,221,86,111
227,222,73,112
235,223,78,107
221,226,73,109
236,234,58,95
225,225,73,104
243,275,64,55
231,256,78,75
241,252,52,80
233,255,57,80
203,264,75,65
183,263,78,62
275,248,55,63
246,267,38,70
241,271,43,64
238,267,47,69
194,51,81,92
243,261,53,71
241,273,42,61
240,269,43,67
240,265,43,71
239,266,44,69
237,267,46,68
235,270,50,66
225,244,67,92
226,284,59,49
184,250,109,81
228,271,69,67
145,219,118,106
149,229,91,80
51,239,76,93
50,275,57,51
49,276,65,54
232,289,53,47
227,288,58,47
226,290,57,44
232,291,51,40
224,290,62,47
226,291,59,43
229,292,53,42
231,286,54,48
225,292,58,42
231,292,52,40
221,286,64,50
232,287,52,48
225,289,60,44
226,291,57,40
225,287,60,46
122,212,42,51
48,276,54,61
50,281,54,53
224,294,54,36
234,289,52,40
228,287,59,47
236,290,47,46
227,287,58,50
194,66,67,87
191,231,98,102
203,208,77,56
202,200,123,69
209,230,143,91
218,229,126,93
215,230,130,88
209,229,129,100
224,234,99,86
203,237,136,74
208,235,125,87
207,235,132,79
220,232,114,95
219,233,116,85
225,231,99,80
228,233,100,88
228,234,107,91
232,235,94,81
215,238,127,87
234,234,105,91
220,236,110,84
233,241,96,82
229,241,115,82
211,237,116,85
234,242,100,80
214,232,131,95
216,236,112,94
210,234,130,92
205,239,98,91
199,239,113,84
198,238,114,88
192,237,137,90
199,236,121,96
193,240,124,90
178,238,157,93
196,233,128,102
195,237,125,93
175,238,153,99
175,242,129,93
178,247,115,85
181,245,98,86
174,246,116,84
179,245,85,72
152,245,120,84
212,260,92,83
234,262,73,69
219,264,75,73
139,245,123,84
209,262,89,78
127,248,97,65
235,287,49,52
235,288,49,49
236,289,48,48
236,290,49,47
235,289,50,48
235,290,50,46
235,291,49,46
236,289,49,48
237,290,48,46
236,290,49,47
235,291,50,46
236,290,49,47
235,290,49,46
238,292,46,45
236,289,48,48
237,289,48,47
236,289,48,47
235,290,48,46
236,289,49,47
235,289,50,47
237,289,47,47
234,289,50,47
236,289,48,48
236,290,48,46
235,289,49,48
234,290,50,47
235,291,49,46
236,289,48,47
236,291,49,46
236,289,49,48
236,290,48,46
236,290,49,46
235,290,49,46
238,292,47,45
235,288,50,49
235,290,50,46
236,290,49,46
234,285,50,52
237,290,47,46
235,291,50,46
236,290,48,46
236,290,49,47
235,287,50,49
236,290,48,46
236,283,49,54
238,290,46,46
236,290,48,47
236,290,48,47
236,292,48,44
236,291,48,45
237,291,47,45
236,292,48,44
236,289,49,47
239,292,44,43
236,288,48,49
238,292,45,43
237,289,47,48
239,292,44,43
236,290,48,46
238,292,45,43
236,289,48,47
237,292,46,43
237,288,47,49
236,291,48,45
237,288,46,48
237,292,47,43
237,287,47,50
237,289,47,47
236,289,48,47
237,291,48,45
234,290,49,47
238,290,46,46
237,292,47,45
236,290,49,47
237,294,46,42
236,291,47,48
240,292,42,45
238,291,44,47
240,293,45,45
240,285,43,53
239,277,47,60
238,180,100,75
235,225,112,109
245,218,93,90
237,213,107,110
255,223,93,91
243,224,108,89
248,228,107,82
247,228,109,85
260,233,99,77
266,234,93,76
272,236,95,70
257,231,105,79
249,235,110,77
240,224,125,93
246,225,110,83
241,217,122,102
251,229,113,82
242,208,128,110
259,210,107,91
249,194,116,102
254,196,100,104
264,197,103,108
267,200,108,114
264,204,110,102
276,209,100,102
287,207,98,103
294,203,95,101
302,202,89,100
311,207,82,84
308,207,88,81
276,213,120,97
263,215,133,92
292,217,107,74
313,218,85,61
307,220,91,67
312,223,84,63
307,225,91,61
307,225,88,61
306,232,93,55
308,233,90,54
303,234,96,55
310,237,88,53
305,239,92,53
306,240,91,53
309,242,87,53
307,246,87,49
306,245,88,50
304,246,88,51
304,246,86,52
305,246,85,53
304,245,86,54
302,245,87,55
304,245,85,55
305,243,86,58
304,241,85,60
305,239,86,61
302,243,84,59
294,248,88,55
297,248,82,53
296,248,84,54
302,242,77,59
289,245,92,58
295,241,90,63
300,241,84,61
306,238,76,66
270,241,114,64
267,236,115,73
242,226,135,93
239,226,137,94
240,225,137,96
243,228,135,93
251,231,128,84
237,234,139,82
263,236,120,77
245,231,136,84
270,235,109,75
256,232,125,76
229,227,149,89
236,233,144,83
295,238,82,70
269,243,119,58
286,247,97,56
299,247,83,52
297,239,86,62
297,227,83,81
297,248,81,52
309,246,68,51
300,245,80,53
314,241,69,58
312,242,79,56
319,249,63,47
246,248,139,65
244,230,149,97
246,262,152,64
337,195,71,115
243,233,152,88
249,229,144,88
256,233,141,84
258,218,142,99
291,208,110,104
327,204,73,101
297,250,92,53
330,202,70,98
295,229,102,72
297,241,90,60
295,246,91,53
293,246,97,56
293,245,98,57
298,247,94,53
299,249,93,51
294,235,104,68
297,248,99,53
298,246,92,55
298,244,93,55
299,238,95,62
296,248,93,52
297,242,97,58
298,246,92,53
300,246,90,54
297,242,96,58
300,249,88,51
300,250,86,50
298,252,86,47
298,253,88,45
300,255,85,43
302,257,77,42
297,247,90,52
299,245,89,56
298,246,89,55
299,246,92,54
298,249,92,51
299,249,96,50
297,247,96,52
298,249,91,51
301,248,94,51
296,250,103,50
299,249,97,51
301,247,93,53
302,246,94,53
300,248,94,53
300,245,93,55
298,243,99,58
298,242,99,59
297,245,99,55
299,243,93,57
297,243,96,57
300,245,93,56
301,244,93,57
298,244,96,56
300,244,94,57
298,246,95,54
297,242,94,56
299,243,92,54
295,238,98,55
277,227,115,69
273,220,112,76
260,214,121,74
265,216,112,75
251,208,133,85
253,201,124,71
250,212,124,84
248,192,113,65
239,191,122,61
236,192,121,60
224,193,133,57
210,197,145,51
222,203,145,60
214,203,122,56
222,215,152,91
278,221,96,60
280,203,76,53
181,208,86,53
175,200,77,75
304,207,64,65
307,202,65,71
177,229,46,52
166,232,49,49
158,235,47,47
151,237,45,48
144,241,45,45
139,236,43,63
133,236,43,70
127,241,45,71
123,242,50,53
123,243,45,48
121,244,46,52
121,242,50,54
120,244,47,48
120,243,49,51
120,242,50,51
121,244,49,49
121,243,52,50
121,243,50,50
123,244,49,50
127,246,48,51
131,245,48,52
138,249,47,52
144,250,47,54
155,251,41,52
165,252,41,53
179,250,41,56
193,247,41,59
208,248,46,58
221,251,48,54
244,253,40,49
256,251,44,48
267,250,48,47
278,248,47,48
287,245,47,48
294,244,47,45
303,242,44,44
298,240,53,43
296,240,60,41
300,238,55,42
298,239,57,40
302,238,51,41
302,238,50,40
299,239,52,39
295,238,58,39
300,239,50,38
299,238,52,39
303,237,48,40
298,239,53,39
296,239,54,38
297,239,53,38
293,239,53,38
293,238,47,39
288,235,51,49
263,199,106,105
307,180,84,130
307,180,83,132
306,180,80,132
308,181,77,129
308,181,77,128
310,180,74,131
310,180,73,131
310,177,73,133
308,176,76,136
311,175,72,135
309,172,74,141
309,177,72,136
300,180,82,135
298,176,80,140
297,177,76,137
296,179,72,134
288,176,73,135
279,177,78,132
267,179,78,130
256,175,83,134
239,176,91,136
205,161,116,151
203,134,153,149
202,136,152,134
187,143,146,124
239,134,113,117
145,167,130,137
233,129,117,127
241,128,113,122
139,183,94,95
139,188,82,92
229,233,61,50
245,238,48,43
151,204,52,71
241,236,55,45
241,227,56,53
243,226,54,57
243,229,52,54
245,228,52,54
245,236,49,46
250,232,45,49
249,233,45,49
249,237,44,44
251,239,43,41
252,234,42,46
152,206,59,50
250,237,42,45
252,239,42,41
251,239,42,42
252,237,42,44
254,240,40,39
257,239,38,40
258,236,39,43
260,237,39,43
261,237,39,43
263,239,39,42
262,235,41,47
264,231,42,51
264,234,43,50
268,230,43,55
272,234,42,50
273,234,45,50
275,234,48,50
276,235,51,48
279,235,58,49
287,236,56,48
293,237,54,46
297,238,56,42
302,237,57,44
305,236,57,44
310,236,54,44
314,238,54,44
318,237,53,44
322,238,51,42
325,237,53,44
329,239,51,41
334,236,52,42
336,236,51,42
338,236,53,42
339,239,55,39
340,239,56,38
341,239,56,37
342,239,56,38
344,239,56,38
345,239,56,38
346,239,56,38
346,240,55,37
346,239,56,38
347,240,55,37
347,239,55,39
347,239,55,38
347,238,55,39
347,238,54,40
347,239,56,38
348,238,54,39
