289,184,17,21
291,184,16,21
292,185,16,20
293,185,16,20
293,185,16,20
294,184,16,21
295,184,16,21
295,186,15,21
297,186,15,20
297,185,16,20
296,185,17,19
296,184,17,20
296,183,18,21
295,184,19,21
294,185,20,21
295,186,20,21
296,185,20,22
298,182,20,22
301,179,21,23
304,178,20,21
306,180,21,22
306,180,21,22
307,179,21,21
309,180,21,22
310,180,22,23
311,184,24,20
312,182,24,23
316,183,21,22
318,183,21,21
320,184,21,23
321,188,23,22
321,190,24,23
323,193,23,22
280,181,13,19
281,183,14,17
283,184,14,18
284,185,14,18
285,184,14,19
285,184,14,19
285,185,14,17
285,187,14,17
284,186,14,18
285,186,14,19
286,185,15,19
286,185,14,19
286,186,14,18
286,185,15,19
285,182,15,20
285,181,15,19
284,179,16,19
283,177,16,19
283,174,15,19
283,171,15,19
282,170,16,19
284,170,15,18
286,171,14,18
287,172,15,17
288,173,15,18
287,174,16,19
286,177,17,19
287,182,15,18
285,183,16,18
284,184,16,19
284,186,15,20
282,189,16,20
280,192,17,20
280,194,17,20
281,195,19,20
282,193,19,20
281,191,22,20
284,189,20,20
285,186,20,19
287,184,19,19
290,180,18,20
292,177,18,21
293,176,19,18
294,178,17,19
292,180,17,21
292,182,17,19
289,182,21,21
287,185,23,20
288,185,25,20
291,182,24,22
294,179,22,22
298,181,20,18
299,181,21,18
303,182,20,19
306,182,20,18
307,178,21,21
309,173,22,21
315,171,20,20
315,169,21,20
317,164,21,21
319,159,21,21
321,153,21,21
324,149,20,20
328,149,17,19
329,151,17,21
329,157,18,19
330,160,17,19
330,162,17,18
332,164,16,18
332,166,16,19
329,167,19,19
331,170,16,18
329,172,18,17
330,173,17,17
331,175,15,18
331,178,15,18
332,178,15,18
329,178,17,18
328,178,17,18
327,179,17,18
325,181,18,18
324,181,20,19
326,179,19,20
327,179,18,19
327,179,20,18
328,179,19,18
329,180,19,19
330,180,17,19
330,182,17,19
331,185,16,20
332,189,16,20
333,192,15,19
333,195,14,19
333,195,15,18
333,196,16,18
334,196,16,18
332,197,17,19
331,200,18,19
333,201,16,18
334,202,15,18
335,202,15,19
337,203,14,18
338,204,14,19
338,206,14,18
338,207,14,18
339,208,14,17
340,209,14,17
341,208,14,17
341,209,15,18
341,212,16,19
342,215,16,18
343,216,15,18
344,218,14,18
342,220,14,20
340,223,14,20
338,227,14,19
336,230,14,19
337,232,13,18
336,233,13,19
333,234,14,20
331,236,14,20
328,239,16,21
327,243,14,20
326,244,14,19
325,242,15,20
324,239,15,19
320,239,16,18
318,239,18,20
316,239,19,20
315,239,21,21
312,238,20,20
310,236,21,21
309,235,19,21
306,235,21,20
303,235,20,21
300,237,22,22
298,238,19,20
296,238,23,20
296,236,23,21
295,235,23,21
294,235,25,22
293,235,25,23
291,237,27,25
289,240,27,23
286,242,27,23
286,243,24,22
285,243,23,21
283,243,21,21
282,244,21,21
281,243,21,22
281,243,20,24
280,243,23,23
278,245,22,23
277,245,20,23
275,243,25,26
275,241,25,24
274,240,25,23
272,241,26,26
271,242,27,24
271,243,26,23
270,244,26,23
268,244,23,23
267,246,23,22
266,246,24,22
264,247,21,21
262,245,24,24
259,246,28,22
257,245,29,22
257,245,26,22
257,245,27,23
256,245,28,23
255,244,28,25
253,245,31,24
250,245,33,23
249,244,31,22
249,242,30,22
248,241,29,22
247,241,28,23
244,243,29,23
241,243,31,24
238,244,31,22
235,245,31,21
234,246,30,22
234,247,27,22
232,247,28,22
230,246,29,25
229,247,28,24
226,246,34,24
221,244,27,24
221,244,27,23
220,243,29,23
219,243,29,23
216,241,29,25
212,239,26,26
206,237,30,25
205,236,30,24
205,235,27,23
204,234,26,24
202,233,29,25
198,231,31,26
194,231,35,27
187,228,35,27
187,228,38,27
186,226,36,26
184,224,32,27
182,225,38,25
179,224,40,27
176,222,39,27
174,222,45,26
171,221,41,26
168,217,42,27
170,217,40,25
171,216,29,26
169,213,28,25
239,211,13,15
238,195,20,26
243,196,17,22
248,196,13,22
245,196,18,24
251,197,14,18
250,196,16,21
248,196,18,20
247,195,19,19
248,195,18,19
247,194,18,22
244,194,20,27
249,194,14,17
242,193,18,20
242,192,19,19
243,193,18,31
238,194,20,15
238,195,16,12
239,195,21,19
244,195,18,18
242,195,21,20
243,196,20,19
243,194,21,25
245,192,21,20
246,193,18,35
247,192,21,28
249,189,21,21
251,188,22,29
254,188,23,25
256,187,23,27
258,188,24,31
293,137,14,10
298,126,16,19
303,126,14,18
306,125,15,18
307,123,15,19
307,122,15,18
305,122,15,18
304,122,16,18
301,123,16,20
298,127,17,19
297,126,16,19
296,125,16,19
296,126,17,19
296,126,18,20
297,125,17,20
299,122,17,21
300,118,17,21
302,115,18,21
304,115,18,22
307,115,18,22
312,114,19,20
317,112,20,21
325,109,19,21
331,104,21,23
333,100,24,24
334,99,23,23
335,98,22,22
336,103,21,22
337,110,21,22
339,114,22,21
340,113,22,22
340,107,23,22
339,100,24,22
338,94,27,24
340,92,27,23
342,90,31,23
345,94,27,23
347,96,33,24
349,100,31,22
346,99,32,23
348,98,28,23
350,97,24,22
353,96,27,20
356,89,29,21
357,80,34,21
358,81,36,24
357,86,35,27
354,91,37,27
349,98,38,30
354,109,30,26
342,111,39,27
337,117,37,26
334,122,24,25
333,126,27,23
331,129,30,24
331,132,21,22
333,135,20,20
333,135,29,27
333,136,28,28
334,137,33,28
349,159,26,21
359,162,26,26
338,147,32,26
348,144,28,23
358,136,31,24
361,126,33,22
359,122,35,29
359,127,37,29
363,134,28,23
369,126,39,31
372,125,26,28
373,121,39,33
374,121,31,30
377,116,28,27
382,113,32,30
381,110,39,32
377,108,49,37
375,110,46,38
376,112,40,35
377,111,46,34
373,109,47,34
366,116,61,33
362,122,41,35
361,124,45,36
356,123,58,36
355,123,58,37
346,125,42,37
336,131,56,38
328,135,51,38
323,138,54,36
319,142,51,31
312,141,50,34
302,147,56,33
298,151,61,32
291,153,65,34
285,158,64,33
283,163,55,33
275,158,61,38
276,159,55,36
280,155,49,37
279,145,55,44
277,153,60,32
259,141,62,45
264,138,74,44
274,126,66,47
280,121,57,41
294,133,50,30
391,145,36,39
384,145,45,38
381,148,55,37
386,150,58,36
392,153,44,35
393,156,48,37
391,158,58,35
386,156,66,34
389,150,57,31
395,147,70,37
400,151,66,34
399,155,67,36
394,159,71,37
387,160,76,39
381,159,70,40
381,161,77,40
382,164,68,40
380,170,64,37
376,175,64,38
369,182,65,34
363,186,69,34
362,190,72,35
362,193,64,35
361,192,54,36
361,191,52,36
358,185,46,37
357,176,49,37
360,169,50,36
362,161,50,36
358,160,52,35
355,162,45,34
352,164,56,33
348,161,60,35
350,160,53,32
351,161,55,34
349,164,56,33
343,168,58,32
337,173,58,31
331,177,64,30
330,178,61,33
330,178,54,29
328,176,52,32
324,175,49,32
320,174,49,33
313,172,55,33
311,167,54,32
313,166,53,31
312,167,53,32
312,170,50,31
309,169,50,34
306,172,50,32
300,177,54,30
294,179,55,31
293,183,52,29
293,190,49,28
293,195,46,31
294,199,42,31
290,201,43,31
285,201,45,30
278,200,50,31
281,198,45,31
282,192,43,31
283,184,44,31
284,180,45,32
284,180,47,30
282,182,48,31
285,190,46,31
286,197,44,31
287,201,44,28
287,203,46,27
286,204,45,28
285,205,44,28
285,207,43,27
287,209,41,28
289,211,41,28
290,213,41,27
289,215,42,28
285,215,46,29
285,214,45,29
285,214,45,29
284,216,44,28
285,220,42,28
285,219,41,28
285,216,42,29
281,216,44,29
277,219,47,28
275,222,47,27
275,224,48,27
275,225,41,27
275,229,42,26
273,229,42,28
271,228,41,30
271,231,40,30
269,235,39,29
267,238,40,28
265,240,34,30
263,244,35,32
263,244,34,30
260,247,37,30
260,247,37,29
257,250,36,31
253,250,33,26
248,250,36,27
245,248,39,28
243,246,39,27
240,243,37,28
237,241,41,30
235,240,39,29
233,237,38,30
232,232,39,30
230,229,37,30
226,230,37,31
221,232,40,32
217,233,33,29
215,230,33,28
213,227,34,27
211,226,34,27
210,226,35,28
207,227,36,30
204,228,43,33
202,227,45,30
201,227,45,31
200,227,43,31
201,227,38,33
200,228,38,33
198,231,36,33
194,232,37,32
189,232,38,30
186,231,40,31
185,230,41,30
183,229,43,30
181,227,45,32
178,227,47,31
175,228,46,32
171,226,47,33
170,226,40,32
169,226,38,32
167,225,35,31
164,226,34,35
159,229,34,34
154,231,37,30
152,231,37,29
152,231,37,28
152,232,37,29
151,233,37,30
150,233,41,29
148,233,45,29
148,233,41,30
148,232,39,31
149,231,37,34
151,232,32,31
151,232,32,35
152,233,30,30
152,232,29,29
150,230,31,30
151,227,33,29
153,224,32,27
154,222,32,28
154,221,33,35
155,220,33,39
156,223,39,32
157,223,34,32
159,223,31,30
160,221,29,29
160,221,27,27
160,220,27,36
160,219,27,37
162,219,27,31
162,217,28,29
163,215,28,30
162,215,29,29
160,214,30,31
158,213,31,35
155,215,32,34
153,217,34,31
149,213,32,29
145,209,31,30
140,205,31,30
135,200,31,32
128,195,31,33
122,191,32,33
117,188,36,32
114,185,35,31
110,178,36,31
103,172,39,33
99,167,40,35
95,162,45,35
90,161,45,36
88,162,40,36
86,163,38,35
86,168,34,36
87,171,33,36
88,172,33,35
87,175,34,34
85,178,36,35
86,182,36,33
88,186,35,34
88,188,37,33
88,189,38,34
88,190,40,39
87,193,40,38
88,193,38,35
89,194,35,34
90,193,33,32
90,185,32,34
90,178,32,31
89,170,34,30
90,167,34,27
90,163,35,30
91,161,39,31
91,160,42,33
91,159,43,32
94,153,40,30
96,143,38,31
95,138,37,32
94,138,35,33
91,140,35,33
88,144,36,32
85,146,40,33
85,147,39,32
84,147,43,33
85,148,41,32
85,147,44,33
85,148,41,37
81,149,44,39
77,152,47,41
71,156,46,33
72,156,45,33
74,154,40,33
74,152,38,34
72,150,37,35
69,154,39,36
67,159,39,36
64,164,42,32
65,163,43,32
66,163,41,32
65,164,38,35
66,168,39,36
67,175,45,34
70,182,40,33
72,185,42,33
74,185,37,32
75,186,36,32
77,187,35,32
80,187,34,31
85,189,33,28
88,189,34,30
91,192,35,33
93,197,36,31
98,199,34,29
104,201,33,30
110,204,31,30
116,201,31,30
118,196,35,33
121,190,34,32
126,183,33,32
129,176,32,32
131,169,32,31
133,169,32,30
137,173,32,31
138,178,40,28
140,179,47,28
140,179,52,27
142,178,47,28
140,177,49,27
139,172,44,29
139,169,46,29
139,168,48,28
140,166,57,30
142,164,56,29
149,163,58,28
152,161,49,28
156,158,57,27
158,156,55,28
160,156,50,29
162,156,49,30
161,156,48,30
162,156,44,29
163,157,46,28
163,157,52,29
163,157,47,30
163,160,49,30
163,160,54,30
