179,140,128,132
183,142,124,134
185,140,122,131
186,142,122,130
185,135,124,133
187,148,121,125
187,140,124,126
186,141,124,130
186,142,125,129
189,137,124,134
183,133,127,132
183,139,127,128
185,131,123,130
178,138,129,133
176,134,126,131
166,132,130,139
157,137,127,137
152,139,129,137
149,150,129,127
148,149,132,135
151,144,135,133
154,158,134,129
157,152,131,132
157,151,131,131
150,151,135,138
144,150,132,137
136,159,136,139
126,157,141,139
128,155,144,138
137,157,142,141
143,161,144,137
151,162,137,146
159,161,139,140
161,163,138,145
165,160,140,139
163,165,136,139
165,162,140,139
160,165,138,138
161,167,142,141
159,162,139,140
150,160,145,146
151,151,139,147
147,163,143,141
146,155,143,145
150,163,138,144
152,151,143,139
150,157,147,143
150,152,142,137
151,156,142,150
148,155,143,145
145,155,145,152
145,158,138,150
145,168,143,146
137,168,146,151
138,169,148,146
141,176,144,152
137,180,144,141
141,174,145,143
142,174,143,145
142,177,142,145
141,174,138,137
136,172,149,145
136,170,147,157
131,171,144,145
127,172,139,153
116,175,149,148
108,179,149,151
106,177,155,155
99,188,153,153
92,174,152,154
88,180,156,158
82,173,159,149
77,175,159,159
75,174,150,159
68,169,155,156
66,171,153,162
73,167,142,157
59,169,158,152
57,165,161,157
55,162,161,155
52,163,167,151
55,155,157,158
55,151,157,170
46,155,173,156
45,152,171,167
41,157,175,163
46,157,172,161
56,153,159,161
60,158,149,161
47,154,167,162
52,152,166,167
52,158,161,170
54,163,163,152
44,152,173,162
45,157,170,168
56,157,157,169
36,164,179,160
31,165,182,159
29,162,185,166
38,159,174,166
53,155,157,179
42,164,166,167
33,161,177,171
48,159,161,165
41,166,168,161
25,157,186,178
26,163,184,175
36,160,177,176
39,163,176,176
50,170,167,172
65,174,158,171
64,178,165,171
58,188,179,157
69,185,173,172
75,197,172,160
72,194,174,158
84,194,165,159
84,189,166,165
98,193,163,156
112,188,162,166
115,185,159,164
125,191,157,162
118,204,161,154
124,199,155,151
117,202,160,154
118,197,160,153
120,204,157,150
124,184,152,151
128,186,147,152
130,177,149,152
132,174,146,141
137,163,150,143
143,152,141,147
142,161,148,147
149,147,141,148
156,154,140,139
164,141,139,133
168,139,137,141
174,134,134,137
179,132,133,136
183,127,133,127
179,123,135,131
182,119,130,128
186,121,126,123
181,116,132,123
181,111,121,126
177,108,124,124
172,110,123,130
172,109,120,122
163,109,127,126
168,106,118,130
165,116,114,125
166,116,119,122
165,116,116,126
163,120,116,124
168,126,116,120
167,126,116,119
171,126,117,127
175,128,112,121
176,132,118,123
178,135,117,120
181,135,115,119
184,136,114,122
185,139,115,126
185,140,116,123
188,149,120,119
191,144,116,125
192,146,113,120
191,140,116,122
193,141,114,124
192,139,113,126
189,141,116,125
190,145,112,124
187,145,117,131
184,151,112,130
176,151,122,130
174,155,118,131
170,158,118,128
164,164,119,126
162,163,118,131
157,162,123,133
154,160,117,138
153,166,118,132
150,171,119,132
149,172,117,131
148,174,117,130
149,171,115,138
150,177,115,132
150,175,114,131
152,179,112,129
155,174,111,134
159,168,109,133
159,174,110,129
164,170,110,131
164,170,111,130
167,173,109,130
173,171,108,124
175,167,103,131
179,164,107,128
187,165,104,123
190,158,105,122
196,155,103,119
195,155,105,123
205,146,99,125
208,149,104,117
217,145,95,119
222,137,100,122
225,139,99,120
229,136,97,124
231,133,105,121
236,129,99,127
243,129,99,122
244,130,98,125
249,133,98,121
251,130,99,123
253,129,100,123
255,128,102,125
257,128,101,125
261,133,96,126
260,126,96,120
258,126,93,124
254,123,96,124
256,123,95,122
249,121,97,116
245,120,95,122
236,119,93,122
231,121,97,127
227,122,97,129
221,126,97,123
215,129,94,124
208,132,94,125
201,127,96,127
201,125,96,131
191,127,100,127
186,122,103,131
184,119,105,127
187,110,100,129
188,113,103,127
192,107,101,126
197,103,100,127
204,99,96,130
217,93,97,129
217,90,105,129
228,80,104,130
240,76,101,131
253,77,104,125
264,70,102,126
266,59,102,138
273,50,101,135
280,45,97,128
277,38,100,126
274,22,100,130
273,18,102,131
273,5,97,131
273,6,98,121
275,4,98,119
274,1,103,111
276,3,97,109
273,3,95,116
268,4,95,122
270,8,91,124
277,8,91,130
281,8,91,137
292,7,88,137
305,13,91,135
316,18,87,132
328,22,88,130
339,27,84,135
346,34,85,133
355,38,80,131
357,43,81,130
354,51,83,125
359,52,80,131
366,58,71,122
365,55,74,123
369,56,77,121
372,63,72,111
378,57,69,117
383,55,72,124
392,56,72,124
398,57,75,128
404,65,74,121
412,64,66,119
409,68,72,121
414,70,69,118
415,68,70,126
418,73,69,125
413,78,71,116
409,81,71,114
404,85,73,114
404,85,70,117
397,82,72,117
392,78,70,114
387,76,68,112
384,75,69,113
385,72,67,113
390,72,65,120
394,70,66,118
398,77,63,116
402,74,63,117
400,70,66,121
401,79,63,115
402,76,62,117
398,80,66,117
395,84,68,119
392,90,71,117
388,92,73,120
387,97,71,123
387,104,64,121
383,109,64,120
382,112,64,122
381,121,60,117
381,120,59,122
385,124,59,117
389,123,58,119
392,126,61,119
394,124,65,117
399,127,61,116
405,126,63,117
410,123,65,120
418,121,62,126
422,127,61,124
421,125,61,124
420,132,62,119
422,127,60,126
421,139,58,117
416,134,61,118
413,135,64,118
413,141,59,110
408,140,60,109
404,128,62,119
398,122,59,123
396,127,56,117
388,127,57,114
386,125,51,115
375,118,51,120
368,120,47,110
367,121,48,106
359,111,49,110
353,105,45,113
352,100,37,112
347,101,37,106
346,100,37,104
346,102,35,100
346,103,38,97
349,102,35,96
349,103,34,97
349,106,34,93
345,108,36,91
345,108,33,90
344,110,31,89
336,111,31,88
336,113,33,85
329,118,34,81
324,120,31,83
319,121,29,83
312,120,31,84
312,124,33,78
308,128,30,72
306,128,30,74
306,128,30,74
306,128,30,74
306,128,30,74
306,128,30,74
306,128,30,74
306,128,30,74
306,128,30,74
306,128,30,74
306,128,30,74
306,128,30,74
306,128,30,74
306,128,30,74
306,128,30,74
306,128,30,74
306,128,30,74
306,128,30,74
306,128,30,74
306,128,30,74
306,128,30,74
306,128,30,74
306,128,30,74
306,128,30,74
306,128,30,74
306,128,30,74
306,128,30,74
306,128,30,74
306,128,30,74
306,128,30,74
306,128,30,74
306,128,30,74
306,128,30,74
306,128,30,74
306,128,30,74
306,128,30,74
306,128,30,74
306,128,30,74
306,128,30,74
306,128,30,74
306,128,30,74
306,128,30,74
306,128,30,74
306,128,30,74
306,128,30,74
306,128,30,74
306,128,30,74
306,128,30,74
306,128,30,74
306,128,30,74
306,128,30,74
306,128,30,74
306,128,30,74
306,128,30,74
306,128,30,74
306,128,30,74
306,128,30,74
306,128,30,74
306,128,30,74
306,128,30,74
306,128,30,74
306,128,30,74
306,128,30,74
306,128,30,74
306,128,30,74
306,128,30,74
306,128,30,74
226,118,35,75
226,121,44,77
230,128,46,74
232,128,51,78
232,128,51,78
231,133,46,75
235,140,38,71
231,137,42,73
230,136,43,72
227,136,42,73
224,137,44,73
220,132,45,78
220,137,45,76
218,138,47,76
218,133,44,82
217,135,50,83
217,135,49,87
219,137,50,90
222,137,52,93
224,137,53,94
226,137,58,95
230,136,56,93
235,134,53,96
230,125,56,104
225,113,62,117
221,107,60,120
214,104,58,122
212,109,61,118
204,106,63,119
198,105,69,124
192,106,77,119
187,106,65,120
187,101,66,126
183,107,70,124
180,102,75,125
181,102,74,124
186,101,80,128
189,99,83,125
198,99,82,125
203,104,82,125
213,94,80,131
223,102,77,126
223,99,79,124
230,100,82,129
234,102,81,128
240,101,85,126
244,99,84,123
243,104,87,122
249,105,87,117
249,99,92,126
252,94,92,127
257,97,87,126
256,97,92,123
259,93,86,123
257,96,90,131
257,92,94,130
262,94,88,133
260,98,91,130
266,94,93,131
273,98,87,137
278,98,86,138
280,107,90,137
282,112,89,128
281,112,94,132
280,115,93,137
278,114,93,140
276,120,95,132
273,127,100,127
273,127,97,137
274,125,93,126
274,121,101,131
273,114,107,129
274,112,105,136
285,110,93,131
281,104,103,134
286,106,95,135
285,100,104,144
290,99,95,138
286,99,99,139
282,99,107,137
285,103,111,138
286,101,120,143
288,102,123,142
291,107,112,138
291,109,105,140
290,105,106,144
290,112,127,143
290,109,140,139
292,107,143,140
292,106,149,140
297,104,144,142
293,102,148,140
295,105,145,133
289,100,155,137
290,100,153,141
289,103,147,137
291,99,150,139
289,101,149,139
293,101,145,138
295,99,143,143
300,101,147,145
300,105,139,141
298,107,144,143
303,108,138,143
302,107,122,142
302,106,128,145
297,100,132,143
297,98,142,142
299,96,134,142
299,88,135,144
297,83,138,146
299,78,136,143
295,75,129,145
293,71,139,146
288,67,147,148
283,64,148,146
279,63,147,146
273,52,150,152
270,47,144,153
265,45,146,155
262,46,146,156
256,42,144,156
258,42,155,158
258,39,149,159
257,47,149,155
256,50,154,157
257,57,162,158
260,66,157,166
266,83,155,171
270,109,157,178
269,147,155,181
260,185,165,162
255,200,172,165
246,227,168,138
247,236,167,129
245,249,167,117
251,257,160,103
257,252,156,113
265,261,144,97
273,261,139,102
275,255,141,98
280,247,134,110
283,241,145,116
281,228,154,123
289,225,149,129
286,215,138,131
284,202,136,137
283,188,137,133
279,181,137,128
277,176,134,125
278,174,132,123
279,171,131,127
282,171,128,125
284,174,127,122
288,178,129,124
293,178,114,123
294,172,116,125
300,169,108,123
298,168,113,118
298,165,113,118
300,159,109,121
296,158,123,119
298,157,120,121
293,157,120,130
289,156,102,123
288,156,114,117
284,152,99,118
284,158,88,116
281,152,85,116
282,150,85,121
287,149,77,115
287,152,82,117
289,155,79,117
291,150,78,117
292,154,77,119
292,157,76,122
291,159,78,125
292,160,80,125
292,166,79,124
291,173,78,123
289,180,78,123
285,185,82,124
285,187,82,120
284,194,79,118
281,196,82,117
283,195,75,117
281,194,79,123
283,195,78,123
285,199,76,115
285,192,81,121
287,194,80,117
294,188,78,120
294,183,80,126
298,174,80,131
302,174,79,125
299,163,82,132
303,159,81,126
303,157,81,127
303,148,81,132
302,147,81,130
303,139,80,133
302,142,85,133
300,140,85,134
301,134,84,141
303,139,87,133
306,137,86,138
312,136,88,141
312,140,90,138
320,138,87,140
321,137,87,138
328,132,77,136
323,132,80,140
321,130,82,136
317,126,80,139
315,126,79,140
313,131,76,132
310,130,76,132
312,132,72,131
307,133,74,132
307,133,72,131
305,138,70,128
305,135,67,128
302,135,67,129
300,131,63,129
297,127,60,131
287,122,62,126
280,109,67,132
283,113,61,123
277,99,63,126
278,92,61,127
279,87,61,130
278,82,59,133
277,76,59,136
278,79,52,133
273,84,58,127
273,88,51,123
270,94,58,115
270,95,55,115
270,94,56,113
273,87,73,121
276,77,87,133
272,80,96,134
275,78,93,140
278,81,89,136
279,80,90,139
283,82,87,138
283,82,89,136
289,83,83,137
292,85,80,136
290,87,88,136
298,90,82,134
300,93,83,140
304,96,79,136
301,97,84,137
301,101,85,131
298,104,87,131
299,103,83,137
296,103,84,133
295,106,78,135
293,104,83,133
293,103,76,132
289,100,80,129
289,95,83,130
284,93,79,126
282,92,83,126
283,90,72,128
281,85,71,127
278,84,64,123
270,81,67,125
271,74,67,127
269,74,58,132
269,74,58,132
255,76,49,129
253,70,53,130
250,73,48,123
244,92,42,109
244,91,37,108
242,90,44,101
242,92,38,97
241,93,34,96
239,93,37,97
239,95,36,96
239,99,33,93
238,97,36,96
238,99,36,99
240,101,34,97
241,101,36,98
243,105,33,95
245,105,33,95
247,103,36,100
248,105,39,97
249,100,48,105
251,96,59,110
260,84,63,120
263,79,76,126
268,82,73,127
272,93,69,126
272,97,77,125
276,104,79,120
275,101,80,119
279,104,80,114
284,106,79,120
288,104,77,120
293,108,72,114
291,109,72,112
295,107,69,115
295,105,72,116
294,106,76,116
294,104,72,113
293,103,74,114
294,102,74,113
291,104,71,109
285,104,75,112
281,105,72,109
280,104,70,108
278,103,67,110
273,106,75,109
274,108,69,108
269,111,66,106
269,112,71,106
268,117,64,105
269,119,66,102
270,114,69,103
276,112,63,103
277,110,62,102
277,110,67,103
281,109,66,103
282,107,68,103
285,108,64,103
285,108,66,103
285,109,71,106
290,113,63,105
298,117,62,102
303,118,61,104
302,118,63,101
307,119,61,98
312,118,63,101
315,118,64,101
317,121,65,98
318,120,68,100
323,120,62,99
323,119,62,98
324,118,64,99
327,120,63,96
327,119,61,91
327,120,61,94
328,117,58,97
327,117,66,89
328,118,62,97
327,117,62,96
328,118,63,97
329,118,64,89
330,119,59,98
330,119,57,97
330,120,55,96
330,118,54,100
329,121,55,94
328,121,60,98
327,124,64,96
327,124,61,97
326,126,61,97
324,128,56,89
305,128,58,88
286,131,66,95
289,130,58,96
273,130,60,100
267,131,66,98
268,132,69,101
270,132,67,100
272,132,69,101
280,134,67,101
288,135,67,100
296,135,66,100
301,135,71,100
306,136,73,102
310,136,76,103
315,135,77,104
317,136,79,106
322,137,77,107
324,137,79,105
326,136,77,106
323,136,81,103
321,135,78,109
314,135,78,104
306,134,79,106
302,132,79,106
299,131,77,106
293,131,79,109
291,132,81,106
290,133,83,109
289,132,82,104
288,132,83,109
289,130,84,113
291,132,82,114
290,133,86,107
292,134,86,112
292,136,85,109
291,135,85,105
288,139,85,104
288,140,83,110
286,141,84,105
285,144,84,106
280,141,86,104
282,145,85,107
278,144,85,106
277,146,86,107
276,146,86,112
274,143,86,109
274,145,87,115
274,144,86,109
275,146,85,108
275,144,87,107
276,144,86,118
275,146,87,113
274,147,87,115
273,149,87,109
271,152,87,112
270,152,89,110
268,152,90,105
260,156,88,110
249,154,90,107
241,152,92,107
234,154,97,106
230,150,97,113
227,146,97,114
231,141,95,110
231,138,97,112
235,139,96,106
238,135,99,102
247,133,92,104
247,133,100,105
253,133,103,111
257,136,105,116
268,142,101,116
283,148,99,112
288,152,104,106
299,156,92,102
314,154,84,100
329,151,69,101
340,152,68,102
342,153,64,100
345,155,67,100
343,152,70,102
343,157,72,101
344,158,73,102
342,158,76,102
345,160,77,103
351,158,75,108
360,159,73,107
371,159,73,111
372,165,74,105
380,171,75,102
386,172,77,107
398,172,77,109
409,174,75,111
408,180,77,104
420,181,76,105
427,180,79,103
439,178,79,101
452,174,82,108
453,175,82,107
463,180,79,99
462,178,78,104
455,185,78,106
455,194,80,103
455,194,82,104
466,195,81,104
470,197,82,104
470,202,85,108
480,213,89,109
483,214,88,111
500,225,89,110
510,232,90,109
521,241,87,106
523,241,84,105
523,240,86,104
520,238,83,107
516,240,87,103
520,233,85,99
524,223,82,96
523,219,84,100
526,210,85,103
530,204,89,104
541,201,88,102
541,194,88,99
537,192,90,101
522,180,88,100
512,173,87,99
500,167,85,98
498,161,84,95
500,165,81,98
504,165,83,99
500,164,84,97
496,155,83,99
493,141,81,97
495,138,80,99
494,131,88,95
499,130,85,98
506,132,83,100
508,136,84,97
508,139,85,94
510,147,85,99
510,145,90,105
514,151,86,96
513,151,86,100
518,158,91,96
529,157,90,99
534,158,82,99
530,154,87,101
527,160,92,103
525,156,91,101
519,161,87,97
510,164,87,98
501,165,87,100
493,167,85,99
481,174,86,99
473,182,83,99
457,188,85,101
439,195,85,106
418,213,89,101
406,223,82,101
393,227,82,100
386,228,79,98
385,225,86,99
394,220,81,96
396,219,82,94
400,212,82,95
399,210,82,94
391,208,83,97
385,213,80,98
375,215,79,96
364,215,81,97
360,209,83,98
355,209,82,102
356,209,81,102
357,208,83,99
360,209,85,100
362,207,84,101
367,203,82,99
371,205,87,101
375,203,87,100
379,201,88,103
380,201,86,100
374,200,88,105
366,205,93,106
366,213,90,105
360,207,90,108
353,206,90,111
352,210,89,109
353,210,88,105
345,208,90,112
343,210,90,109
338,212,92,109
332,215,90,115
326,216,94,113
321,213,90,114
315,213,94,118
311,220,92,112
309,218,94,118
306,217,91,119
302,220,91,117
296,222,93,116
293,229,91,116
287,225,96,119
280,224,93,118
271,227,94,115
256,229,97,122
245,225,92,125
235,235,94,120
226,236,92,122
226,238,91,118
209,238,94,116
198,238,94,119
186,247,94,116
176,253,92,107
174,254,95,108
161,253,93,107
149,252,92,108
137,258,92,101
132,254,90,107
128,254,91,108
124,250,90,108
115,245,90,115
104,246,89,116
89,249,97,112
86,251,96,110
83,250,90,111
76,246,91,113
66,247,93,114
66,247,91,116
64,249,90,111
58,243,90,110
53,252,87,98
60,261,82,93
54,278,86,78
60,271,83,84
63,278,79,82
64,281,77,78
65,279,79,78
83,273,69,82
80,274,74,83
84,269,76,85
99,261,78,89
115,258,90,88
118,254,84,102
145,250,101,98
146,249,124,91
150,248,128,94
158,254,128,95
165,253,123,96
153,252,137,101
152,254,137,101
159,256,131,96
173,260,122,93
174,253,126,103
177,252,126,106
181,250,118,109
181,249,120,108
191,253,119,102
201,240,118,107
208,241,108,108
216,233,105,110
220,237,104,107
232,227,97,107
234,221,95,106
236,220,86,106
230,227,94,104
232,230,88,103
221,230,91,97
214,231,89,98
212,229,89,100
196,238,96,99
195,244,81,99
187,248,86,95
183,242,85,101
180,243,88,97
173,250,88,105
165,264,85,94
162,270,89,90
161,264,87,92
163,253,85,98
166,245,85,97
168,238,88,98
174,230,85,95
183,223,78,93
186,215,82,91
190,207,81,94
199,198,78,95
198,183,78,94
199,178,77,89
199,173,84,89
197,166,82,93
197,163,81,96
202,164,81,95
204,164,82,89
206,166,82,90
208,166,84,95
210,168,83,92
212,169,81,92
213,172,83,88
215,171,80,85
216,171,82,89
224,170,79,89
229,165,81,91
237,159,78,93
239,156,82,83
242,154,80,83
248,150,81,91
248,151,84,91
255,151,78,92
259,150,79,91
259,149,82,87
263,148,80,84
262,142,82,89
263,141,80,95
264,141,82,88
263,139,80,88
262,137,80,89
260,132,73,86
258,129,67,86
256,130,63,85
254,131,61,83
252,128,64,86
249,130,64,84
245,129,71,85
243,130,70,91
240,124,72,89
236,128,77,87
233,126,78,88
231,126,78,86
229,125,78,84
225,123,78,88
224,123,78,89
219,125,78,88
220,125,78,85
220,125,80,89
218,125,79,87
215,130,81,85
212,130,82,85
210,130,84,88
208,130,85,89
210,131,85,87
204,131,91,90
203,131,87,90
203,136,90,95
200,135,89,92
202,140,87,95
199,135,87,96
195,136,93,91
193,143,90,92
188,150,95,93
190,146,95,96
187,148,95,98
186,153,95,92
183,149,97,97
186,153,97,94
184,149,96,95
188,154,94,93
188,145,94,96
187,150,96,98
185,149,96,97
186,149,96,100
184,152,97,97
182,152,100,98
179,154,100,100
175,154,102,96
181,158,100,99
176,157,103,95
178,158,106,99
178,157,107,99
184,157,103,98
184,157,102,98
187,156,100,100
189,155,102,100
191,159,102,94
195,158,98,95
195,155,100,96
198,158,98,98
200,157,98,94
202,155,92,97
205,157,95,96
201,155,97,98
207,158,92,92
207,154,95,100
208,156,95,95
212,151,94,99
213,150,91,92
216,149,92,94
216,151,93,95
218,146,91,93
220,149,89,95
222,149,85,90
222,147,89,97
223,144,87,93
225,147,85,91
229,141,82,90
230,145,82,94
230,143,84,87
231,145,83,86
230,143,82,88
233,149,82,89
233,147,81,86
234,146,80,86
240,145,76,86
245,144,70,89
234,154,74,76
235,156,78,74
234,156,79,66
234,147,77,75
233,140,83,81
232,136,81,82
234,139,77,79
230,136,81,81
228,134,79,87
227,132,80,84
224,137,82,83
225,135,76,83
222,135,79,81
221,135,80,83
221,134,80,83
220,134,82,84
222,127,79,85
222,129,79,86
223,128,81,82
225,129,79,85
227,127,76,82
224,133,79,86
224,132,76,82
222,129,76,85
217,134,80,80
216,133,80,82
219,130,79,81
215,133,82,88
215,130,85,88
213,136,83,89
210,142,88,84
214,138,82,79
214,138,85,81
217,137,82,81
217,130,85,86
217,130,87,85
220,133,86,89
220,134,87,86
223,127,84,92
225,133,83,87
223,136,86,91
225,136,84,91
223,136,86,91
221,138,85,92
223,140,80,89
220,144,83,90
217,140,83,94
215,142,86,92
214,142,86,91
213,145,84,90
207,145,89,90
209,149,87,85
212,150,80,89
206,149,86,92
205,151,84,92
204,151,85,92
206,150,80,91
200,153,85,94
200,153,83,89
205,158,75,87
203,157,79,89
204,159,79,89
205,154,79,92
210,156,78,93
207,156,84,98
204,156,86,92
204,159,86,93
211,164,83,90
215,160,85,89
219,166,79,88
223,168,78,87
223,167,84,88
226,163,86,91
226,164,91,95
227,167,92,88
226,168,96,91
229,165,94,90
230,169,95,93
234,163,91,94
229,170,101,90
233,164,95,95
234,162,98,102
236,159,96,100
237,165,96,96
235,156,102,110
239,164,97,99
240,170,98,96
242,164,95,99
244,151,96,112
246,149,100,121
246,154,97,113
248,148,96,118
246,155,101,117
251,154,97,115
250,152,100,115
249,158,99,114
249,157,100,115
248,161,102,111
248,159,102,113
250,164,101,103
250,164,100,106
248,170,103,99
246,168,103,101
245,166,103,104
242,167,105,106
241,167,107,102
242,165,100,109
238,170,105,103
235,167,108,98
239,175,102,97
238,175,102,96
234,173,102,98
229,174,107,102
224,175,110,101
215,172,117,108
224,172,106,101
221,179,108,101
219,180,107,99
216,177,107,98
207,182,111,103
213,179,102,100
213,179,100,105
212,181,102,99
207,175,102,112
207,179,102,107
203,180,105,103
196,174,109,120
197,177,107,111
194,172,111,112
196,182,108,110
195,179,113,103
199,176,104,106
198,172,107,110
201,176,106,112
205,178,106,103
206,179,106,105
210,179,103,100
210,171,101,103
212,170,103,110
214,170,103,100
212,171,106,100
214,167,100,101
214,165,99,100
213,172,99,99
215,162,96,99
212,168,99,103
211,162,99,99
209,164,102,104
212,164,100,99
216,161,96,100
215,161,102,108
220,160,96,102
222,157,98,112
222,156,107,105
224,159,108,110
228,156,105,100
232,161,106,98
238,157,105,97
240,152,102,105
249,157,97,95
257,155,88,96
249,147,98,103
253,145,94,103
260,148,89,101
267,148,83,100
268,149,84,98
276,145,78,99
279,144,77,99
282,141,74,103
288,142,68,99
291,140,64,97
295,140,63,98
297,138,61,100
298,134,64,101
303,132,61,102
306,132,59,100
309,132,56,100
305,131,59,99
316,129,69,102
316,128,75,101
319,129,82,103
322,131,97,96
322,130,104,96
317,129,110,94
318,127,109,92
314,129,113,96
312,126,117,91
308,130,126,99
303,126,127,98
300,131,132,90
284,130,119,82
274,137,96,73
279,133,75,82
370,136,65,95
370,137,67,92
370,134,70,96
375,137,69,90
378,135,68,93
382,136,66,90
380,135,71,93
380,138,71,92
381,139,73,89
381,139,71,91
382,139,67,90
376,140,70,91
377,138,72,92
377,140,70,89
376,140,72,90
375,141,70,87
371,139,74,89
377,138,70,90
372,140,72,89
369,138,75,89
366,141,79,86
357,141,86,83
351,143,93,79
347,140,96,84
346,139,96,84
343,137,95,86
344,135,90,89
344,137,91,85
339,138,86,81
338,140,83,77
336,140,85,79
332,139,85,78
329,138,90,81
325,139,85,78
326,139,86,78
320,139,86,80
315,141,87,80
314,139,88,83
310,140,87,80
309,140,85,81
306,138,84,84
304,138,84,83
304,137,85,83
302,139,73,85
302,139,60,86
299,137,63,85
296,134,67,84
296,133,66,86
296,136,59,85
292,134,64,85
291,133,60,85
287,135,67,85
288,133,66,82
285,134,66,86
280,131,71,83
278,136,72,82
276,135,73,82
277,133,71,81
272,136,73,83
268,134,75,81
261,139,77,83
253,139,78,78
251,139,77,80
246,142,77,79
240,144,77,78
237,146,72,75
230,146,71,71
228,146,72,75
223,146,72,71
218,146,71,62
207,151,74,47
202,156,72,46
202,155,71,44
202,155,71,44
189,157,69,34
189,157,69,34
189,157,69,34
189,157,69,34
189,157,69,34
189,157,69,34
189,157,69,34
180,159,64,28
180,159,64,28
183,157,57,28
183,157,57,28
183,157,57,28
183,157,57,28
183,157,57,28
183,157,57,28
183,157,57,28
183,157,57,28
183,157,57,28
183,157,57,28
183,157,57,28
183,157,57,28
183,157,57,28
183,157,57,28
183,157,57,28
183,157,57,28
183,157,57,28
183,157,57,28
183,157,57,28
183,157,57,28
183,157,57,28
183,157,57,28
183,157,57,28
183,157,57,28
183,157,57,28
183,157,57,28
183,157,57,28
183,157,57,28
183,157,57,28
183,157,57,28
183,157,57,28
183,157,57,28
183,157,57,28
183,157,57,28
183,157,57,28
183,157,57,28
183,157,57,28
183,157,57,28
183,157,57,28
183,157,57,28
183,157,57,28
183,157,57,28
183,157,57,28
183,157,57,28
183,157,57,28
183,157,57,28
183,157,57,28
183,157,57,28
183,157,57,28
183,157,57,28
183,157,57,28
183,157,57,28
183,157,57,28
183,157,57,28
183,157,57,28
183,157,57,28
183,157,57,28
183,157,57,28
183,157,57,28
183,157,57,28
183,157,57,28
183,157,57,28
183,157,57,28
183,157,57,28
183,157,57,28
183,157,57,28
183,157,57,28
183,157,57,28
183,157,57,28
183,157,57,28
183,157,57,28
183,157,57,28
183,157,57,28
183,157,57,28
183,157,57,28
183,157,57,28
183,157,57,28
183,157,57,28
183,157,57,28
183,157,57,28
183,157,57,28
183,157,57,28
183,157,57,28
183,157,57,28
183,157,57,28
183,157,57,28
183,157,57,28
183,157,57,28
183,157,57,28
183,157,57,28
183,157,57,28
183,157,57,28
183,157,57,28
183,157,57,28
183,157,57,28
183,157,57,28
183,157,57,28
183,157,57,28
183,157,57,28
183,157,57,28
183,157,57,28
183,157,57,28
183,157,57,28
183,157,57,28
183,157,57,28
183,157,57,28
183,157,57,28
183,157,57,28
183,157,57,28
183,157,57,28
183,157,57,28
183,157,57,28
183,157,57,28
183,157,57,28
183,157,57,28
183,157,57,28
183,157,57,28
183,157,57,28
183,157,57,28
183,157,57,28
183,157,57,28
183,157,57,28
183,157,57,28
183,157,57,28
183,157,57,28
183,157,57,28
183,157,57,28
183,157,57,28
183,157,57,28
183,157,57,28
183,157,57,28
183,157,57,28
183,157,57,28
183,157,57,28
183,157,57,28
183,157,57,28
183,157,57,28
183,157,57,28
183,157,57,28
183,157,57,28
183,157,57,28
183,157,57,28
183,157,57,28
183,157,57,28
183,157,57,28
183,157,57,28
183,157,57,28
183,157,57,28
183,157,57,28
183,157,57,28
183,157,57,28
183,157,57,28
183,157,57,28
183,157,57,28
183,157,57,28
183,157,57,28
183,157,57,28
183,157,57,28
183,157,57,28
183,157,57,28
183,157,57,28
183,157,57,28
183,157,57,28
183,157,57,28
183,157,57,28
183,157,57,28
183,157,57,28
183,157,57,28
183,157,57,28
183,157,57,28
183,157,57,28
183,157,57,28
183,157,57,28
183,157,57,28
183,157,57,28
183,157,57,28
183,157,57,28
183,157,57,28
183,157,57,28
183,157,57,28
183,157,57,28
183,157,57,28
183,157,57,28
183,157,57,28
183,157,57,28
183,157,57,28
183,157,57,28
183,157,57,28
183,157,57,28
183,157,57,28
183,157,57,28
183,157,57,28
183,157,57,28
183,157,57,28
183,157,57,28
183,157,57,28
183,157,57,28
183,157,57,28
183,157,57,28
183,157,57,28
183,157,57,28
183,157,57,28
183,157,57,28
183,157,57,28
183,157,57,28
183,157,57,28
183,157,57,28
183,157,57,28
183,157,57,28
183,157,57,28
183,157,57,28
183,157,57,28
183,157,57,28
183,157,57,28
183,157,57,28
183,157,57,28
183,157,57,28
183,157,57,28
183,157,57,28
183,157,57,28
183,157,57,28
183,157,57,28
183,157,57,28
183,157,57,28
183,157,57,28
183,157,57,28
183,157,57,28
183,157,57,28
183,157,57,28
183,157,57,28
183,157,57,28
183,157,57,28
183,157,57,28
183,157,57,28
183,157,57,28
183,157,57,28
183,157,57,28
183,157,57,28
183,157,57,28
183,157,57,28
183,157,57,28
183,157,57,28
183,157,57,28
183,157,57,28
183,157,57,28
278,197,50,37
299,200,54,42
312,188,64,42
297,186,73,52
298,187,78,67
296,162,90,92
294,151,100,100
297,151,99,103
293,149,103,103
296,152,104,99
297,149,102,102
300,150,100,102
295,153,109,101
297,151,107,97
300,150,102,102
299,149,110,99
305,153,103,95
304,146,109,105
305,149,104,101
304,149,109,103
307,151,106,93
308,153,108,100
311,147,107,100
316,153,102,97
320,145,100,101
318,153,103,98
319,146,104,100
313,147,115,98
316,144,112,103
321,141,107,103
318,145,113,103
319,142,116,102
318,151,118,94
329,152,109,96
335,154,104,100
337,156,102,94
341,159,101,97
335,159,104,96
333,166,104,92
326,167,107,93
322,178,110,91
322,181,106,90
320,181,106,91
320,180,103,93
317,183,105,90
312,185,108,90
313,187,105,88
311,186,104,89
311,187,101,90
311,183,104,89
311,184,103,92
311,182,102,91
309,180,103,92
308,178,102,92
308,179,101,98
307,176,104,92
306,181,102,92
306,181,102,92
302,177,102,95
302,182,101,96
305,173,99,100
303,179,102,96
303,181,99,96
300,182,101,98
301,185,101,94
299,183,102,94
299,183,100,97
299,189,104,91
293,190,111,94
296,190,105,97
295,187,104,97
296,194,102,94
298,193,100,95
299,200,97,90
297,198,99,93
295,199,98,94
290,196,101,95
291,201,96,90
288,194,97,94
286,200,96,90
281,195,99,94
279,198,98,92
275,194,100,93
274,191,99,95
270,184,100,103
270,191,94,101
263,189,100,97
260,197,103,93
254,195,108,96
255,187,105,99
249,199,104,98
247,192,103,102
242,197,106,102
236,197,106,104
230,203,110,106
225,201,101,104
214,198,108,115
206,202,104,113
194,203,111,118
196,205,104,117
186,211,110,120
178,209,116,117
178,210,113,118
176,211,111,118
173,214,118,119
174,217,111,118
172,217,113,119
167,218,118,119
168,217,116,119
169,221,116,116
170,218,118,115
170,218,117,117
173,223,119,115
172,219,119,121
173,222,120,116
174,219,119,116
177,222,117,112
181,218,117,119
183,221,118,122
187,222,115,120
187,221,118,121
189,226,116,122
184,225,124,119
189,226,124,124
190,230,124,113
193,235,120,113
193,227,122,123
196,230,124,128
197,226,123,125
196,228,131,127
197,219,125,130
196,224,130,124
204,228,121,125
203,216,123,132
206,217,122,130
205,220,127,132
205,214,131,141
210,203,129,153
206,200,144,159
212,212,132,149
217,218,127,134
214,204,138,155
211,196,144,163
218,205,138,152
223,219,131,138
224,224,134,134
223,225,132,132
228,231,130,130
225,238,140,117
230,233,136,129
229,226,139,130
230,227,137,131
235,229,133,131
235,221,133,141
233,225,135,134
235,232,138,125
235,236,136,123
237,237,137,126
237,234,136,122
239,229,135,133
237,225,134,133
245,233,137,119
245,228,135,122
249,222,138,133
249,221,138,137
260,221,137,129
267,229,135,129
274,226,128,125
276,219,135,136
285,219,131,137
286,222,136,127
290,223,134,132
295,213,134,141
302,214,135,137
300,211,137,142
302,208,140,139
307,217,137,137
315,220,133,133
319,214,131,138
323,218,132,128
325,226,132,121
329,225,131,125
323,215,141,134
319,220,141,132
309,220,155,129
324,216,142,138
332,221,130,129
332,221,134,126
335,220,131,125
340,221,128,132
344,221,129,128
348,219,133,131
351,221,135,129
353,222,132,134
355,214,132,143
357,215,139,134
367,234,130,115
374,233,128,118
378,227,130,123
382,223,128,125
384,218,132,129
387,220,134,126
388,220,139,123
389,219,134,127
394,215,132,125
393,214,130,128
395,215,132,122
391,214,134,121
393,213,130,124
396,215,129,122
396,212,131,124
395,216,131,119
397,212,132,127
396,208,134,129
402,215,128,121
406,213,126,122
403,214,132,122
403,211,132,121
405,212,128,123
415,206,122,126
411,208,125,125
421,204,117,126
419,202,128,129
426,202,124,131
427,201,128,129
422,205,135,126
427,205,131,127
433,206,130,128
432,207,134,128
439,206,125,130
436,204,129,130
436,206,130,128
435,207,134,130
436,210,134,128
440,210,129,128
438,209,134,131
437,212,135,130
438,210,137,128
440,212,135,130
440,214,140,129
440,212,142,132
441,216,137,130
436,212,145,131
441,216,143,129
441,210,138,135
442,217,143,132
443,216,142,131
444,216,141,137
442,222,149,129
442,213,140,132
444,222,145,132
443,210,142,137
445,220,143,133
444,213,149,136
445,215,146,134
445,216,150,135
443,215,151,132
448,214,142,132
447,220,149,134
444,215,151,132
445,217,150,143
447,219,153,134
443,205,146,140
439,215,145,139
436,212,139,136
432,212,135,139
427,208,141,136
421,206,138,135
409,207,143,130
412,208,131,129
403,205,131,132
395,204,137,129
388,203,127,124
381,204,121,127
379,205,124,125
370,200,122,123
366,200,124,125
358,195,121,122
354,200,118,122
353,196,119,121
350,200,118,118
347,200,116,118
346,198,112,117
349,201,114,114
349,198,111,113
351,199,113,114
353,196,111,114
357,194,111,114
361,187,108,116
359,189,113,111
367,187,106,112
367,187,108,110
368,187,112,107
377,182,106,108
382,181,107,101
392,175,105,106
392,174,105,106
403,171,100,94
402,170,108,90
410,169,101,79
413,167,99,75
414,165,103,69
421,161,98,74
427,159,95,74
430,159,94,68
430,159,94,68
430,159,94,68
430,159,94,68
430,159,94,68
430,159,94,68
441,152,106,58
444,151,107,47
448,150,110,53
449,151,106,56
447,153,114,57
448,155,112,54
451,155,108,56
449,158,112,42
454,161,101,31
450,161,99,30
447,158,90,30
444,158,85,35
444,158,85,35
444,158,85,35
422,197,75,41
417,189,73,48
471,167,73,50
422,179,64,52
427,174,51,60
425,176,51,53
424,177,50,52
424,178,51,46
427,178,48,45
426,175,49,44
426,173,49,43
424,170,52,49
426,167,48,45
428,163,46,42
428,162,45,46
425,166,49,53
425,161,51,63
424,159,52,63
424,159,55,66
424,161,51,62
426,161,48,57
426,161,51,58
426,160,51,62
427,157,51,67
426,156,53,67
427,155,52,72
428,156,48,70
428,158,50,70
428,161,49,68
426,166,52,58
425,174,49,50
422,183,51,46
419,189,46,41
417,196,42,35
416,200,39,29
417,200,32,27
437,148,35,27
434,148,38,28
433,148,36,33
430,153,36,32
428,152,39,32
425,151,37,30
417,151,36,29
437,154,42,33
422,152,48,34
421,153,51,34
405,156,52,26
370,212,47,27
364,216,38,31
358,220,33,33
356,220,33,34
350,225,31,36
345,227,36,42
339,230,39,45
332,233,39,44
331,235,38,42
325,238,36,40
319,238,42,40
313,238,48,42
307,237,48,42
308,238,45,42
302,238,46,45
296,238,44,48
291,241,45,49
281,240,53,54
278,241,58,53
273,241,63,55
264,245,71,52
256,242,81,58
249,249,78,52
247,252,76,50
240,255,87,45
237,256,85,45
230,256,73,42
228,251,62,48
228,250,61,51
224,247,59,54
222,248,56,54
217,249,53,52
215,250,48,51
213,253,46,47
209,256,44,44
207,258,39,41
206,261,34,36
204,261,33,34
202,261,34,33
201,260,33,30
200,258,30,25
211,197,34,23
204,194,32,24
207,193,34,27
203,191,36,30
191,188,38,33
187,188,30,36
185,188,22,36
187,187,21,36
183,188,22,37
179,191,23,36
177,188,28,37
177,188,28,37
177,188,28,37
177,188,28,37
177,188,28,37
177,188,28,37
144,253,25,39
141,253,28,37
138,253,28,32
136,259,30,27
134,255,34,30
132,251,33,33
131,250,38,35
133,249,38,34
139,248,35,34
147,248,34,31
151,253,33,26
160,255,33,26
164,254,28,25
173,254,22,19
180,254,17,16
180,254,17,16
180,254,17,16
180,254,17,16
180,254,17,16
180,254,17,16
208,234,18,14
211,232,21,18
214,233,23,18
216,227,28,21
229,211,27,26
197,201,33,33
195,199,33,36
202,195,44,43
191,190,54,50
189,189,53,55
188,188,58,62
184,186,76,70
176,185,87,73
174,189,97,72
177,188,105,77
175,179,104,88
174,162,104,107
171,161,105,116
172,165,101,118
165,170,109,116
160,172,108,112
161,172,113,111
159,173,113,109
163,171,111,112
161,169,112,113
161,171,115,109
163,168,114,112
165,165,112,112
165,164,115,112
166,163,116,114
171,159,113,114
167,161,112,111
171,160,117,115
180,161,113,118
188,167,108,117
191,170,114,117
180,171,123,118
184,174,129,124
191,170,125,129
199,177,118,127
201,176,126,132
208,179,127,132
204,179,124,128
212,182,126,132
217,184,128,134
224,188,126,131
232,192,126,130
232,189,129,133
239,195,130,130
243,194,126,131
251,199,124,126
251,200,129,124
261,198,123,125
263,197,128,130
261,200,134,124
264,187,139,133
270,186,136,126
272,183,135,132
275,183,138,133
285,179,135,131
285,178,140,133
291,179,135,123
292,173,144,133
296,175,140,128
303,174,132,128
311,159,135,134
319,168,126,135
319,163,132,140
321,161,133,128
329,155,129,133
331,156,133,131
336,162,129,123
331,153,137,133
332,163,133,122
344,155,128,132
340,169,135,116
344,161,133,126
354,154,131,133
346,151,133,132
349,147,132,138
353,158,135,135
351,153,146,127
351,156,143,135
353,143,148,136
358,154,139,132
366,150,136,135
375,152,132,137
368,152,133,133
374,155,142,140
381,153,129,135
371,158,141,136
372,157,145,137
375,152,139,136
381,158,133,141
382,152,131,140
393,156,123,140
387,149,128,145
391,159,127,140
382,152,134,142
386,157,133,139
371,161,140,135
385,156,132,138
373,157,144,137
378,153,139,140
385,162,132,138
374,155,140,142
376,158,139,138
379,158,133,144
379,151,133,143
378,158,135,144
370,159,136,136
377,161,133,144
366,154,141,148
370,156,135,144
361,152,142,145
366,157,135,141
354,155,146,140
355,161,143,132
356,152,133,142
350,160,147,136
350,148,138,137
359,152,136,140
356,146,141,138
364,146,145,139
364,151,141,130
367,149,143,145
376,145,136,140
369,144,140,146
377,158,133,137
376,161,138,146
363,170,143,144
361,177,144,146
355,177,136,145
367,178,123,143
360,181,131,144
346,175,146,144
335,177,151,147
330,181,147,141
324,176,152,144
321,170,150,145
336,174,140,148
323,169,149,149
321,175,159,144
321,171,157,147
327,175,156,154
326,176,158,153
323,180,165,159
327,186,167,152
332,192,162,156
336,194,161,159
328,205,168,147
330,202,165,153
327,205,166,148
337,203,149,152
320,208,169,147
323,211,165,149
323,214,164,143
315,216,173,141
318,220,177,132
313,214,177,140
315,212,176,145
314,215,181,140
317,215,173,143
319,210,180,140
312,209,188,149
320,209,185,142
319,212,180,153
319,223,190,130
317,210,194,151
313,218,195,141
319,211,189,150
327,213,187,157
322,213,195,144
322,226,199,138
321,229,204,128
333,235,187,125
334,236,190,123
337,240,189,122
337,243,188,115
345,245,184,114
348,244,180,116
347,244,177,114
349,238,178,121
346,241,180,120
335,241,191,120
341,242,184,118
332,237,191,122
342,242,185,120
336,238,187,120
342,242,183,115
346,243,176,118
353,242,172,115
343,245,179,114
344,241,183,119
358,245,169,114
349,241,176,117
338,247,186,114
337,243,185,120
346,240,176,116
337,242,178,123
328,241,184,120
332,241,182,123
327,238,176,122
327,240,176,123
326,242,169,118
320,243,169,117
316,244,169,117
313,238,164,120
315,253,162,116
315,245,159,112
323,243,143,115
315,240,149,117
308,238,148,122
320,243,130,115
314,241,130,118
320,233,121,124
311,233,127,122
304,229,130,128
288,231,143,128
283,225,145,130
294,221,132,133
295,223,126,139
286,213,136,141
287,219,132,138
282,221,135,128
286,221,132,136
288,218,126,128
282,217,132,132
285,217,133,124
285,210,124,136
282,207,129,126
280,211,128,129
280,213,128,125
278,211,128,131
279,211,121,126
274,210,124,128
272,208,127,134
278,212,117,126
267,209,121,125
255,207,130,125
267,200,116,125
262,203,120,124
268,195,111,127
264,202,114,125
263,194,112,124
264,201,110,122
260,196,117,124
262,197,113,125
263,195,119,123
264,198,116,118
271,190,114,116
276,193,112,118
274,189,115,112
278,191,114,116
285,186,114,116
293,193,105,110
292,189,105,112
299,193,100,112
300,188,112,112
311,181,106,110
316,182,110,110
319,178,104,110
320,182,107,106
322,185,106,107
323,185,107,108
327,192,104,103
328,183,103,111
321,189,109,103
323,180,110,109
328,185,103,105
327,181,101,111
319,181,112,106
326,187,99,110
315,182,106,118
322,190,102,112
313,189,111,113
312,197,111,118
310,201,110,114
313,205,108,117
298,206,118,115
308,212,112,118
305,214,110,121
299,220,113,119
296,223,116,118
295,228,121,124
290,230,126,124
291,229,124,125
301,229,113,125
288,234,123,123
294,232,120,124
294,240,124,119
299,240,119,119
298,247,124,111
297,249,124,107
286,255,134,104
297,257,125,103
297,263,129,99
298,257,129,97
295,265,136,98
294,258,137,98
303,266,134,97
299,260,136,99
301,258,136,102
310,254,131,103
324,246,129,110
326,240,133,118
330,238,135,116
332,236,128,123
315,234,147,128
317,234,144,124
309,236,153,123
303,234,157,125
315,242,146,115
321,244,136,122
318,239,139,114
320,244,134,113
316,247,137,116
318,242,137,117
313,248,144,117
316,251,137,112
313,249,139,117
313,252,141,113
304,259,152,104
315,258,140,99
322,264,134,96
296,263,151,99
321,263,138,98
319,262,137,101
327,264,130,95
300,265,146,98
306,267,150,91
320,269,139,92
322,263,138,94
318,265,146,98
328,263,134,92
300,262,152,101
303,259,163,102
296,256,168,103
298,258,164,105
295,255,166,103
303,256,157,108
299,251,162,109
305,255,156,109
298,251,162,103
300,253,160,111
310,250,150,107
307,251,154,113
307,248,154,116
308,244,152,111
303,259,158,106
304,248,157,111
303,252,158,107
300,245,158,114
309,243,145,113
313,240,138,119
308,239,139,118
297,242,147,112
298,244,148,115
300,247,147,110
301,246,137,115
312,248,126,110
313,244,128,113
313,248,124,108
323,249,112,107
318,249,113,107
321,251,104,105
319,252,105,103
321,251,105,106
311,251,115,109
301,245,123,121
313,247,112,112
317,241,109,115
306,241,119,121
309,239,117,121
313,245,108,111
296,249,117,113
301,243,116,110
302,248,109,108
296,245,114,108
304,247,101,106
297,242,110,111
298,243,109,110
305,237,101,111
300,233,105,110
303,232,104,109
308,238,100,107
318,232,94,114
320,233,93,109
314,232,99,108
328,225,88,112
320,222,95,110
323,222,89,105
321,217,92,106
315,210,95,105
311,207,96,108
317,204,87,109
306,204,98,103
302,199,97,109
301,197,98,102
298,196,105,105
306,195,98,104
308,192,97,104
312,190,95,106
306,187,104,103
310,185,101,104
308,185,104,105
314,185,98,103
312,183,98,102
308,185,102,105
311,184,101,103
314,182,95,103
308,179,101,102
307,181,102,100
308,180,99,101
310,178,97,101
312,177,94,102
304,174,102,102
307,172,101,102
307,176,100,103
305,173,102,99
312,174,95,102
308,174,101,101
315,175,93,102
312,178,97,103
313,176,99,102
316,177,95,102
312,176,103,100
315,173,99,103
319,175,95,101
317,175,98,102
317,173,102,101
320,173,101,102
318,177,104,99
321,177,100,103
319,178,103,102
320,180,103,104
331,184,92,103
326,186,98,102
327,193,99,104
333,195,97,105
338,201,93,104
334,204,97,110
336,209,96,108
330,216,99,106
328,221,99,108
325,226,100,107
330,222,93,108
330,231,94,106
333,228,93,106
335,231,93,108
343,230,90,110
335,230,97,111
344,232,91,111
343,233,95,110
353,232,87,112
350,239,95,109
358,239,90,109
347,242,98,104
354,240,98,110
355,243,97,109
358,243,99,112
351,240,107,108
355,239,108,108
367,240,98,111
372,235,96,111
366,229,109,116
376,233,101,111
377,227,107,119
384,229,99,110
384,221,109,122
384,224,123,119
392,224,108,114
399,219,109,123
405,216,106,117
405,217,111,122
399,210,118,129
410,207,109,128
400,212,119,122
406,216,114,121
410,211,113,129
403,206,124,129
407,211,121,125
407,210,123,122
402,206,130,127
409,207,119,130
398,210,125,135
397,209,132,127
393,208,129,132
393,210,131,127
383,212,143,133
379,208,137,128
382,212,138,133
377,209,132,133
363,208,145,139
366,209,138,130
357,217,143,130
353,215,146,129
349,210,142,135
350,210,145,143
339,210,150,128
338,210,150,140
338,203,148,135
337,206,145,140
334,204,152,134
327,201,153,140
322,198,160,137
330,196,153,144
329,190,150,146
327,196,156,147
330,185,155,145
316,195,170,147
319,195,162,142
324,200,155,145
331,213,153,139
342,196,147,146
335,203,151,159
337,209,151,141
331,209,151,144
321,214,152,143
313,216,152,143
301,223,155,132
306,231,136,125
298,228,137,128
284,225,133,135
280,231,129,127
261,236,139,123
252,241,142,120
230,250,153,109
230,251,154,104
231,256,145,101
224,257,148,99
221,266,153,86
223,274,148,84
219,275,148,78
221,272,149,86
222,272,143,81
219,265,144,88
215,263,147,90
216,263,143,76
213,259,145,95
216,258,142,98
215,254,140,100
213,250,142,109
211,245,136,115
213,237,136,120
208,231,130,123
205,237,131,123
199,230,137,120
195,222,145,133
192,224,140,132
196,216,139,140
196,208,134,149
194,208,133,134
196,197,130,139
192,185,133,143
191,178,136,139
193,191,132,125
196,174,131,131
200,175,125,125
199,170,122,120
201,170,118,115
204,168,114,110
204,177,112,109
205,178,110,115
199,189,109,104
196,182,108,114
189,190,110,105
185,187,117,105
198,189,105,108
201,183,100,104
203,189,103,104
197,196,114,91
205,194,107,96
206,188,103,97
207,188,101,98
205,182,104,102
203,185,108,96
205,182,110,99
210,186,106,96
212,184,103,95
215,186,105,94
211,180,106,97
218,183,98,97
220,186,100,95
220,184,96,94
219,187,100,99
224,184,95,101
226,189,92,97
221,186,101,97
227,191,99,100
229,186,95,97
228,190,97,98
233,185,96,97
232,192,97,95
235,192,96,95
236,194,95,97
237,191,95,101
238,192,97,98
244,191,91,99
246,198,97,100
244,199,100,99
248,197,95,102
251,204,91,100
248,207,93,95
248,206,93,99
247,207,89,96
243,212,94,97
239,207,99,103
244,209,89,96
240,208,89,99
235,212,91,95
230,210,98,93
227,212,98,96
227,211,95,97
224,210,94,99
221,213,93,93
220,208,94,97
214,212,98,96
214,211,99,100
215,212,96,93
217,211,95,100
215,206,99,103
215,215,96,94
215,211,99,100
212,214,101,98
214,214,95,98
212,217,99,96
214,215,98,102
214,208,96,97
213,207,96,101
213,210,95,97
212,211,94,96
209,208,97,95
207,210,94,92
208,208,93,96
205,206,93,92
204,208,94,96
203,209,89,94
200,207,94,90
195,206,97,89
196,200,93,95
197,204,93,92
196,202,91,90
195,202,90,92
194,200,90,98
198,205,86,100
196,209,85,90
196,207,86,90
195,206,89,93
197,206,87,93
202,202,82,96
203,208,81,93
207,205,84,87
220,205,78,93
235,205,75,89
238,195,78,90
240,188,76,89
244,180,74,89
247,169,78,90
242,156,81,88
238,149,80,90
234,142,81,90
230,137,81,90
225,129,89,90
218,122,75,92
211,119,85,87
204,115,81,90
200,111,85,91
196,107,82,92
191,102,93,92
187,98,86,90
182,93,90,92
180,92,97,85
180,92,87,89
180,93,84,88
180,91,94,89
183,88,98,89
186,80,94,91
191,76,97,90
193,69,97,91
197,67,94,88
201,64,96,86
205,60,95,90
208,56,93,90
210,57,93,87
212,55,94,88
212,53,92,86
210,50,90,89
211,48,95,88
212,43,91,89
212,42,90,89
213,43,86,90
210,42,87,88
212,44,89,89
208,46,90,88
211,48,87,86
212,49,87,90
215,53,86,89
215,56,87,88
212,57,86,88
211,61,73,90
208,62,80,91
207,63,78,93
206,69,77,87
205,70,78,91
205,76,76,86
203,77,75,82
202,78,76,82
202,73,73,85
203,69,73,80
205,62,70,82
210,58,68,79
212,57,71,76
213,57,74,77
208,59,74,76
210,64,73,75
208,62,76,77
212,65,73,79
214,67,73,75
217,67,72,78
219,62,74,78
220,62,73,77
224,56,72,74
229,48,73,76
238,41,71,71
245,27,71,74
247,24,71,74
254,11,71,74
258,2,74,79
264,-2,74,74
273,3,70,59
282,3,64,55
291,3,63,55
293,1,66,59
304,3,66,62
312,2,65,67
315,2,66,68
319,2,68,70
324,3,64,68
327,5,67,67
333,3,65,66
331,5,65,67
336,5,63,67
338,4,63,66
342,4,64,66
346,5,64,65
344,3,67,67
347,4,66,66
347,2,68,66
349,2,64,61
351,2,63,56
350,2,65,56
351,1,64,53
350,-1,65,50
351,-1,66,47
348,0,68,42
348,2,66,38
348,0,61,34
340,0,70,32
337,2,67,29
330,2,65,29
329,1,56,29
319,3,57,31
315,1,60,39
301,0,71,49
289,1,73,53
284,0,77,61
274,1,72,67
263,7,76,73
256,18,72,77
253,32,69,79
254,34,66,78
248,41,71,79
246,46,71,78
245,52,70,76
242,56,70,75
242,59,70,72
240,61,71,69
235,63,74,72
232,64,73,72
230,68,71,72
228,70,76,69
227,69,70,73
223,72,70,72
218,75,69,69
213,73,71,72
213,73,71,70
206,76,71,71
201,76,67,70
192,79,72,69
182,80,77,67
173,77,80,69
163,75,81,70
155,76,77,71
147,75,77,71
136,73,80,69
129,71,77,73
122,69,79,71
118,64,78,73
112,61,78,74
111,58,72,76
104,56,77,73
102,54,74,74
100,53,75,69
98,53,75,72
97,53,72,76
93,56,76,73
90,60,75,75
87,69,76,76
80,76,77,75
78,85,74,74
76,92,74,71
73,93,74,76
70,100,71,72
65,104,73,72
61,108,73,73
54,111,73,69
50,114,72,68
45,116,71,66
39,118,72,68
34,119,75,68
32,118,70,66
27,120,72,68
22,118,72,65
11,118,77,70
6,120,79,68
4,121,76,68
3,118,72,68
2,118,69,69
0,113,72,70
2,118,65,70
1,116,64,70
1,118,60,72
0,122,57,71
-1,124,58,76
-1,131,54,75
-2,131,44,79
-2,133,40,78
-2,137,35,75
-2,140,33,71
-1,139,33,73
-1,136,33,77
-1,138,34,76
-1,137,35,80
-1,137,40,83
-2,140,43,80
0,143,46,79
2,147,47,78
0,150,55,80
0,152,61,83
0,154,67,83
-1,152,70,86
0,148,75,92
1,151,78,90
4,150,80,92
2,152,86,94
2,153,90,94
2,157,92,93
3,160,92,102
6,167,95,97
9,172,92,105
7,170,98,102
10,177,101,107
5,181,109,101
5,184,113,105
10,188,105,101
6,186,110,102
6,187,116,107
7,188,119,109
15,187,115,110
19,185,117,113
20,181,115,116
31,183,108,118
35,183,111,118
46,185,105,114
51,183,106,113
49,183,109,112
50,179,114,113
51,172,113,117
56,174,115,122
64,171,110,118
60,170,118,124
63,167,120,123
71,171,113,124
75,173,120,118
82,170,115,118
82,170,117,123
88,169,118,127
93,163,110,116
100,168,108,119
104,163,109,115
104,164,112,113
108,164,113,119
113,151,110,125
120,156,103,119
120,157,111,120
121,159,105,110
127,161,109,113
131,150,106,120
139,151,103,117
143,150,105,120
146,151,106,116
153,156,104,110
162,145,102,121
168,144,105,116
176,146,105,112
178,144,104,117
188,147,102,111
192,148,98,108
203,148,91,112
208,149,90,104
209,151,92,108
218,142,89,108
224,136,87,109
229,137,85,107
234,137,83,102
236,138,79,103
239,136,77,98
244,134,73,101
248,137,68,96
249,135,65,99
249,141,65,94
254,139,59,90
261,139,50,95
263,140,47,88
267,143,41,86
272,144,35,85
275,148,33,78
279,148,27,74
282,146,22,73
282,142,20,73
284,139,16,72
285,146,13,72
344,151,18,72
337,151,26,71
331,153,34,73
329,155,47,70
324,140,61,84
319,137,71,88
321,135,73,91
317,133,80,90
319,133,77,90
319,130,81,90
320,130,82,89
319,124,84,95
321,125,89,94
322,123,89,94
324,125,89,91
330,120,89,95
331,124,87,94
336,121,89,93
338,123,90,92
342,118,90,94
343,122,95,94
350,122,86,92
351,120,92,94
353,116,92,94
361,120,91,86
365,117,94,88
366,115,97,93
376,113,90,89
378,112,95,89
383,110,91,93
389,107,92,89
391,112,92,92
394,112,95,93
396,114,100,91
402,116,97,89
406,119,95,91
410,117,97,92
416,120,94,94
421,119,97,93
429,121,93,95
428,122,101,92
432,125,103,93
436,127,102,94
437,129,101,96
443,130,97,94
438,134,103,91
438,136,100,90
436,137,97,95
429,136,98,93
426,138,98,95
422,140,99,97
418,136,103,97
410,139,104,98
411,133,101,95
406,141,100,93
405,144,103,92
405,143,100,95
404,143,103,91
406,143,102,94
407,140,100,93
409,144,97,95
408,141,102,94
408,143,102,97
406,141,106,95
407,136,104,94
409,141,99,96
408,134,105,96
409,134,102,93
410,133,105,96
409,131,103,100
407,137,104,97
407,136,104,95
409,134,100,96
408,133,105,94
408,136,103,91
409,134,101,94
406,131,102,94
407,131,102,92
408,134,101,93
405,131,102,92
407,124,94,92
405,125,104,89
407,120,96,94
406,124,97,91
404,122,101,90
406,124,97,87
407,119,94,92
407,119,92,88
406,121,97,92
406,121,94,91
406,119,97,89
407,119,96,90
408,122,96,93
408,116,97,95
409,118,98,91
408,115,99,98
408,119,99,90
410,113,99,91
409,114,100,91
411,112,99,95
410,106,98,93
411,111,96,92
412,114,101,92
412,111,101,88
410,110,99,91
410,112,97,96
407,115,100,90
407,116,96,95
403,122,103,90
397,124,106,93
400,124,100,93
392,128,107,91
397,138,99,91
397,139,98,92
395,143,101,91
400,143,96,91
399,146,98,90
399,143,99,92
399,145,99,91
400,147,96,91
401,151,96,92
400,152,94,94
397,154,97,92
397,157,94,90
395,159,91,100
392,163,95,94
390,164,94,88
390,157,91,90
387,158,94,88
378,151,98,85
379,145,95,87
379,144,87,89
372,143,91,87
373,137,88,86
369,136,92,85
370,130,89,86
370,130,89,82
367,122,89,84
366,117,91,85
369,115,86,87
366,107,90,87
364,110,93,84
370,111,90,86
371,101,92,89
377,104,87,91
377,99,95,95
382,97,95,90
388,96,97,89
393,91,96,88
400,91,98,88
405,89,96,89
409,89,98,92
411,93,103,89
419,96,98,92
421,97,99,92
424,102,100,89
427,104,98,94
429,107,99,92
435,108,98,93
437,110,101,88
440,111,101,92
443,109,102,89
445,111,102,93
447,112,102,93
450,114,100,93
451,118,102,93
452,120,100,93
454,125,100,89
454,127,101,89
453,128,103,89
453,125,97,90
450,128,97,94
450,128,99,95
448,131,101,92
446,133,102,92
448,133,94,88
449,133,98,91
445,133,100,94
445,135,100,95
445,141,99,92
447,142,101,93
444,149,101,89
440,151,102,90
445,153,97,97
446,158,94,89
444,160,94,88
441,155,99,92
438,155,98,94
438,155,99,89
435,152,99,89
434,148,98,89
434,145,95,89
429,141,99,90
428,141,98,93
429,143,94,85
423,140,100,90
423,138,96,91
423,139,96,102
417,143,99,100
421,145,98,94
419,152,96,100
420,155,99,94
423,163,99,96
426,173,98,97
424,177,100,95
431,185,99,93
430,191,101,94
435,194,98,93
439,197,98,94
438,196,98,93
446,200,96,95
446,198,100,89
446,200,99,91
448,200,97,94
450,199,97,95
445,199,96,90
439,200,98,92
430,201,98,90
428,202,93,86
423,200,95,91
414,195,94,89
406,193,95,89
397,190,92,85
388,184,92,85
382,180,90,84
371,176,93,85
363,175,90,80
356,173,89,80
348,164,87,81
346,165,88,84
344,161,83,79
337,159,86,78
332,153,84,80
330,152,82,76
327,151,85,81
322,142,85,85
322,142,83,81
313,141,82,79
304,140,84,80
303,138,81,80
297,142,79,81
290,140,79,76
284,137,79,82
280,133,80,79
280,136,80,78
278,134,80,75
280,134,78,80
280,135,79,73
285,128,78,80
285,130,77,81
288,133,78,76
294,133,78,80
295,134,84,81
305,141,79,76
306,143,79,78
309,144,78,82
310,147,76,78
311,150,77,77
311,156,80,78
316,155,74,80
312,161,77,80
311,171,78,77
307,174,78,82
304,181,75,80
298,191,81,82
301,195,81,79
303,200,82,84
303,207,78,80
303,206,75,78
300,207,78,80
302,208,79,76
300,208,78,79
296,210,80,77
297,211,79,81
299,217,82,81
298,223,79,82
291,228,79,77
284,226,74,81
274,230,75,82
265,233,80,82
252,238,76,83
241,242,77,83
235,246,76,86
229,253,76,87
226,260,76,86
222,262,78,87
217,267,77,87
219,270,77,87
221,271,79,87
231,273,70,83
231,265,66,85
223,253,71,87
222,247,68,85
219,239,72,84
216,232,74,82
213,226,80,80
223,220,74,78
219,215,76,77
213,209,77,78
211,206,74,77
210,202,74,79
209,199,73,82
208,198,73,82
205,198,71,79
200,194,75,80
197,193,75,79
192,188,76,79
191,185,75,83
191,185,77,81
192,183,76,82
190,181,77,83
193,183,73,84
194,182,72,84
194,185,76,76
194,185,76,79
195,183,76,82
198,177,75,82
197,180,77,80
198,180,74,80
200,182,70,80
200,178,73,80
198,178,72,77
203,176,63,78
201,175,64,81
200,177,67,78
198,174,66,80
199,175,65,81
198,178,65,79
200,180,59,76
204,183,57,75
203,176,56,80
189,170,69,85
174,169,80,85
160,165,94,84
158,163,97,85
152,162,101,75
143,154,109,79
133,152,115,79
128,148,119,79
128,148,120,76
120,144,126,82
120,140,125,87
113,137,129,92
109,137,127,91
110,136,127,92
108,136,119,92
98,135,131,91
91,136,132,93
84,136,135,95
85,139,134,90
73,138,140,91
68,138,141,93
57,139,147,94
52,142,148,86
46,143,154,86
41,137,153,90
81,148,143,73
44,141,144,81
74,136,123,83
85,141,103,78
89,140,89,81
88,140,90,77
82,138,82,79
74,138,89,82
72,138,91,82
69,142,88,79
62,145,92,78
58,145,93,78
55,144,95,76
53,146,93,77
55,145,94,74
55,146,94,76
57,141,88,77
61,141,83,78
60,141,77,77
69,143,80,80
80,144,74,76
90,146,76,76
108,146,70,74
110,146,68,73
125,145,70,73
134,143,75,74
143,140,83,71
154,136,82,72
156,136,72,72
168,136,73,73
180,134,69,71
187,134,59,72
200,133,64,73
198,136,74,70
212,139,66,71
220,141,53,67
221,141,46,67
227,139,42,67
235,140,43,68
240,140,41,68
245,141,44,72
251,141,48,80
251,151,38,74
253,156,48,71
260,155,60,74
268,151,64,76
275,151,72,74
290,149,74,68
305,143,74,68
320,137,73,64
342,123,68,73
351,115,72,74
363,106,77,73
374,99,79,74
383,93,73,71
396,84,73,78
402,81,77,78
409,84,77,74
420,82,74,78
425,84,79,79
436,86,76,77
442,86,76,80
453,90,70,79
452,92,71,78
448,96,82,75
455,101,75,79
451,106,82,81
454,110,76,80
451,120,84,77
454,124,85,79
454,123,80,78
451,123,84,77
449,125,82,77
449,128,79,77
445,129,77,79
440,133,77,76
435,136,75,74
432,139,72,73
425,136,76,77
416,137,76,72
413,135,76,74
413,133,74,75
408,130,75,74
401,132,74,70
387,133,77,72
376,137,72,76
353,149,76,72
332,163,76,73
315,175,73,71
295,186,71,69
272,196,73,71
257,200,73,73
229,203,78,76
212,208,73,80
196,216,76,79
178,223,75,85
160,233,78,89
143,242,79,90
136,251,83,92
132,252,84,96
123,258,83,95
115,267,84,89
106,271,91,83
103,270,89,82
100,267,95,87
98,265,91,88
94,261,93,87
90,251,91,89
84,241,87,87
79,239,92,86
72,231,93,86
65,226,95,84
59,221,97,84
59,217,100,82
61,215,92,86
60,216,94,82
59,214,97,84
59,215,89,83
56,217,94,85
58,218,91,80
58,217,97,82
57,214,100,80
54,208,99,82
56,201,97,85
52,198,100,86
52,195,100,81
55,186,93,81
51,177,98,82
55,166,94,85
52,164,96,83
52,155,94,82
51,151,95,84
53,147,95,80
54,140,95,83
54,137,94,85
56,133,93,83
58,130,93,82
65,128,92,83
69,131,90,78
67,130,93,75
71,133,89,76
73,132,87,86
79,139,86,84
83,142,85,80
83,145,86,75
95,149,81,73
104,148,79,72
109,151,81,68
118,149,78,74
117,150,79,69
125,149,77,70
129,146,76,69
136,146,72,67
141,146,73,67
140,144,77,69
142,145,75,69
147,148,74,69
156,151,71,71
163,155,73,70
161,157,75,68
168,160,72,66
174,159,71,64
183,157,70,65
190,154,67,66
188,154,73,65
200,151,66,66
203,148,63,65
208,145,64,64
216,143,64,64
216,141,68,66
225,139,67,66
235,133,62,68
242,129,62,66
247,129,68,68
257,134,65,69
265,144,65,65
267,150,61,67
263,155,62,68
261,159,64,70
257,167,68,66
259,167,65,67
266,166,62,67
271,167,60,64
270,167,66,65
274,170,64,67
284,173,59,69
279,178,63,67
278,184,61,69
276,192,58,73
271,202,64,67
274,207,57,69
270,211,63,69
270,214,65,68
271,213,65,67
271,211,63,67
278,208,60,66
275,204,64,68
279,201,63,64
275,197,69,65
279,193,67,68
283,193,64,64
287,191,62,66
281,190,67,66
283,189,67,65
285,189,66,68
288,190,65,66
289,192,65,65
283,191,68,68
288,193,61,64
286,194,65,68
284,197,67,67
286,199,61,66
280,196,66,68
275,196,68,64
284,195,61,69
282,196,63,66
275,198,68,64
276,196,69,66
280,197,67,64
279,196,67,66
283,196,65,64
284,196,62,65
282,195,66,68
288,196,62,65
285,193,65,66
289,192,63,68
287,193,66,66
293,192,60,66
289,191,67,69
293,192,62,64
289,190,67,68
297,192,62,64
292,190,65,67
297,190,62,66
300,190,60,65
301,191,63,63
304,190,63,66
308,190,61,68
314,189,61,69
311,190,64,66
317,191,63,67
324,191,60,69
328,193,63,68
333,193,64,68
338,195,61,66
344,196,64,64
349,199,63,66
355,202,60,67
351,203,66,71
353,207,64,65
357,209,60,67
