375,92,103,115
377,96,91,97
376,94,91,103
377,96,88,102
376,95,93,103
378,95,86,100
378,96,86,101
377,95,92,102
376,93,86,111
378,95,86,105
375,94,89,108
375,93,87,109
374,94,88,106
372,93,89,106
371,92,88,108
369,92,90,109
368,92,89,108
368,90,90,108
369,88,88,109
368,88,95,109
368,92,98,108
363,102,96,103
354,106,101,105
348,106,95,116
343,106,92,114
339,105,96,115
333,103,94,117
327,104,96,114
324,112,100,110
320,118,101,109
319,122,98,113
318,127,96,110
323,129,87,106
327,129,91,112
331,131,93,115
340,130,92,107
351,127,95,114
370,128,94,106
390,129,94,110
398,126,97,109
412,124,92,109
420,126,97,113
416,127,100,112
411,133,104,106
413,137,98,110
411,137,93,112
410,139,97,112
406,141,99,109
399,140,96,112
401,139,90,113
395,139,93,110
393,140,88,110
386,139,99,99
388,134,94,107
382,131,97,107
382,127,99,104
393,123,97,106
395,121,101,103
411,118,95,101
424,111,95,102
438,104,102,104
462,95,99,98
485,86,101,103
503,77,110,109
502,76,125,111
507,73,118,109
506,68,119,107
514,66,111,114
505,68,118,110
502,69,126,119
497,78,134,121
496,81,131,120
488,84,125,117
486,85,122,119
479,88,114,118
478,89,110,114
474,94,111,115
473,95,106,112
462,99,114,119
449,104,103,109
429,108,106,115
411,114,102,103
393,119,102,101
371,124,106,100
359,129,102,102
337,135,100,95
328,132,100,109
322,129,95,114
308,131,96,106
297,133,99,109
295,130,102,112
288,131,96,113
290,131,96,108
293,128,107,112
301,130,102,116
303,126,107,115
307,124,102,115
309,125,103,116
315,127,108,116
322,127,110,117
338,126,110,120
368,125,95,106
415,126,103,105
443,127,111,111
442,122,129,118
448,112,129,116
451,103,135,114
443,102,130,118
427,100,127,113
421,98,122,105
406,93,120,99
400,84,114,110
393,81,115,107
380,86,115,107
367,87,114,106
347,83,123,101
327,82,120,94
315,78,114,93
302,78,109,103
299,84,106,99
300,91,103,99
303,100,103,98
305,108,104,98
309,114,101,102
309,121,101,97
308,126,100,96
309,131,97,95
311,130,97,96
315,130,95,99
318,132,94,95
318,133,94,96
316,133,98,99
314,136,96,94
313,136,98,92
315,134,102,92
317,127,107,88
316,118,108,88
321,107,108,91
320,94,103,92
302,95,116,96
288,91,111,98
289,76,114,100
295,63,116,102
302,47,116,107
309,37,116,112
317,28,114,113
322,27,115,114
332,26,113,115
344,26,122,114
359,25,120,115
373,20,114,121
360,22,110,117
349,25,110,116
339,34,111,111
341,42,110,111
346,62,108,106
353,79,109,104
354,86,111,102
346,86,110,100
334,74,108,92
316,52,109,92
317,27,110,96
326,8,113,96
333,2,108,87
341,3,108,72
360,2,91,55
377,4,84,53
392,3,83,52
407,3,79,55
421,3,82,57
432,3,87,65
433,3,94,64
459,4,99,83
453,13,111,91
453,21,111,92
452,33,112,92
446,42,109,99
440,52,106,94
439,62,108,92
439,73,110,96
435,79,105,102
436,88,107,100
434,95,108,99
436,96,104,103
435,95,108,101
437,94,104,103
436,94,105,98
440,93,104,104
438,96,109,102
440,97,109,100
440,100,107,101
442,99,104,103
443,101,106,100
445,103,107,101
449,107,105,98
447,107,110,100
452,113,110,97
452,114,105,96
455,116,108,100
457,125,112,97
465,133,107,94
470,132,107,100
474,134,112,98
480,137,109,103
490,138,103,99
496,141,107,101
502,145,112,101
504,149,111,104
506,155,104,100
505,158,111,104
506,164,106,101
505,166,106,101
507,167,105,102
508,168,110,97
507,164,109,98
506,164,110,95
506,162,109,91
510,156,108,99
511,155,108,97
512,152,112,97
513,151,108,96
519,148,108,101
519,152,111,98
523,150,110,105
523,151,109,104
523,150,107,103
518,152,104,99
511,154,104,95
504,155,105,98
494,158,99,96
489,156,100,100
484,157,92,98
474,158,98,92
462,160,88,90
453,157,83,94
440,156,85,95
430,153,85,96
420,153,89,92
412,153,86,89
404,153,82,87
397,158,83,86
388,162,82,82
378,162,88,85
371,166,88,87
366,170,80,84
363,171,75,83
365,171,75,80
367,171,80,84
363,174,79,83
369,173,72,82
366,170,77,83
368,170,74,83
368,168,73,85
362,169,75,83
362,170,75,78
365,169,76,78
369,165,76,82
372,162,75,83
375,164,77,82
378,161,77,86
383,161,76,86
384,166,77,83
393,169,77,85
392,185,79,76
387,188,78,80
391,190,77,81
401,192,73,84
404,194,76,82
415,202,70,74
420,193,71,78
419,186,79,81
422,183,82,86
423,179,83,94
423,183,84,85
424,186,84,85
427,188,81,84
426,188,83,88
428,190,85,83
431,193,84,84
432,193,83,87
436,192,84,88
445,190,81,92
443,194,88,84
450,197,84,83
457,199,83,84
464,197,81,87
467,198,84,84
478,197,78,84
493,191,72,94
503,198,79,92
512,204,84,86
514,196,89,81
527,184,97,90
523,173,94,87
521,161,108,85
526,147,100,93
522,138,94,96
528,130,88,95
521,130,92,94
509,130,92,90
486,125,110,92
474,122,101,89
464,110,101,98
448,99,108,99
441,86,100,97
438,81,91,94
427,79,90,94
419,80,91,95
412,81,84,98
396,86,88,99
383,89,94,98
377,94,92,92
370,96,92,95
367,99,92,99
363,104,88,96
344,99,92,98
349,97,91,105
352,98,92,104
359,100,95,102
360,99,97,106
371,98,97,110
384,104,100,108
389,104,110,106
388,103,109,110
378,102,99,113
351,99,102,106
323,101,97,104
295,101,101,101
271,101,109,110
251,97,119,113
231,98,116,117
211,105,124,107
198,104,127,107
225,102,116,103
237,106,126,105
232,112,129,101
212,110,132,105
197,108,130,112
185,106,136,115
171,100,137,114
165,101,143,112
164,101,145,119
161,107,147,112
166,112,147,114
172,115,149,119
180,117,148,115
189,125,152,116
209,139,150,117
227,148,144,120
245,163,154,121
273,184,146,116
284,188,140,113
297,187,150,121
307,184,153,117
314,176,156,119
326,174,149,116
333,168,162,113
347,161,162,115
356,159,163,118
366,156,164,118
365,153,167,111
380,149,157,124
384,147,162,125
377,144,167,121
375,137,170,120
373,132,169,119
375,135,164,124
378,136,160,117
368,136,160,114
353,141,166,123
345,154,158,121
335,155,159,109
311,148,155,105
285,139,156,111
271,144,151,107
261,142,154,106
244,135,156,106
245,162,149,96
237,187,159,102
246,182,153,109
244,185,145,98
200,180,148,93
147,191,151,93
89,198,151,99
57,190,169,96
42,167,177,105
34,157,175,104
44,150,163,102
53,147,160,106
54,145,173,107
81,134,162,100
82,112,175,89
103,85,164,89
133,66,160,95
149,62,164,100
175,59,155,88
199,51,160,95
217,50,153,101
239,52,159,95
262,49,156,97
283,40,151,100
287,33,161,105
297,29,148,105
293,29,151,107
294,30,153,107
295,33,155,106
295,35,154,107
283,33,154,107
273,42,149,110
257,52,153,109
241,61,151,115
220,73,159,104
210,81,149,105
209,86,140,101
196,90,141,105
184,93,140,101
166,94,149,104
155,95,153,104
151,94,155,101
147,92,152,105
156,90,137,110
168,91,127,101
155,86,134,104
166,84,116,105
145,80,139,102
112,75,172,101
117,66,162,110
114,63,162,110
128,59,147,106
146,59,125,101
145,58,116,111
131,58,131,111
123,60,137,117
134,63,124,111
115,66,136,109
119,69,131,113
113,74,134,114
120,75,125,114
119,80,132,114
115,79,138,113
109,83,136,120
122,86,126,107
122,83,124,116
128,89,126,115
120,93,131,111
119,97,131,115
114,104,144,114
108,108,147,121
97,117,160,119
102,127,153,121
104,137,153,111
114,145,135,113
115,148,136,115
119,150,132,118
119,152,129,115
116,151,137,119
116,151,133,116
114,147,136,118
111,152,139,115
113,146,138,120
114,144,133,117
114,143,136,117
116,140,136,116
114,139,135,113
116,137,133,115
120,135,136,118
120,132,135,111
117,124,137,113
116,117,141,111
108,105,148,116
104,94,155,117
88,84,172,120
69,78,188,112
74,66,191,123
77,52,192,124
79,51,193,113
86,45,191,116
95,35,183,131
94,34,190,130
97,33,185,125
96,37,190,127
101,38,188,121
112,42,180,126
115,38,180,132
120,48,176,129
128,49,178,122
132,57,172,127
131,62,177,132
121,65,159,130
88,73,176,137
83,71,171,133
83,80,174,133
96,105,172,130
127,116,158,140
143,123,160,135
164,127,152,127
188,141,152,132
204,148,153,134
214,144,159,123
235,132,152,131
241,127,155,135
250,125,156,125
254,127,147,128
255,125,152,132
259,125,149,130
265,126,142,130
247,124,138,124
227,122,149,131
211,117,150,133
198,117,144,128
175,113,143,124
138,106,143,122
105,94,162,130
112,83,161,127
112,72,162,126
103,58,158,129
107,55,160,133
101,44,178,127
132,36,153,134
145,33,152,135
159,33,146,133
171,36,148,141
172,48,149,139
187,61,137,141
194,66,136,135
206,73,131,130
206,82,135,130
193,102,129,126
176,109,135,129
177,113,137,131
175,121,131,135
171,124,132,136
160,128,133,134
152,132,140,138
143,144,133,133
138,149,137,138
137,153,135,132
142,157,137,132
136,151,141,128
124,140,148,132
118,131,145,123
128,123,137,119
127,114,135,129
125,108,135,122
125,104,134,111
128,91,136,116
139,78,136,116
147,69,136,122
159,60,130,121
175,56,126,125
183,51,132,114
193,43,124,131
202,41,119,130
201,41,119,132
198,40,119,121
201,34,120,121
214,33,122,121
222,34,118,125
230,33,113,123
238,36,116,121
243,40,112,118
247,42,108,119
249,44,108,116
249,41,110,122
257,42,106,120
262,48,113,119
271,53,119,117
283,56,117,111
292,61,132,108
303,61,111,121
310,65,104,113
315,64,108,116
321,70,111,110
329,76,108,109
335,81,109,112
346,88,109,108
352,93,105,109
360,97,107,105
366,99,110,103
373,104,111,101
385,109,110,103
401,112,106,104
413,113,106,101
422,117,107,107
426,121,103,110
430,125,99,107
426,125,101,110
420,123,113,108
428,120,111,99
437,117,112,100
442,117,111,98
452,108,109,106
454,105,121,107
458,110,114,104
459,108,116,106
462,109,118,102
467,106,117,102
474,101,116,101
483,97,111,101
484,92,119,98
490,88,122,97
510,83,118,105
514,78,119,112
518,78,116,113
521,78,116,110
514,80,120,111
515,79,125,118
516,79,119,125
517,88,115,110
509,89,119,112
504,95,120,109
499,101,122,112
495,102,121,116
491,106,119,115
496,116,110,109
489,127,111,104
483,136,120,109
480,157,124,108
474,178,123,105
469,198,120,109
462,220,123,109
458,237,125,106
458,248,125,108
455,257,120,100
461,269,112,96
454,273,117,91
445,273,123,89
439,277,129,88
438,279,124,80
432,284,128,77
435,285,121,73
430,283,119,75
429,281,121,81
430,276,119,82
422,275,126,84
420,269,129,85
423,265,123,87
420,257,124,96
415,247,127,108
427,238,113,108
420,230,114,113
423,221,107,119
419,216,113,110
415,206,114,108
412,196,116,111
417,187,116,111
417,176,118,110
424,163,116,113
427,151,119,106
424,133,124,101
433,106,125,104
435,82,134,107
438,60,140,105
444,38,148,111
451,12,157,113
459,3,131,103
471,3,120,86
474,3,116,77
481,3,107,72
483,2,110,73
485,3,106,74
484,2,104,75
489,3,98,74
488,2,106,85
488,3,106,98
474,3,118,115
457,10,135,115
450,25,135,119
441,40,129,111
433,55,124,103
423,67,121,106
405,81,121,85
390,92,123,93
376,100,113,83
356,111,124,91
343,116,113,82
324,125,111,94
303,132,115,105
281,143,117,89
264,151,112,101
239,156,108,105
221,159,110,111
211,160,110,108
202,162,107,113
193,165,109,111
177,165,110,114
158,166,111,116
137,168,122,116
122,168,123,127
105,164,127,131
101,160,128,139
93,158,132,142
94,155,130,144
99,158,128,134
108,159,130,133
112,161,130,137
114,164,127,132
112,169,131,124
120,168,127,125
122,166,124,130
124,170,124,129
131,178,130,125
139,184,130,133
140,196,131,131
145,204,131,134
149,213,131,132
150,223,131,132
149,237,134,118
156,243,128,117
162,249,130,112
158,267,138,97
168,273,132,82
169,282,136,78
174,289,134,68
182,290,123,70
181,298,122,60
188,298,113,58
169,310,129,51
176,298,118,59
172,293,118,61
159,284,129,76
150,273,136,81
147,259,135,101
145,247,129,109
146,233,128,116
144,216,133,126
144,206,134,128
151,196,132,131
167,189,124,133
176,187,120,132
179,180,126,134
192,175,122,130
201,171,121,118
210,166,117,116
213,159,119,114
215,149,114,112
224,144,112,108
228,138,111,100
238,132,105,105
243,128,111,106
252,130,107,107
257,135,105,103
259,142,104,101
263,144,104,110
262,147,106,108
262,151,105,105
264,154,101,106
267,155,101,105
262,157,99,101
260,152,105,102
260,143,107,100
257,132,115,101
262,119,111,101
261,107,110,99
259,97,105,96
257,87,104,94
255,74,103,99
255,64,105,108
264,58,99,104
271,60,93,92
281,58,94,97
288,63,95,97
296,71,95,90
302,74,95,97
304,79,96,96
312,80,91,99
317,82,90,100
322,83,90,99
326,85,97,95
335,86,97,97
344,89,93,94
351,90,97,95
363,90,93,99
368,94,98,102
378,102,94,97
381,108,95,97
382,119,95,94
382,129,92,91
376,138,92,88
368,144,97,86
354,155,91,85
334,157,96,92
320,157,95,90
305,158,94,90
284,156,104,96
269,158,99,90
247,155,103,91
228,152,104,95
207,146,110,98
187,141,103,99
170,144,103,99
155,147,105,98
143,147,105,101
127,150,110,101
116,150,107,102
103,146,109,104
90,144,112,104
78,144,113,108
72,146,110,105
73,146,108,109
80,147,112,107
99,152,110,91
121,152,118,77
169,150,128,70
181,148,121,74
207,148,104,73
229,149,105,65
264,144,117,62
302,137,108,64
339,124,103,68
376,118,98,66
406,111,97,66
426,102,109,82
448,101,116,89
459,98,112,101
472,95,120,97
483,99,127,99
494,95,125,99
506,95,117,103
518,96,112,106
525,96,115,100
537,97,100,106
549,97,92,107
556,102,85,98
561,102,75,107
565,104,75,102
561,105,75,99
554,107,80,98
546,108,86,99
534,112,98,98
517,111,105,104
493,118,102,99
465,124,96,94
439,131,105,94
417,139,94,92
399,144,91,94
383,147,91,91
367,149,95,95
350,150,93,89
338,151,88,94
321,153,93,90
309,154,92,86
304,154,91,91
305,154,86,95
305,155,91,94
311,158,89,91
320,166,98,90
330,174,96,93
336,182,93,94
347,191,95,94
348,201,98,93
356,212,97,93
352,224,98,90
351,231,96,93
347,237,96,90
341,241,96,92
332,240,93,96
323,241,94,94
310,240,98,95
296,242,98,96
285,240,99,97
273,238,95,97
257,236,104,98
247,234,97,96
237,231,94,96
225,226,97,97
211,221,101,97
194,217,102,95
179,210,105,95
167,199,117,97
150,191,107,103
127,180,109,100
99,168,117,94
86,151,123,94
71,129,134,100
63,113,130,106
62,105,127,101
70,94,120,103
73,89,116,100
79,86,116,98
80,80,119,98
86,77,117,91
90,69,124,89
101,62,125,93
121,50,111,100
135,48,115,95
147,46,109,90
164,48,108,93
186,49,96,89
205,43,96,88
226,38,90,88
245,36,91,89
264,31,88,90
283,28,84,96
297,27,84,91
313,23,86,100
330,24,87,103
346,25,90,103
365,27,89,103
381,30,92,101
394,39,99,98
409,45,94,94
423,46,96,94
433,54,101,92
439,59,108,96
449,66,112,97
459,72,112,97
467,80,108,102
474,89,108,102
478,99,109,102
483,110,104,100
484,120,108,97
486,127,106,98
485,139,110,97
486,144,106,102
485,154,106,98
479,165,114,93
474,170,100,103
465,176,100,101
451,189,99,93
431,204,94,94
401,214,100,95
384,224,95,87
365,225,95,88
352,226,93,88
350,224,94,92
343,223,94,93
342,223,97,94
335,223,90,89
329,221,87,93
321,223,90,90
308,225,95,91
301,224,88,93
289,224,88,91
268,224,93,89
250,222,91,88
226,223,92,85
198,216,102,86
180,211,109,91
169,203,103,98
162,199,99,94
151,195,103,97
142,187,101,97
131,183,108,95
125,177,108,96
113,170,114,92
95,157,125,99
85,149,116,99
78,134,114,95
74,121,115,94
80,111,117,93
91,102,116,100
100,99,117,95
114,93,116,98
128,86,110,98
146,81,104,100
156,75,104,95
176,66,95,96
190,58,96,94
207,55,90,93
225,52,94,98
244,57,111,89
258,61,110,97
276,66,103,99
294,74,93,88
309,78,104,94
323,84,95,95
332,92,81,92
333,100,84,89
334,108,82,91
330,115,81,91
326,121,78,85
324,124,74,89
317,121,78,92
316,118,74,90
313,116,80,89
317,115,75,88
320,113,76,89
326,116,79,87
328,119,78,89
329,124,79,85
329,131,81,82
329,136,83,87
328,145,81,83
332,145,79,86
341,144,77,91
352,141,76,83
354,140,78,88
347,144,83,87
344,149,80,86
339,155,78,82
331,164,79,80
325,167,80,90
321,176,75,89
316,184,76,83
311,186,80,85
315,186,78,89
318,189,78,84
319,194,80,85
319,199,84,86
324,207,83,85
327,209,80,88
332,210,78,88
335,212,79,81
332,207,81,87
336,204,81,83
335,201,79,86
336,197,82,85
333,195,80,88
333,195,83,85
332,192,85,88
329,189,85,84
335,183,83,79
335,172,89,82
340,162,88,82
344,155,86,85
351,151,85,82
359,149,86,79
368,148,85,85
376,153,84,83
386,158,86,90
396,163,83,88
405,164,82,92
409,169,83,89
420,171,79,92
419,173,86,86
422,176,86,89
425,177,86,87
422,176,90,82
420,177,94,82
424,176,89,86
424,172,91,85
422,174,88,82
421,173,89,86
419,172,92,83
419,170,89,87
418,171,91,86
418,171,90,90
419,170,89,91
420,172,88,88
418,170,90,86
424,167,89,84
424,165,91,82
433,162,87,86
440,159,85,87
438,161,92,93
437,163,92,90
438,163,93,86
439,166,91,89
434,167,93,88
433,173,89,87
428,173,85,87
425,170,84,85
421,165,81,88
413,160,78,90
404,157,86,93
382,161,92,91
364,166,86,101
347,165,78,96
328,168,85,88
321,167,77,94
312,168,78,89
302,173,82,93
303,173,78,92
301,172,78,92
299,169,79,95
297,167,83,90
295,159,82,96
296,156,80,96
290,152,80,97
290,149,82,94
291,143,93,85
307,133,95,79
309,116,93,83
312,112,89,94
314,108,92,95
319,100,91,99
321,101,85,99
319,98,90,103
326,103,93,102
327,110,95,97
333,109,97,95
342,109,100,99
343,112,94,107
341,114,96,108
343,118,95,105
348,122,104,112
347,142,108,108
343,152,108,116
342,166,111,115
347,172,111,109
364,186,112,106
371,196,122,111
359,199,122,114
336,206,128,108
327,213,125,109
328,212,122,121
335,220,124,118
336,219,127,124
335,218,132,121
338,223,133,120
336,223,135,122
334,220,136,119
329,218,136,121
325,224,141,120
328,227,141,118
321,227,146,122
327,231,142,125
329,229,142,116
322,226,136,116
312,224,140,121
307,223,144,125
302,239,148,112
289,234,141,114
271,234,136,110
228,234,130,102
193,218,132,109
148,205,156,103
138,196,150,112
109,185,164,100
92,163,168,104
77,150,167,95
59,124,175,99
54,109,168,122
48,125,171,123
46,118,181,120
57,101,186,115
81,91,176,108
87,89,175,104
108,80,178,102
110,78,180,98
107,52,177,100
112,35,185,100
108,24,184,110
108,20,183,110
140,20,164,112
199,24,163,100
264,10,151,103
334,5,142,108
357,3,156,102
360,2,174,106
381,12,186,120
382,23,179,118
373,30,167,117
367,38,163,119
343,45,172,107
330,51,162,110
312,64,170,110
298,70,163,109
282,80,158,106
266,88,168,107
268,91,159,113
269,93,154,112
271,91,146,110
252,91,156,112
243,89,159,116
169,115,158,115
166,121,162,114
161,126,164,112
159,128,166,113
168,126,158,115
163,129,162,112
159,127,165,119
158,131,160,117
163,131,157,113
157,131,162,116
162,130,156,111
152,130,164,118
164,129,155,113
156,126,159,117
149,127,165,114
148,128,165,104
149,128,161,113
148,127,165,110
141,129,166,113
134,129,166,116
125,132,163,106
115,134,158,106
93,133,166,104
78,130,162,107
70,121,158,117
72,115,140,115
45,109,155,116
23,102,168,119
16,95,168,125
4,89,168,127
3,83,161,124
3,76,156,130
1,74,154,129
3,70,154,135
1,67,158,126
2,63,153,126
2,59,157,125
4,50,158,124
3,42,166,121
7,34,161,124
7,29,165,119
9,19,169,119
8,10,173,124
0,7,178,113
5,3,173,104
2,2,187,101
1,4,188,90
6,2,186,93
5,2,194,92
16,3,180,98
14,5,187,88
38,5,165,92
40,5,161,94
39,3,167,99
44,3,160,103
37,2,167,107
60,2,150,104
61,4,148,104
62,1,147,106
60,7,150,108
58,6,152,112
58,5,161,119
55,8,160,127
48,13,165,128
62,22,155,121
52,30,162,122
48,38,169,116
48,41,170,123
43,54,182,125
46,68,175,118
43,75,177,120
44,89,174,118
54,99,165,119
56,104,165,119
69,104,152,117
57,108,155,118
56,113,156,118
48,120,167,119
48,127,166,120
49,136,171,122
46,144,178,121
43,154,184,123
57,157,170,118
45,161,185,119
41,168,189,120
36,177,195,110
43,181,184,109
55,182,170,116
53,185,171,117
40,187,183,117
36,194,188,110
42,201,180,115
44,211,186,111
36,212,191,114
48,219,184,110
52,219,179,114
54,223,177,113
49,220,185,109
51,219,179,109
43,212,186,112
41,205,186,116
34,194,195,122
44,188,177,120
35,183,185,121
14,176,203,118
16,169,197,118
22,161,186,120
30,151,173,124
33,139,163,121
22,132,169,126
21,121,162,124
13,113,167,122
4,101,165,132
4,88,154,130
4,77,147,133
0,72,145,131
-1,67,142,128
1,61,140,127
-2,56,143,127
0,50,140,128
0,50,138,129
0,50,145,125
0,49,148,133
0,50,149,131
6,54,146,136
6,54,150,133
6,65,163,140
9,71,166,136
15,79,175,131
45,90,160,129
57,96,153,125
65,93,147,121
65,91,163,131
76,101,163,113
89,98,161,123
76,103,185,122
86,109,194,111
91,111,199,110
103,112,195,122
116,110,187,122
125,113,189,117
133,113,192,118
143,111,188,122
145,112,187,126
150,113,191,127
161,112,185,129
172,114,179,128
179,112,188,129
185,113,182,132
190,107,181,129
201,107,179,130
213,103,176,129
220,96,179,132
226,99,185,130
240,97,180,120
251,100,179,128
263,97,176,131
271,93,179,142
282,98,178,133
289,95,185,131
294,102,185,136
306,99,179,138
305,102,181,137
311,99,182,140
328,104,171,134
317,102,175,141
14,96,169,133
5,96,175,127
6,95,168,132
14,90,158,130
13,94,159,127
15,93,148,121
11,91,152,123
9,91,150,124
7,88,154,130
6,89,149,128
6,89,143,128
3,91,139,124
4,90,140,124
2,95,140,122
2,94,139,124
3,99,139,122
3,99,143,127
5,104,145,128
5,110,146,132
3,115,157,127
6,121,153,121
7,124,161,118
9,130,165,117
15,128,166,123
16,127,170,125
27,130,161,118
28,128,168,118
25,127,180,119
22,125,184,120
41,123,170,116
41,125,174,113
37,122,181,115
41,119,187,120
52,114,179,115
52,113,181,117
55,113,180,115
50,114,191,112
55,110,189,109
59,110,188,120
56,110,194,113
60,107,189,119
61,111,190,111
65,105,194,122
67,112,190,117
69,108,192,116
72,110,190,112
72,112,193,112
75,109,194,115
78,111,192,113
83,111,195,107
84,107,186,117
81,108,194,112
84,108,188,110
76,103,190,116
67,102,189,121
56,100,192,124
39,99,192,121
13,98,200,125
15,99,182,129
14,97,166,130
4,96,159,126
0,96,138,124
-1,100,112,115
-13,95,89,113
-13,95,89,113
-13,95,89,113
-13,95,89,113
-13,95,89,113
-13,95,89,113
-13,95,89,113
-13,95,89,113
-13,95,89,113
-13,95,89,113
-13,95,89,113
-13,95,89,113
-13,95,89,113
-13,95,89,113
-13,95,89,113
-13,95,89,113
-13,95,89,113
-13,95,89,113
-13,95,89,113
-13,95,89,113
-13,95,89,113
-13,95,89,113
-13,95,89,113
-13,95,89,113
-13,95,89,113
-13,95,89,113
-13,95,89,113
-13,95,89,113
-13,95,89,113
-13,95,89,113
-13,95,89,113
-13,95,89,113
-2,128,76,95
-1,117,80,100
12,119,96,112
24,120,116,118
27,125,144,117
24,120,175,128
48,116,176,133
58,111,186,129
59,100,205,133
70,100,201,119
78,95,207,126
90,98,203,127
104,95,198,128
115,96,196,133
122,103,198,133
132,97,192,133
135,109,197,119
146,108,193,133
153,110,189,126
158,115,187,130
163,119,191,124
167,119,187,134
170,126,186,128
168,130,189,134
168,138,179,135
155,151,173,123
137,149,176,135
131,148,182,138
131,145,183,134
143,149,172,137
152,155,167,139
176,159,151,133
192,160,152,137
212,165,149,127
233,160,143,125
244,154,146,120
258,145,148,118
279,140,145,112
291,133,146,114
304,129,147,112
319,122,142,118
332,118,136,118
341,117,138,121
356,118,132,128
365,122,138,126
374,127,145,134
367,152,134,130
342,165,141,127
338,169,141,127
348,161,145,129
374,153,143,113
390,128,152,125
395,123,148,126
386,134,146,133
370,137,150,119
371,137,144,113
363,119,141,113
353,118,144,111
337,118,144,131
322,126,126,122
296,126,132,128
288,129,131,126
267,137,134,116
255,133,133,120
247,121,133,120
225,117,146,107
196,105,140,102
165,80,149,112
165,61,142,117
163,44,137,117
163,40,131,126
162,37,130,124
147,38,129,129
143,49,127,128
154,51,125,124
148,54,129,131
149,55,123,120
141,56,123,117
133,52,120,125
133,53,116,123
130,59,119,124
126,68,121,125
145,73,115,124
151,83,107,108
141,85,108,117
135,95,107,112
137,106,110,112
144,119,110,109
152,124,106,114
159,132,106,113
162,139,99,110
159,139,95,110
155,142,94,110
151,148,96,107
151,151,93,109
137,147,98,104
124,139,95,105
126,135,91,106
126,140,93,103
131,147,97,100
140,153,98,101
156,160,96,102
168,172,97,100
185,186,86,92
176,202,88,88
176,216,86,88
175,229,91,97
197,239,80,95
214,248,78,92
223,250,77,88
240,251,70,92
241,251,78,87
245,247,78,84
256,240,74,78
259,223,78,71
290,203,81,61
319,191,75,61
340,179,80,65
361,163,73,67
377,155,69,73
380,146,71,77
383,140,77,77
388,134,78,71
406,128,71,73
404,125,77,78
415,119,71,75
427,114,73,83
426,120,77,80
428,123,71,84
424,127,72,83
420,134,72,79
415,140,73,79
408,146,74,82
408,159,75,80
407,174,72,75
406,184,71,78
411,193,72,80
414,198,71,82
414,203,77,80
415,215,71,76
413,223,69,74
414,230,76,79
418,235,75,79
422,242,71,77
428,243,71,78
432,245,67,73
433,240,71,74
439,228,76,76
449,213,76,76
452,201,76,78
451,198,68,74
455,196,69,74
459,193,69,75
459,185,72,80
468,179,67,79
471,170,69,75
482,161,68,76
480,153,68,75
482,148,67,82
481,150,64,77
475,152,64,77
474,153,63,78
477,151,65,80
473,154,73,80
476,151,69,79
482,155,69,78
484,156,66,79
484,162,66,73
482,163,67,76
478,166,71,76
476,168,67,78
475,170,67,78
474,171,69,77
472,174,68,79
468,179,67,77
462,186,68,74
462,187,69,77
455,192,68,76
451,194,67,79
447,196,65,79
446,197,67,80
441,197,71,79
440,195,67,78
432,196,68,78
424,192,69,75
418,191,70,79
410,183,71,77
407,178,71,77
400,176,73,77
399,172,68,81
398,169,67,82
389,166,72,84
386,164,74,80
390,160,73,82
389,157,70,84
387,159,74,88
387,158,74,88
391,161,75,85
389,159,79,88
395,157,78,94
402,158,80,91
406,163,79,94
413,165,83,90
414,171,89,95
422,177,87,96
428,181,86,94
430,182,88,98
437,184,85,94
441,185,86,100
441,182,91,100
445,178,92,104
447,179,93,104
445,178,97,109
444,177,99,112
447,173,100,110
449,176,101,108
448,176,106,110
445,180,107,96
448,181,107,106
443,187,108,104
442,192,104,103
441,193,107,105
438,194,107,108
437,194,110,116
436,193,109,102
441,194,106,102
440,196,106,103
438,196,102,105
446,199,96,94
433,195,102,95
435,191,99,91
429,186,99,96
428,185,94,98
427,186,92,99
424,190,88,97
423,191,85,94
421,189,85,86
415,184,87,79
419,175,89,78
425,166,87,83
430,161,83,85
433,158,83,87
435,161,76,81
431,163,74,85
425,161,77,85
424,159,82,81
435,153,74,83
439,149,80,83
448,147,78,88
455,146,76,85
464,146,78,83
475,151,79,81
486,153,80,90
486,160,84,87
492,168,88,90
499,176,75,91
498,179,78,88
509,181,84,80
525,175,98,84
524,170,80,85
522,167,85,87
518,172,87,86
515,172,84,85
507,166,87,92
488,159,94,85
488,144,91,85
485,134,86,90
474,119,95,81
449,112,97,67
423,106,102,65
395,98,103,76
359,89,94,84
334,79,95,79
309,71,101,76
267,66,105,79
242,67,103,73
206,68,104,85
177,70,99,87
146,82,103,84
108,83,113,96
78,85,118,104
41,92,139,107
10,92,151,128
0,93,143,137
1,101,133,126
0,94,144,132
6,89,148,128
32,87,145,123
57,79,147,111
69,75,135,102
106,68,115,101
142,60,102,94
185,53,93,87
230,44,78,77
264,46,77,64
295,45,76,66
328,47,77,64
361,58,78,59
376,56,90,63
394,71,84,57
412,72,89,72
440,86,85,79
479,100,94,81
493,120,92,93
502,139,98,105
504,151,94,94
481,163,101,89
470,183,92,87
454,201,88,87
453,201,78,92
452,203,80,94
447,203,76,93
441,205,77,90
432,201,76,87
425,199,79,88
416,193,84,84
412,183,83,84
408,169,86,83
405,158,83,82
396,148,90,87
393,132,86,89
391,116,85,87
384,105,90,83
380,96,87,85
380,87,90,94
384,80,87,92
384,75,91,91
391,72,89,89
398,72,88,88
410,69,99,91
423,75,98,87
442,80,104,90
450,87,107,96
465,97,104,93
477,107,100,103
483,121,106,101
490,139,98,99
488,157,96,93
488,175,90,95
486,194,92,94
478,212,96,93
473,226,91,97
472,243,93,96
461,261,107,93
443,284,107,73
428,303,102,60
413,317,96,43
401,326,90,32
400,328,91,32
398,327,91,33
401,323,95,35
401,315,96,42
402,306,98,52
410,296,88,62
414,283,86,72
421,270,79,83
419,262,87,83
422,247,85,88
424,231,83,89
429,215,87,88
432,202,83,87
433,186,89,85
435,171,94,84
444,155,88,75
448,134,91,86
454,116,90,76
456,90,90,80
461,60,95,83
474,35,97,73
480,12,104,81
492,3,99,82
513,0,93,69
522,4,84,59
532,3,77,64
535,3,86,70
532,3,98,80
534,4,100,82
536,6,100,93
545,13,95,103
558,23,81,100
567,34,71,93
586,37,53,81
586,37,53,81
586,37,53,81
586,37,53,81
586,37,53,81
586,37,53,81
586,37,53,81
586,37,53,81
586,37,53,81
586,37,53,81
586,37,53,81
586,37,53,81
586,37,53,81
586,37,53,81
591,95,47,80
578,102,58,79
570,110,65,96
555,114,78,103
546,118,90,103
536,125,98,103
525,131,107,101
518,139,109,96
513,145,111,94
512,154,101,94
507,160,102,91
505,165,103,96
502,174,103,96
501,179,101,101
500,195,110,104
499,216,104,97
495,224,98,99
490,232,103,101
488,239,102,105
488,244,103,100
487,247,103,102
484,254,106,97
485,257,102,98
485,255,105,97
484,255,101,97
484,253,103,101
485,253,101,94
484,251,107,100
488,247,102,99
493,242,104,96
502,237,107,98
514,234,108,95
534,231,95,85
556,232,79,84
572,237,66,77
572,237,66,77
572,237,66,77
572,237,66,77
572,237,66,77
572,237,66,77
572,237,66,77
572,237,66,77
572,237,66,77
572,237,66,77
572,237,66,77
572,237,66,77
572,237,66,77
553,141,82,87
553,141,82,87
553,141,82,87
553,141,82,87
553,141,82,87
553,141,82,87
553,141,82,87
553,141,82,87
553,141,82,87
553,141,82,87
553,141,82,87
553,141,82,87
553,141,82,87
553,141,82,87
571,236,67,79
521,236,84,88
477,228,72,101
451,215,87,98
435,209,95,95
417,202,95,90
411,190,93,90
402,181,97,93
398,171,95,89
397,165,98,84
396,155,105,88
397,144,102,87
401,135,95,91
401,130,100,93
403,124,95,97
404,124,94,93
406,122,93,94
408,121,92,98
410,126,92,95
417,126,94,92
433,124,89,94
451,128,85,80
492,144,81,64
523,143,90,73
558,159,81,91
583,183,58,86
583,183,58,86
583,183,58,86
583,183,58,86
583,183,58,86
583,183,58,86
583,183,58,86
583,183,58,86
583,183,58,86
583,183,58,86
583,183,58,86
583,183,58,86
583,183,58,86
583,183,58,86
583,183,58,86
583,183,58,86
583,183,58,86
583,183,58,86
583,183,58,86
583,183,58,86
588,229,44,83
569,223,60,87
540,225,73,89
507,217,85,83
483,210,100,95
469,203,101,95
455,193,101,100
445,185,103,97
437,179,97,99
429,172,97,98
421,167,103,91
417,156,101,96
414,145,96,91
406,136,94,93
396,126,99,99
386,119,101,90
378,108,102,93
373,98,103,95
370,88,101,94
367,79,98,98
361,72,100,102
356,65,98,98
349,58,105,101
348,51,94,104
340,48,95,107
332,45,101,103
331,38,95,109
324,34,100,108
321,32,99,105
311,28,103,104
309,25,101,116
305,23,101,115
296,26,106,112
287,28,107,98
286,31,99,116
271,33,106,105
262,34,109,113
252,38,106,114
237,44,109,107
224,47,120,116
222,49,110,111
217,52,112,104
216,52,109,113
205,56,115,117
197,56,116,122
191,61,117,118
186,66,121,121
187,70,117,126
179,74,125,121
172,81,126,118
166,86,127,120
158,88,126,124
147,90,127,123
133,91,134,122
117,86,135,136
103,84,138,139
88,84,146,136
75,79,147,146
58,82,154,135
46,77,153,141
37,75,158,152
26,70,163,160
15,70,167,148
8,68,167,149
6,63,156,157
3,63,155,158
4,64,158,157
2,63,164,154
5,62,158,160
6,57,160,171
26,40,167,164
24,37,165,154
16,37,164,149
11,29,171,155
8,24,176,155
11,17,170,166
7,14,172,164
9,11,171,161
16,10,173,158
19,14,177,154
37,20,165,146
57,33,150,139
64,41,156,138
75,49,154,135
83,56,149,136
90,65,150,133
92,74,147,130
97,79,142,129
102,86,139,133
108,89,139,135
114,97,139,133
118,105,141,135
122,113,140,138
126,120,143,141
126,133,143,133
123,139,135,139
110,148,136,137
102,163,130,130
87,167,144,148
80,174,141,142
79,175,143,148
73,186,146,142
70,194,145,139
69,196,146,144
67,204,151,147
62,210,147,140
58,211,146,138
60,218,139,132
51,226,145,129
49,220,146,134
46,216,156,136
45,208,158,140
51,202,157,136
46,195,163,135
50,184,158,136
55,174,154,138
58,164,149,142
60,154,154,140
67,144,152,140
77,132,144,148
77,127,149,140
84,120,143,136
94,115,137,131
106,116,134,127
113,108,137,130
126,107,130,125
135,107,132,122
144,100,133,124
159,101,124,123
167,99,127,121
179,93,122,119
189,92,117,115
194,87,122,110
197,78,128,117
202,74,132,122
213,68,127,121
227,65,119,120
243,59,114,107
259,54,109,105
269,49,113,110
287,49,104,114
303,45,103,119
312,46,109,115
328,47,108,118
340,51,111,116
351,53,111,118
358,60,122,114
373,63,123,119
381,73,123,116
396,78,115,112
401,84,129,117
407,96,135,119
414,104,137,126
423,114,131,122
436,121,131,120
447,128,123,121
447,127,131,121
458,130,125,120
460,130,127,120
473,134,124,116
482,131,129,120
492,133,128,119
500,131,129,117
508,129,126,112
514,125,121,110
516,122,119,104
517,116,124,105
520,107,112,119
522,103,111,115
520,95,113,119
518,90,115,120
513,90,119,119
509,85,123,121
504,84,129,121
497,88,139,119
487,95,146,118
484,104,140,109
475,110,147,117
472,120,137,111
470,126,135,114
470,137,125,109
471,145,128,113
475,151,123,117
473,161,129,111
477,166,129,114
478,173,127,112
487,178,114,112
482,181,118,114
477,184,119,113
475,185,118,123
474,185,109,124
470,184,110,116
459,181,107,116
444,179,112,111
434,172,113,114
428,165,109,118
423,162,105,116
414,162,104,112
399,161,110,116
398,169,101,119
386,173,104,124
374,180,110,122
369,192,104,117
361,199,108,120
347,205,113,126
344,211,112,125
336,216,113,125
330,226,103,120
314,233,107,117
304,236,109,117
299,239,104,116
287,241,109,115
282,243,109,109
260,248,115,114
246,247,118,114
229,246,121,114
222,244,110,111
204,247,117,118
191,254,118,104
168,240,131,118
146,241,137,118
135,251,130,111
121,242,134,116
93,245,148,113
77,240,150,120
61,242,151,117
47,232,151,127
25,236,163,123
10,230,164,130
1,219,159,133
0,206,152,142
14,196,120,145
4,184,116,158
8,175,103,152
5,160,96,160
1,142,92,165
1,130,94,168
2,129,79,155
0,110,86,154
3,99,84,153
1,91,88,149
4,79,84,144
1,66,94,137
4,52,102,138
6,37,105,138
12,24,103,138
37,17,89,136
51,7,87,130
71,4,82,121
86,3,77,118
107,3,70,114
125,5,74,107
82,1,93,110
98,2,96,104
115,4,106,98
131,3,122,108
140,5,132,102
150,5,130,113
163,1,121,120
168,2,122,120
180,1,119,115
190,4,119,115
209,6,112,120
223,11,113,123
241,17,108,118
258,17,105,129
275,24,108,107
294,29,107,114
312,35,107,118
321,44,114,113
341,51,110,118
351,61,112,117
358,65,119,119
369,73,112,125
374,88,114,115
381,95,115,118
392,105,110,113
403,117,116,112
406,114,118,121
419,122,109,124
423,123,111,128
433,135,120,119
447,142,116,116
457,144,118,117
466,150,118,113
473,152,118,111
478,151,124,111
490,154,117,108
496,154,121,113
499,158,117,113
505,160,121,110
501,164,126,118
501,170,124,117
499,171,121,113
496,173,116,116
494,175,114,112
491,177,112,110
486,174,114,114
480,171,111,112
474,175,110,109
466,175,108,113
462,176,101,112
456,178,99,111
451,179,96,107
443,179,96,108
435,178,95,113
430,179,95,105
422,179,92,110
410,183,94,109
395,187,91,111
385,194,94,107
367,202,100,102
356,208,95,106
343,215,95,104
331,219,92,107
318,226,89,99
295,224,94,102
275,227,98,102
253,229,102,101
238,221,108,112
222,222,112,113
211,221,102,113
194,216,115,117
187,216,108,115
178,208,110,119
172,202,112,119
166,194,113,115
162,183,114,108
154,172,120,107
148,160,119,103
152,143,113,99
149,131,116,101
146,116,114,96
144,97,123,93
161,84,125,100
174,74,121,99
201,70,102,90
207,62,109,94
227,60,105,96
242,58,97,84
257,55,106,88
270,54,101,93
280,52,92,98
283,57,92,94
287,61,92,98
297,68,86,93
304,73,86,91
311,80,82,89
309,79,82,89
307,77,80,88
303,76,81,93
303,84,83,89
313,93,81,85
323,102,86,83
335,112,83,82
350,117,79,88
366,126,72,87
382,134,77,91
398,134,73,98
415,137,85,93
437,141,83,85
453,141,80,87
479,144,77,89
502,147,83,89
517,153,84,90
532,157,96,100
545,163,89,97
557,170,82,96
564,177,74,93
563,182,73,89
563,186,74,86
560,185,74,89
553,184,80,92
543,184,87,94
536,182,86,90
521,182,98,90
504,180,107,83
491,175,98,86
480,174,91,79
469,172,93,85
458,166,85,89
448,162,84,90
439,157,83,85
435,148,80,84
434,144,78,88
431,142,80,87
428,140,81,90
430,141,79,90
427,140,81,92
429,138,79,94
431,143,80,87
434,141,80,87
437,140,80,92
437,143,82,89
433,143,82,83
418,142,96,83
396,139,99,90
373,135,104,83
357,134,91,76
361,133,78,77
355,134,80,75
355,132,80,81
358,134,82,86
358,134,80,85
361,141,87,84
367,145,96,89
371,153,87,86
378,159,91,86
395,163,83,85
402,166,90,84
413,169,90,84
426,172,86,82
429,173,91,81
436,176,88,84
444,177,89,77
452,178,94,74
455,173,97,85
456,170,101,84
474,166,91,84
477,163,95,83
488,163,90,81
495,163,94,82
499,163,102,91
510,168,101,88
521,170,107,88
526,174,104,85
536,176,100,91
536,182,100,93
537,185,99,97
534,187,102,95
538,187,97,103
538,188,96,103
528,185,105,96
522,185,108,90
519,185,107,83
506,186,105,80
500,185,104,80
499,182,96,85
485,182,100,81
480,183,97,82
476,181,92,85
468,181,93,89
457,188,87,80
439,190,80,79
426,189,84,80
415,186,84,81
405,189,86,84
392,192,84,80
385,193,89,93
377,201,95,90
377,206,86,92
376,200,89,91
371,194,93,91
355,189,92,89
336,179,94,83
334,170,90,76
336,156,92,83
349,147,96,81
367,133,95,86
363,121,90,97
355,117,93,102
359,120,86,86
329,122,100,101
326,129,93,99
334,131,96,95
359,134,95,101
370,133,103,107
362,134,92,105
337,130,107,106
316,140,113,108
299,149,113,102
273,148,115,102
255,154,107,113
242,152,114,110
233,148,113,107
234,141,115,110
244,149,119,107
255,160,118,116
261,161,118,119
271,162,122,112
294,167,116,104
320,167,113,99
373,161,103,103
395,157,118,112
419,151,130,120
432,143,148,116
437,132,147,115
433,120,142,120
424,113,140,125
413,112,139,124
404,115,142,127
398,119,142,111
398,127,147,116
400,124,143,118
392,120,146,123
389,125,147,121
384,130,150,128
381,135,151,111
388,140,155,121
401,143,153,118
436,155,151,112
457,166,172,117
452,154,170,113
440,132,171,117
428,107,166,119
422,86,171,120
413,75,175,117
399,73,163,115
390,79,157,120
374,81,162,123
360,91,155,126
348,113,148,126
339,134,138,119
322,129,151,101
310,117,161,108
306,112,148,107
292,111,145,106
283,115,140,111
264,117,147,105
252,118,141,103
226,119,151,94
199,114,161,96
199,107,159,103
192,103,160,101
189,105,160,97
184,102,151,103
177,98,157,109
171,99,161,106
176,103,160,113
172,108,163,105
182,111,160,105
199,110,158,107
208,108,164,108
245,100,144,101
258,89,150,111
245,85,162,101
251,76,151,106
246,78,152,106
237,82,157,106
230,86,159,105
220,94,160,105
210,97,164,111
209,104,161,110
192,109,164,104
173,113,165,97
144,109,174,108
125,109,180,102
112,106,176,103
99,102,173,105
94,101,166,112
98,101,155,112
58,102,184,109
56,106,173,121
64,104,162,121
57,108,156,124
47,114,161,125
38,116,168,127
48,116,154,125
39,117,158,125
24,111,165,130
15,106,174,131
20,101,176,131
17,96,178,134
22,93,166,127
15,89,176,127
7,79,175,137
8,72,170,132
9,66,174,138
11,56,175,133
11,49,185,127
40,47,183,119
53,38,176,121
62,31,160,120
62,28,169,116
72,27,163,119
72,24,163,122
76,27,158,118
77,37,171,116
87,35,177,122
58,36,199,124
53,44,203,116
62,46,194,111
56,46,187,118
52,49,189,122
45,56,189,118
43,61,188,127
38,62,183,123
37,62,180,121
19,61,195,131
15,63,200,129
10,63,197,128
12,62,193,127
14,65,192,128
7,62,191,130
11,67,190,131
7,69,200,125
16,71,195,124
30,77,185,118
34,75,186,125
38,74,181,122
41,79,174,116
48,76,167,116
49,84,166,116
46,87,169,121
43,91,174,118
44,99,176,119
45,100,174,123
46,108,174,118
48,115,172,112
50,116,167,114
41,115,174,116
42,113,172,112
33,107,174,119
29,105,173,114
30,103,171,122
30,109,174,117
28,109,176,118
35,118,174,112
40,123,172,115
42,119,170,117
45,121,167,117
45,127,164,111
50,129,157,112
43,126,164,118
43,129,164,117
40,132,167,114
42,133,164,115
41,132,166,115
48,135,161,114
53,137,160,113
60,142,163,104
70,139,156,106
77,138,160,114
80,138,158,105
80,137,160,111
78,134,161,107
79,133,157,111
73,132,154,112
66,132,159,110
62,128,156,112
55,128,159,112
51,127,158,112
41,123,162,116
48,124,157,112
47,120,158,121
45,122,160,116
41,123,162,114
46,128,164,114
55,132,159,112
55,133,167,109
57,135,167,116
61,133,158,111
61,135,163,104
69,134,161,114
65,130,165,110
64,128,167,112
65,121,165,115
64,121,166,113
59,121,163,113
59,119,167,112
59,120,162,114
58,114,162,118
52,117,162,115
60,120,158,112
59,122,163,113
58,123,166,113
60,122,164,113
60,123,162,111
56,121,166,115
56,118,165,115
58,117,165,114
61,116,167,107
61,113,173,111
58,110,166,107
61,104,164,113
58,102,169,114
53,98,169,117
51,99,171,120
50,99,168,122
46,99,170,115
43,100,171,117
48,99,165,114
52,99,162,117
50,98,166,120
49,100,169,117
51,100,165,113
50,97,168,119
48,100,170,115
46,98,175,114
51,96,174,118
52,93,173,120
55,88,174,118
52,82,181,118
51,79,182,112
47,78,184,111
46,73,184,116
52,73,178,110
51,84,185,114
61,97,187,110
64,105,180,120
64,117,181,119
68,123,180,119
62,129,183,128
63,137,183,118
67,141,182,119
61,144,190,120
55,154,194,122
62,160,184,114
56,160,186,123
52,164,190,122
51,163,188,121
33,165,195,130
13,168,203,135
17,176,188,133
19,166,175,140
17,177,168,136
12,171,172,136
6,159,173,138
8,152,173,137
8,142,172,144
7,131,176,138
7,122,177,142
12,114,173,138
11,103,173,142
14,93,169,146
11,93,177,143
14,93,172,139
12,91,181,138
9,98,196,136
7,102,202,139
16,113,198,132
32,120,189,129
54,128,176,132
68,124,179,128
89,122,178,128
111,113,173,118
135,103,176,115
167,89,164,116
194,78,158,114
216,64,153,116
249,54,146,115
265,42,152,122
265,37,169,118
287,25,168,126
301,27,167,125
314,28,163,131
307,32,155,141
291,52,152,134
269,65,135,137
231,82,139,134
213,87,153,118
215,88,148,132
212,90,152,120
221,86,146,108
214,79,147,112
203,76,143,107
199,75,134,119
191,73,139,127
191,76,141,111
205,74,130,116
214,74,138,113
226,64,136,119
240,54,136,111
253,49,135,105
264,45,133,115
267,46,132,123
267,48,130,129
265,57,127,124
252,81,122,117
246,69,127,118
258,53,127,118
268,42,131,121
275,43,127,120
272,52,123,124
262,57,111,123
239,58,124,117
227,53,127,109
211,39,128,108
210,20,126,109
229,12,122,120
261,19,110,119
282,20,107,126
299,28,112,117
326,37,120,123
349,44,117,121
367,48,113,115
381,47,110,113
391,42,117,112
417,40,107,106
433,34,107,111
445,38,110,116
452,48,113,114
462,59,108,108
467,73,115,112
477,92,117,104
479,108,123,102
492,122,116,103
499,138,113,103
504,151,110,108
505,159,113,101
509,166,112,103
514,173,108,103
512,184,108,102
516,188,100,107
511,192,102,106
513,193,97,106
501,195,105,100
501,190,111,100
503,187,110,99
500,184,110,97
504,177,106,99
501,170,107,102
502,162,106,95
499,149,113,91
511,135,115,89
520,115,113,92
528,100,112,99
538,89,103,107
543,81,96,111
546,79,93,109
548,83,90,107
548,90,86,108
542,98,99,103
531,113,107,96
520,119,109,99
515,127,108,101
516,133,102,99
514,136,104,102
515,140,101,103
513,145,105,97
513,148,107,101
518,153,104,104
518,158,98,101
516,157,102,105
513,164,104,104
506,171,108,98
506,172,101,102
503,173,101,106
500,177,99,104
500,178,99,105
496,180,100,101
488,182,102,100
482,183,103,101
480,184,102,96
480,183,99,97
487,182,89,99
483,181,93,98
477,183,101,98
477,184,94,97
473,180,97,100
475,179,99,105
473,180,97,99
474,177,102,100
479,177,97,96
479,176,96,99
469,179,100,95
472,178,98,96
462,176,95,99
461,176,97,97
461,175,95,101
458,179,98,99
458,181,98,95
464,179,91,97
456,178,97,93
458,174,99,97
457,173,99,97
459,174,96,95
457,172,96,105
459,175,98,98
454,174,100,97
454,172,99,95
452,171,98,98
453,171,96,99
452,171,95,98
449,169,96,103
447,167,99,98
446,171,97,95
441,172,97,93
438,168,96,96
436,167,95,102
432,170,93,99
422,175,96,101
417,184,95,100
411,192,96,97
409,199,93,102
401,211,95,104
401,221,95,106
398,227,93,102
391,224,95,103
384,223,94,103
374,220,91,98
362,214,92,98
359,210,86,101
347,212,90,99
340,210,89,100
332,208,91,101
324,210,89,101
307,205,90,104
293,201,89,102
279,200,92,103
276,202,94,106
274,205,97,106
274,209,97,107
277,217,97,108
281,220,102,116
290,227,101,118
292,232,98,110
294,238,100,108
294,244,100,103
292,241,96,109
295,239,102,107
306,235,100,103
314,225,110,102
334,213,109,106
344,207,111,104
364,198,110,102
382,186,108,107
399,173,116,111
409,161,117,111
420,153,118,115
431,145,120,115
449,136,116,121
450,136,129,111
444,129,130,115
440,120,125,113
432,118,121,112
410,112,127,123
392,108,137,121
377,107,127,116
358,107,127,120
352,106,120,114
352,101,116,113
350,104,115,119
347,112,120,119
356,119,114,122
367,120,119,123
376,122,120,126
385,124,119,115
392,127,118,118
401,123,124,120
399,126,125,122
400,126,120,120
398,131,116,124
390,134,117,116
384,140,116,120
383,142,114,120
381,143,118,116
384,146,117,113
388,149,118,118
397,151,118,117
401,152,121,119
408,151,115,121
409,152,118,121
412,156,121,117
414,152,121,124
416,149,120,119
418,152,119,118
418,153,119,115
418,154,120,116
418,151,121,125
417,147,121,129
419,150,124,123
419,149,122,118
419,149,120,116
417,148,120,118
416,146,123,118
413,142,123,120
410,142,125,121
408,142,121,115
407,140,119,123
406,139,122,120
406,140,118,124
406,140,122,120
405,141,122,117
409,140,120,117
409,139,118,116
404,140,118,118
401,137,118,124
394,140,119,120
383,140,113,127
377,142,113,122
372,145,111,121
366,144,106,122
369,148,106,119
369,153,103,106
368,151,105,108
368,156,107,103
377,162,103,96
377,167,99,107
375,175,101,102
374,183,95,102
368,189,99,96
363,202,94,93
353,213,97,99
345,222,93,97
341,227,92,99
340,227,95,98
344,224,98,99
344,223,100,101
351,221,96,100
353,222,94,98
359,218,96,103
367,216,98,103
378,216,95,105
394,215,91,115
411,219,93,109
427,223,95,107
445,226,96,112
460,228,103,113
468,231,105,108
473,231,113,103
476,232,106,99
472,229,106,106
472,228,108,103
470,224,105,108
463,224,106,107
457,222,108,104
458,220,107,104
455,221,105,104
453,218,106,102
451,217,108,107
445,217,109,103
440,216,107,105
440,213,109,110
437,215,108,108
436,216,110,102
438,212,106,112
438,211,107,108
436,212,109,107
434,212,110,106
437,207,105,111
435,208,107,107
434,206,109,108
437,205,108,104
435,203,106,109
434,206,109,102
435,205,108,104
434,204,109,109
434,205,107,106
432,206,111,104
432,205,108,103
431,203,106,108
431,203,109,104
430,204,110,106
431,203,106,107
431,203,108,100
431,203,108,109
432,204,108,103
431,202,109,107
431,202,107,104
430,200,109,112
431,201,105,108
427,200,108,107
422,199,110,103
424,197,108,105
421,197,111,107
421,197,110,102
421,194,110,111
419,196,108,106
422,197,108,105
419,196,111,105
420,196,107,105
421,196,107,102
420,194,108,106
419,195,109,104
420,192,105,106
419,190,108,107
417,194,110,107
416,192,108,105
415,192,109,102
415,191,105,106
414,191,107,106
409,189,116,109
412,191,107,105
413,191,109,104
414,191,109,107
413,192,110,109
413,192,108,105
413,193,108,105
412,190,109,106
410,192,111,110
413,192,104,103
410,188,110,108
406,192,109,103
407,187,105,106
405,186,107,103
401,185,108,103
399,181,109,104
400,181,107,105
396,179,111,111
394,179,114,105
392,176,110,108
394,175,108,110
393,173,111,107
393,175,107,110
390,174,110,114
387,177,113,114
386,179,113,110
384,179,111,109
383,178,113,109
384,177,113,107
385,175,113,107
384,175,116,108
385,174,116,108
388,172,115,114
390,173,117,108
395,172,118,107
399,170,118,106
402,169,119,108
404,172,121,103
404,174,120,108
403,176,121,110
404,177,116,110
407,178,115,109
406,179,117,108
405,178,116,114
405,181,121,105
