378,158,50,43
376,154,48,47
377,155,51,47
377,156,55,48
379,157,53,48
383,157,53,45
388,152,55,47
392,145,55,48
395,142,55,46
397,139,54,47
400,139,55,47
402,140,55,48
404,141,54,49
405,141,55,51
405,145,58,52
409,150,57,49
409,152,60,50
411,151,61,54
411,150,59,54
414,154,58,51
414,153,57,53
413,154,58,50
412,153,59,49
414,154,59,51
414,150,59,50
414,153,61,48
417,155,59,48
418,151,62,53
422,154,60,48
423,156,61,49
426,157,58,48
428,155,58,52
430,157,56,48
428,156,55,50
429,155,57,49
429,155,55,47
430,151,53,49
432,152,52,47
432,151,54,47
434,150,50,50
433,151,50,49
435,150,51,49
434,149,50,47
435,146,50,51
435,142,50,52
436,145,48,52
438,146,50,50
438,144,49,49
440,142,49,51
438,142,48,51
438,142,48,49
441,141,47,50
441,142,47,50
440,140,49,51
444,140,46,48
442,139,46,50
442,140,47,48
441,137,48,51
439,138,50,52
440,139,49,48
439,134,50,53
440,133,50,51
443,134,49,52
439,135,49,49
438,133,55,54
440,132,54,53
440,135,54,48
439,134,53,49
437,134,55,49
440,133,56,53
443,134,57,52
446,140,56,51
449,142,55,47
448,140,57,50
449,142,57,51
454,141,54,51
453,145,56,48
453,144,58,52
454,147,58,47
456,146,61,51
459,147,61,50
457,149,65,45
455,146,67,49
452,151,72,50
448,153,72,50
449,153,69,53
445,154,73,54
442,157,68,52
442,158,71,52
449,156,67,52
452,159,65,50
456,161,68,53
456,165,69,51
456,162,68,50
456,162,62,45
450,158,71,49
451,159,65,52
449,165,62,47
448,165,61,48
445,165,61,45
446,164,62,47
445,162,56,49
444,164,54,49
446,166,54,46
448,165,50,47
447,165,52,50
449,159,52,54
451,159,51,50
454,160,51,51
456,161,47,49
457,161,49,50
457,161,47,48
458,158,47,50
458,159,47,50
460,160,45,49
458,158,45,51
457,160,44,49
454,157,44,50
451,162,46,49
450,164,45,49
449,169,47,46
450,167,47,48
456,165,46,48
460,165,48,50
468,168,47,50
473,170,48,51
474,167,47,49
477,160,44,47
475,156,47,49
474,155,46,48
467,157,51,48
468,162,44,47
463,161,43,51
463,168,43,48
459,169,44,48
458,172,43,47
454,174,48,47
454,171,46,50
452,172,48,49
454,175,44,47
453,172,43,47
457,174,42,47
456,175,47,45
458,173,45,47
458,174,49,47
458,173,49,47
458,173,48,47
462,172,43,49
461,174,49,47
459,173,49,48
466,173,46,48
463,173,47,48
463,171,51,47
457,171,57,47
453,170,62,49
453,168,64,52
455,172,66,48
455,171,55,48
463,171,50,50
460,172,55,47
459,174,52,48
452,177,55,46
445,179,61,42
442,178,70,45
435,183,77,40
430,183,84,39
422,183,92,39
425,184,91,40
420,186,89,40
428,187,84,40
422,188,85,38
427,187,78,38
399,187,89,39
396,180,103,47
396,180,103,47
394,184,106,41
393,183,105,43
402,181,92,41
408,179,81,43
409,179,79,37
414,174,68,42
414,173,64,40
412,170,65,44
413,172,59,39
408,170,58,45
409,167,53,49
407,169,50,44
402,172,52,45
399,172,54,41
403,177,45,40
407,176,39,42
410,178,35,41
410,177,34,43
410,180,34,39
411,173,35,48
411,172,37,46
410,171,37,48
412,168,36,50
411,171,37,47
411,174,38,44
413,178,33,40
412,177,35,42
415,174,33,41
413,172,33,39
414,170,33,39
410,173,34,36
408,181,36,28
411,180,32,28
410,185,34,23
412,182,32,24
412,185,33,21
412,186,32,29
411,178,36,36
411,173,35,41
411,172,38,44
410,177,39,40
410,173,39,43
410,170,31,49
417,170,25,51
415,170,22,54
415,170,22,54
421,169,21,50
419,169,25,52
419,169,25,52
419,169,25,52
419,169,25,52
419,169,25,52
419,169,25,52
419,169,25,52
419,169,25,52
419,169,25,52
415,170,29,55
416,169,25,55
417,168,24,51
412,168,29,52
414,171,27,49
413,171,29,51
410,173,33,50
409,172,38,46
410,171,36,47
409,170,37,49
409,172,38,49
408,176,38,45
410,171,39,51
409,172,38,47
407,171,38,49
406,169,42,49
404,172,39,47
403,169,42,48
403,166,41,54
402,170,46,49
403,167,39,51
404,167,44,51
402,165,38,52
405,167,38,51
404,166,39,50
404,166,37,50
401,167,39,49
401,165,38,50
400,165,39,49
401,166,41,52
401,165,43,52
402,163,37,52
397,164,42,51
399,167,42,46
397,165,44,47
399,163,41,50
399,164,40,48
397,164,44,48
397,164,42,50
397,160,46,52
395,161,44,52
398,166,42,48
395,164,46,51
397,164,44,50
396,164,45,49
398,167,45,46
395,165,47,49
392,166,48,47
395,164,51,48
393,165,49,48
394,166,46,46
394,164,49,47
392,163,47,50
392,163,51,49
391,163,47,48
385,161,52,50
386,164,50,48
387,168,52,43
384,166,53,46
383,165,53,45
382,166,54,48
382,166,53,48
379,167,55,44
382,166,53,46
382,165,53,48
380,164,55,48
380,165,53,47
380,168,51,45
379,167,53,46
377,168,56,45
377,168,51,45
378,170,53,43
378,173,53,44
375,171,55,46
375,173,53,43
371,171,57,45
371,172,57,45
370,175,57,45
372,175,56,44
372,173,57,48
372,175,57,45
370,176,57,46
368,177,58,45
366,183,62,45
365,183,59,43
363,181,61,48
367,185,57,44
366,185,57,46
362,184,59,46
363,181,57,46
366,183,56,45
362,184,55,45
362,186,55,44
365,186,55,45
365,184,55,46
362,188,55,44
367,185,52,45
367,184,53,45
363,181,55,47
363,182,54,46
365,186,51,43
366,186,53,42
364,185,53,44
361,185,54,44
363,183,54,47
361,184,51,44
361,185,53,45
359,185,52,44
356,188,51,44
355,188,51,45
353,190,51,46
355,191,50,46
363,193,46,45
369,194,47,46
372,194,49,46
378,196,50,45
378,195,51,44
383,194,50,42
380,193,54,41
382,185,54,44
379,185,52,40
378,182,48,44
376,183,53,44
374,181,58,46
369,184,56,47
373,184,53,44
369,188,52,44
369,189,52,43
364,187,52,43
362,188,53,42
358,187,55,44
361,184,52,45
362,179,57,46
347,180,67,47
344,181,68,47
352,180,62,46
347,175,67,55
344,178,75,47
349,178,70,47
350,178,69,47
348,181,67,43
347,182,68,42
347,180,70,43
340,181,74,44
340,179,79,45
334,179,86,48
335,180,84,42
342,179,78,46
345,179,78,43
342,180,80,45
350,179,76,48
351,181,76,44
353,181,73,43
353,183,77,42
350,183,78,44
350,184,76,44
351,185,76,43
351,187,76,46
356,190,77,44
360,190,82,46
368,189,78,48
367,190,80,45
366,186,84,47
365,184,83,46
367,177,84,49
365,180,81,47
362,182,79,48
361,186,79,47
353,188,82,45
352,188,80,45
357,190,75,47
353,189,77,45
355,188,74,45
354,188,72,43
354,187,71,48
352,189,75,45
351,189,76,42
351,187,77,42
349,189,78,42
348,188,80,46
347,185,84,48
350,188,78,47
351,188,73,46
345,192,77,45
341,191,79,44
342,193,79,44
341,195,82,41
341,194,83,44
336,199,74,41
337,198,77,39
337,196,79,40
352,197,70,31
363,197,61,36
360,195,61,35
362,194,63,37
357,193,67,37
351,195,71,41
353,193,73,41
346,195,81,40
343,194,83,43
341,197,87,39
339,195,88,39
338,194,93,41
337,194,97,40
334,192,99,42
333,196,99,41
333,195,104,45
330,194,110,42
336,194,101,42
338,195,92,41
339,196,94,40
337,194,94,42
335,192,94,43
335,193,97,41
334,196,91,39
331,195,93,41
329,196,95,40
322,194,103,46
314,195,111,43
312,195,110,45
312,195,117,43
312,195,110,44
308,194,115,43
303,194,113,41
304,196,108,40
309,197,108,39
318,194,94,39
322,193,92,38
327,192,87,37
322,193,90,34
321,190,90,37
315,185,98,42
297,187,111,39
303,185,101,44
296,186,103,39
282,186,112,39
278,184,109,39
276,181,112,41
280,180,106,41
275,179,110,36
274,177,110,42
274,174,108,41
271,171,115,44
263,173,116,40
262,169,114,38
260,168,121,42
259,168,114,40
261,169,111,42
249,171,114,41
249,170,117,42
253,168,114,40
250,169,109,39
246,165,105,39
244,164,106,37
244,161,102,35
241,159,99,37
238,157,101,40
239,154,97,40
238,157,95,40
237,158,93,40
237,158,92,40
