328,106,23,41
327,104,23,41
327,104,22,42
327,104,23,41
327,104,23,41
327,104,23,41
327,104,23,41
328,104,24,42
329,104,24,42
330,105,24,42
331,106,24,42
331,106,24,43
332,107,23,42
333,107,24,42
334,107,24,41
335,106,24,42
335,106,25,42
336,104,25,42
337,102,25,42
338,100,25,42
339,98,25,42
341,96,25,42
342,95,24,41
343,93,25,42
344,92,25,42
345,91,25,42
345,90,26,42
346,90,27,42
347,90,26,42
348,91,26,41
349,92,26,42
350,93,26,42
350,94,26,42
351,95,26,42
352,97,26,43
352,98,27,43
352,99,27,43
352,100,28,43
352,102,28,44
351,103,28,44
351,104,28,44
350,105,28,44
349,105,27,44
347,105,27,43
346,105,26,44
344,105,26,44
342,105,25,43
339,106,25,43
336,107,25,43
334,107,24,43
331,107,25,43
327,108,25,43
325,108,26,43
322,108,26,43
319,109,27,43
317,109,27,43
315,110,28,43
313,110,28,43
312,110,29,44
311,110,30,43
309,111,31,44
308,111,32,44
309,111,32,44
309,111,33,43
310,111,32,43
311,111,32,43
312,112,32,42
313,111,31,43
315,111,31,43
317,111,31,43
319,110,30,43
321,108,30,42
322,105,31,43
323,102,31,43
324,99,31,44
325,96,28,44
326,93,27,44
327,90,26,45
328,88,24,45
327,87,25,46
325,87,25,47
323,86,25,46
320,85,25,46
315,83,27,47
311,82,28,48
308,81,26,48
305,79,26,48
300,78,27,49
296,76,28,51
292,74,29,51
289,73,30,52
285,71,29,53
283,69,29,53
282,68,29,54
281,66,29,55
282,64,28,55
284,63,27,55
285,62,29,55
288,61,30,55
290,61,31,56
295,62,29,56
300,63,29,55
305,66,28,54
309,69,28,54
310,74,29,53
317,80,27,51
320,85,26,50
323,91,25,48
322,92,26,47
324,96,25,46
323,97,26,46
325,100,25,45
325,104,25,44
324,106,26,43
323,108,25,42
321,108,26,42
317,109,27,40
313,109,28,40
310,108,28,41
306,108,28,40
304,107,27,39
299,107,28,40
294,106,30,40
290,105,31,40
287,105,32,40
283,104,32,39
280,103,31,39
276,102,32,40
276,101,30,41
274,98,30,41
274,95,29,41
274,92,29,41
274,88,30,42
274,84,30,43
276,81,30,44
278,78,29,44
282,74,27,45
287,70,25,46
291,67,26,46
295,64,27,46
299,62,25,46
303,62,27,46
306,63,29,46
309,65,31,47
311,67,32,45
314,69,32,45
318,71,31,46
320,74,31,46
321,76,31,45
322,79,31,46
323,83,31,46
323,88,30,45
322,93,29,44
321,98,29,44
320,105,28,42
319,110,27,41
317,116,26,40
315,121,25,40
313,126,24,40
311,130,23,41
308,135,23,41
307,140,22,42
304,144,22,41
302,148,23,41
300,152,23,41
299,155,23,40
298,158,23,41
296,160,24,42
295,161,25,44
294,162,25,42
294,162,24,43
294,161,24,43
277,192,21,18
277,193,23,18
275,194,23,18
274,195,22,14
274,196,21,15
275,200,21,11
273,201,22,11
249,213,25,42
250,210,31,67
253,206,37,74
316,211,35,58
249,206,36,74
196,206,42,71
253,210,34,66
196,205,40,72
194,203,41,73
194,202,42,73
320,211,37,53
249,210,37,71
195,206,42,71
194,202,42,74
254,207,39,70
316,210,40,69
251,207,39,71
315,213,38,78
318,215,36,72
318,209,41,72
252,206,39,73
318,210,38,61
274,191,23,18
278,186,21,22
282,180,22,28
282,173,23,34
283,168,23,40
285,160,23,46
286,152,25,44
287,144,27,45
287,135,28,44
288,127,29,46
290,119,28,46
290,119,28,46
292,114,26,46
293,113,26,46
296,108,23,45
298,104,23,44
298,99,23,45
299,94,22,45
300,88,23,45
299,84,24,44
299,79,26,44
298,72,28,45
299,66,28,45
300,62,28,45
301,58,26,44
301,56,25,44
303,56,23,46
301,61,24,47
299,69,26,47
300,74,25,46
300,70,29,46
298,64,34,46
297,60,38,44
298,56,40,43
300,53,40,44
304,50,37,47
308,50,32,47
312,48,27,47
314,44,33,47
316,41,37,47
318,38,39,47
322,36,37,48
329,35,32,50
334,36,28,50
337,37,29,50
338,35,35,51
340,31,35,51
344,28,34,51
348,29,33,52
353,31,30,52
356,33,29,56
360,41,28,53
361,41,28,52
358,35,34,53
353,32,40,51
349,29,43,50
346,27,45,51
344,25,42,53
344,23,38,54
340,19,31,55
329,13,41,56
316,7,49,54
307,2,51,55
299,0,47,51
290,0,44,47
284,0,43,41
277,1,33,33
269,1,33,25
256,1,36,20
244,1,39,16
240,1,29,13
255,30,27,32
199,0,35,29
184,79,18,38
184,79,18,38
151,73,18,22
184,79,12,26
150,74,15,21
150,73,14,21
150,74,13,23
182,84,14,27
181,84,16,29
181,86,17,28
181,86,17,28
180,81,20,38
142,166,26,12
196,205,10,20
195,205,48,33
197,203,40,73
194,203,44,73
191,204,45,73
194,204,43,75
251,208,36,73
195,204,43,72
321,212,38,53
318,211,36,75
316,209,42,66
319,209,40,55
319,212,36,59
251,206,37,74
195,207,41,69
316,214,47,75
318,61,39,25
310,18,42,74
306,19,42,72
297,10,48,73
289,4,53,75
281,3,57,73
275,3,59,75
267,7,60,74
261,12,60,74
257,15,57,76
256,19,53,71
255,23,51,68
255,26,49,70
253,35,48,68
250,40,52,72
251,45,56,70
254,46,57,68
259,45,56,67
264,45,54,68
272,47,48,70
281,51,41,69
287,53,41,67
290,54,48,64
294,55,51,60
298,56,54,61
306,57,51,63
313,59,46,64
323,59,38,64
329,59,36,62
333,59,38,62
336,59,38,62
337,59,37,62
340,60,35,63
340,61,36,62
340,61,38,63
339,59,43,64
338,55,47,66
339,53,46,67
340,53,42,66
341,54,37,66
338,54,39,66
330,53,49,66
326,55,52,64
321,57,53,62
314,60,54,63
310,65,51,62
307,69,44,62
304,71,37,63
300,74,34,60
294,77,34,60
288,78,38,60
281,75,43,63
277,74,44,61
274,72,46,61
272,70,43,61
270,71,40,60
271,72,34,58
269,70,34,58
266,68,37,61
265,68,41,61
264,68,41,63
266,68,40,64
269,67,36,67
272,68,37,67
274,67,45,68
279,66,47,69
285,66,51,67
296,64,48,68
308,63,47,67
325,61,42,67
337,60,43,66
352,60,40,67
365,58,38,67
376,59,38,61
385,61,39,57
392,63,37,57
396,67,37,55
399,68,34,57
397,70,33,55
393,71,32,54
385,74,35,53
376,77,37,51
365,81,38,48
354,84,42,46
344,82,42,44
332,77,40,43
320,73,33,43
307,67,30,46
294,63,30,47
278,59,34,47
263,57,40,45
253,53,41,43
243,50,41,44
232,45,44,45
224,42,45,46
225,37,44,45
225,31,49,44
228,29,49,41
232,30,49,34
242,29,45,37
246,30,48,40
255,29,48,48
268,29,44,53
285,28,41,55
301,30,35,55
314,32,38,55
330,35,37,55
342,36,44,56
355,37,47,55
370,38,44,54
384,39,35,54
395,38,34,53
405,37,33,51
410,36,33,50
414,35,35,49
418,35,35,49
421,38,33,48
423,43,29,46
423,46,28,46
419,48,30,47
413,50,34,47
407,53,36,47
402,56,36,48
395,61,35,46
389,64,32,47
382,68,28,46
373,72,27,46
363,77,27,46
353,82,28,47
340,87,28,46
331,91,28,44
319,92,29,45
311,92,30,46
302,92,30,46
291,91,37,47
282,89,43,48
276,89,46,47
273,90,47,45
271,89,48,46
270,89,47,47
272,89,45,49
276,89,43,50
280,90,41,53
287,93,37,52
293,100,36,49
303,106,32,45
310,111,31,43
324,116,25,42
332,120,27,44
340,125,27,45
349,130,27,45
356,134,27,44
356,135,27,44
363,138,28,42
364,137,28,42
370,138,29,41
375,139,30,40
380,137,30,40
383,134,29,40
386,131,28,40
388,129,26,39
390,127,24,39
391,127,22,40
390,127,24,39
387,127,27,38
383,128,30,38
379,129,31,39
377,130,30,39
374,131,28,39
371,132,26,38
368,132,25,38
363,131,26,39
358,132,27,40
353,132,30,40
347,132,34,40
343,131,36,41
341,129,36,41
340,126,35,42
340,122,33,42
342,118,30,43
345,112,27,44
349,108,25,44
352,105,27,44
356,101,28,44
360,99,29,44
364,97,31,45
371,96,30,45
377,96,29,48
384,97,28,48
388,99,29,48
395,102,30,47
398,103,35,48
401,108,38,49
405,113,39,48
410,113,37,47
418,110,30,47
424,106,27,46
426,103,28,46
430,100,27,46
432,98,28,46
432,96,31,46
431,94,36,48
431,93,40,49
430,92,43,50
430,93,45,51
431,95,44,53
433,98,40,53
435,99,35,54
436,98,32,54
433,96,35,56
431,94,36,58
429,94,36,58
427,93,34,60
423,92,35,60
418,91,38,60
413,90,38,60
410,91,35,60
407,93,33,59
399,96,38,58
393,99,43,58
387,103,46,57
384,109,44,55
383,113,40,54
382,118,34,52
380,122,31,49
379,124,28,47
376,122,29,46
374,120,30,44
372,120,32,43
370,121,33,41
369,121,33,40
368,122,31,39
367,121,30,39
367,120,28,39
368,119,26,39
368,117,25,38
367,116,25,37
367,116,27,36
366,116,28,36
365,116,30,36
366,115,31,37
366,114,31,37
367,114,32,38
368,114,31,38
370,115,30,39
372,115,29,40
374,114,29,41
376,113,30,42
379,113,31,42
382,111,32,43
384,107,36,44
385,102,40,47
389,97,40,48
393,92,40,49
398,85,38,51
403,77,37,55
408,68,35,58
412,63,35,59
414,58,35,60
415,57,35,58
415,57,37,55
414,58,40,53
413,60,41,50
410,62,41,51
408,66,41,52
406,70,39,53
403,77,37,53
399,81,34,55
395,87,32,55
389,94,33,53
384,100,33,51
379,106,34,48
375,111,33,45
371,115,34,42
371,115,33,42
368,117,32,41
368,117,32,40
366,118,30,39
363,117,28,37
361,113,26,38
360,110,25,38
358,107,25,37
356,103,26,37
355,100,26,36
353,97,27,35
352,94,29,35
351,93,29,35
350,92,29,36
350,92,29,36
350,93,28,37
350,94,28,38
350,97,27,39
351,100,27,40
351,103,28,40
352,105,31,39
353,106,34,40
356,105,37,41
360,102,39,42
366,98,40,44
373,93,40,45
381,87,39,47
390,81,39,49
400,75,41,50
409,68,43,49
419,61,44,51
430,58,43,47
440,55,43,46
451,56,43,43
461,57,41,48
471,60,40,51
481,65,35,52
488,71,33,54
492,78,32,55
493,86,32,54
492,96,32,53
489,105,33,52
485,114,32,49
479,121,30,48
471,128,30,47
462,134,29,44
454,140,28,40
445,144,26,39
435,147,25,38
424,149,24,36
414,150,24,35
402,151,25,34
389,149,29,34
380,148,30,34
371,146,30,34
362,144,31,33
354,142,30,33
346,139,31,33
339,137,30,33
334,134,29,33
327,131,30,33
323,129,32,34
320,127,33,34
316,125,34,34
314,123,36,34
315,121,37,34
318,118,36,36
322,116,36,37
328,113,36,39
335,111,37,40
343,110,40,41
353,109,41,42
365,108,42,42
380,105,43,42
394,104,44,44
410,102,44,45
428,101,40,48
447,100,36,49
462,100,32,51
474,101,34,51
484,103,35,50
490,106,36,49
495,109,36,49
499,112,34,48
499,115,32,46
498,119,30,44
492,123,30,43
485,126,28,41
476,127,27,40
466,129,27,38
455,131,26,38
443,132,24,36
431,134,24,36
417,135,25,35
404,135,25,34
391,136,26,33
377,135,27,33
365,133,26,33
352,132,25,32
340,130,24,32
328,128,24,33
313,125,29,33
303,121,31,35
295,117,30,35
288,114,32,37
281,113,34,36
276,110,32,38
273,107,31,40
273,105,31,40
274,104,30,41
277,103,32,42
281,102,35,43
287,99,37,45
300,98,35,46
314,98,35,47
332,97,33,48
348,94,34,51
367,92,38,50
385,90,45,51
401,88,52,53
419,85,56,52
437,84,54,52
438,84,56,51
454,82,53,50
454,82,55,50
468,81,56,51
481,80,54,51
490,79,52,51
497,80,52,50
500,81,54,50
503,84,52,50
503,89,51,48
501,92,51,50
498,96,50,50
493,100,47,52
489,104,43,53
481,109,40,52
473,114,36,52
463,120,34,51
452,124,33,49
441,129,32,48
429,131,31,46
416,133,32,47
405,135,29,47
393,136,32,46
382,137,33,44
370,139,36,44
362,141,36,43
355,142,35,44
346,144,37,45
340,148,35,44
333,152,36,43
329,156,36,44
325,160,35,45
320,165,37,45
317,171,37,39
317,176,36,35
321,178,30,33
325,184,27,27
327,189,26,22
327,191,26,20
329,193,24,18
332,196,23,16
334,199,23,14
338,202,21,15
340,204,21,16
341,206,21,14
334,206,28,16
354,208,14,16
362,209,10,11
363,210,11,10
363,211,13,10
362,212,17,10
363,211,16,10
363,211,17,10
363,210,16,10
361,209,16,10
359,207,18,12
357,206,19,13
356,204,19,14
355,203,20,16
354,203,20,16
337,205,25,19
339,209,21,17
335,205,27,21
336,205,24,25
333,204,26,21
336,205,22,21
323,198,37,29
324,193,37,49
319,206,38,73
322,207,36,42
319,204,37,67
320,206,38,39
248,200,31,69
317,220,20,55
247,203,31,78
320,210,34,49
247,208,28,68
338,205,26,25
339,204,24,20
340,206,20,19
335,204,26,27
325,199,35,30
324,201,33,39
319,211,38,80
319,206,40,71
323,209,35,42
319,215,27,64
326,206,32,26
327,202,30,25
325,202,34,33
322,203,36,42
321,203,38,35
320,205,40,47
320,208,37,40
319,205,38,67
318,200,41,37
323,203,36,26
321,201,35,42
322,202,37,33
320,200,39,51
319,204,35,65
317,204,36,49
320,204,35,41
321,203,36,38
321,202,38,36
321,205,38,45
320,203,39,44
323,204,36,30
320,202,40,47
247,207,32,73
320,210,35,48
247,210,28,68
328,203,37,40
318,206,39,48
318,200,39,41
318,202,40,34
318,205,39,29
318,200,40,49
318,205,37,63
320,208,35,41
317,201,40,45
319,199,40,44
319,203,38,57
321,203,32,51
320,206,38,62
320,208,38,67
320,208,34,48
248,207,28,70
320,199,30,40
322,207,33,22
320,205,37,35
321,203,36,35
321,205,36,46
322,204,36,43
323,204,36,40
320,206,37,53
318,201,39,57
320,209,37,61
318,208,37,74
319,206,43,49
330,202,40,45
355,205,19,16
358,206,19,13
360,206,21,14
364,206,22,14
367,206,24,14
372,206,23,14
375,206,25,16
379,205,24,17
380,205,24,18
382,206,24,18
383,207,23,20
384,209,23,20
385,209,23,20
385,210,22,20
386,210,22,21
390,212,20,23
394,215,19,27
396,216,18,35
398,217,19,42
398,217,19,42
397,217,19,45
397,219,18,44
397,219,18,44
397,220,17,44
398,220,16,43
398,219,17,46
397,220,18,46
397,219,20,45
398,218,21,47
399,217,22,46
399,217,23,47
399,216,23,47
399,216,23,47
399,217,23,48
399,217,22,48
399,216,23,48
399,216,24,49
400,216,24,49
400,216,26,48
400,216,29,48
401,216,30,48
401,216,32,47
401,217,32,47
401,216,33,48
402,215,31,48
403,214,30,48
404,213,30,49
405,213,30,48
406,213,31,49
405,213,35,47
406,213,37,48
406,212,38,48
408,213,39,47
409,214,39,48
411,215,38,48
415,218,34,49
418,222,32,49
421,224,30,50
423,227,29,52
424,231,30,52
425,234,32,52
426,236,35,51
427,237,36,51
429,238,36,52
432,239,35,51
436,240,32,52
438,241,30,52
439,241,29,54
440,243,30,54
441,245,30,54
442,246,30,55
443,247,32,56
442,250,34,57
443,252,35,56
443,253,34,56
444,255,32,57
444,256,32,57
442,257,35,58
439,258,39,59
439,258,39,58
439,259,37,58
439,260,35,56
439,260,33,56
439,260,32,57
438,260,32,57
436,260,33,57
432,259,37,58
428,258,41,58
426,257,42,57
425,255,43,58
424,254,41,57
425,254,39,57
426,253,35,57
426,252,34,58
426,252,33,58
426,251,33,59
426,249,32,59
425,247,33,60
425,246,33,60
424,244,35,60
424,242,37,60
425,239,40,61
426,237,40,61
428,235,39,62
431,234,36,62
435,235,34,62
437,234,35,63
439,235,38,64
442,234,38,66
446,233,36,66
449,232,38,68
451,228,41,70
454,224,43,72
457,222,42,73
462,219,41,74
463,217,43,76
464,216,48,76
464,215,54,76
465,213,55,78
469,211,54,80
472,210,52,80
473,210,50,79
474,209,50,79
474,207,50,79
472,204,52,79
468,201,57,78
466,198,60,76
463,194,61,77
462,189,61,78
460,184,60,76
458,181,58,73
458,173,55,73
458,169,52,72
455,164,51,71
453,158,50,70
451,153,51,69
447,147,52,68
445,141,52,66
443,132,52,67
442,123,49,68
439,115,47,70
438,110,43,68
438,103,41,67
435,96,38,65
432,89,38,64
429,82,37,62
424,75,38,61
421,69,37,60
418,62,35,61
414,56,36,60
411,51,36,62
408,48,34,60
404,46,34,60
400,43,35,60
394,42,38,61
391,41,37,61
387,42,37,57
383,42,39,58
379,42,39,56
376,43,38,56
372,44,39,56
369,45,37,55
365,47,36,55
361,49,36,57
359,53,34,57
356,56,32,57
353,60,31,55
349,63,31,57
345,66,33,56
343,71,32,53
340,73,31,53
337,74,32,54
333,75,32,52
329,75,35,52
326,74,37,53
322,71,40,54
318,70,43,53
315,69,44,55
312,67,45,52
310,67,45,54
309,66,43,54
309,66,42,55
308,66,41,57
307,65,41,58
308,66,39,57
308,68,40,57
308,68,42,57
311,69,43,55
315,68,42,55
318,68,42,56
327,67,38,56
333,67,38,55
342,68,35,53
351,68,35,54
358,70,40,56
367,74,38,55
377,76,36,57
387,78,36,56
399,78,34,59
409,78,37,60
422,79,37,60
427,82,44,59
433,86,48,58
440,90,51,59
446,93,51,57
451,95,51,57
456,98,47,56
460,99,45,55
462,101,42,54
463,102,39,54
462,103,38,53
461,104,37,52
460,104,36,51
460,104,37,52
460,104,36,52
392,93,19,41
356,82,28,31
362,80,35,17
363,76,27,15
358,71,24,19
339,68,34,40
332,66,34,40
325,64,33,41
317,63,34,40
310,62,35,42
307,61,32,43
301,59,31,46
296,58,32,46
292,57,34,48
290,58,33,49
288,58,33,50
287,59,33,51
287,60,33,52
289,61,33,52
291,61,31,53
296,60,31,53
303,59,31,55
309,57,36,58
315,55,41,60
328,52,37,59
337,49,38,61
346,49,41,59
358,49,44,61
368,50,46,62
378,53,46,59
386,58,48,58
395,66,48,55
401,71,47,54
406,78,45,52
411,83,42,52
414,88,39,53
415,92,36,53
416,97,33,54
415,103,31,52
413,108,29,50
409,111,27,48
404,113,27,46
399,115,25,43
396,115,23,41
396,114,19,38
394,110,15,37
357,85,27,25
355,85,27,24
349,84,21,34
352,84,27,25
347,84,35,29
346,81,27,25
336,78,23,35
329,76,27,37
322,75,30,37
315,75,32,36
310,74,31,37
308,74,28,39
304,73,27,40
300,72,27,42
296,71,27,44
293,71,30,46
292,70,30,46
292,67,31,48
293,62,31,50
296,58,29,51
301,51,31,54
306,43,34,57
311,36,35,60
318,31,41,57
328,26,42,59
339,22,43,57
349,20,45,56
359,19,46,53
370,19,46,52
379,18,47,53
387,21,48,52
392,23,52,56
398,30,50,57
404,39,48,56
411,48,41,55
416,57,34,55
416,63,31,56
415,72,31,55
412,79,33,55
409,87,32,55
406,93,31,53
402,99,28,49
397,104,28,46
391,108,27,43
387,110,26,41
383,110,25,41
380,109,23,39
375,108,22,36
372,106,19,30
373,103,13,27
373,103,13,27
330,94,41,18
332,86,33,21
336,79,26,23
335,75,22,26
333,69,21,30
329,62,22,39
323,55,26,41
320,48,28,43
320,42,28,44
320,31,31,47
322,22,31,48
328,12,31,50
333,5,34,51
338,1,37,48
340,1,35,47
346,0,39,43
348,0,38,42
355,0,41,38
363,1,43,35
378,0,41,39
389,0,48,45
402,0,53,52
418,0,55,58
438,3,57,63
458,9,59,65
483,15,60,67
507,24,63,68
534,28,49,76
564,64,56,61
592,61,48,76
613,76,26,75
557,8,30,17
574,1,24,22
586,2,51,34
611,8,27,42
622,127,17,36
620,195,18,26
621,148,17,25
621,148,17,25
621,148,17,25
621,148,17,25
621,148,17,25
623,89,17,25
623,89,17,25
620,25,20,32
509,0,21,15
546,0,19,14
574,63,13,13
574,63,13,13
574,63,13,13
574,63,13,13
574,63,13,13
599,33,20,26
599,33,20,26
410,100,14,34
410,106,11,28
404,96,16,37
406,98,13,38
355,147,32,33
318,211,43,52
251,210,32,68
318,214,39,76
252,213,34,67
196,201,43,78
250,210,39,72
317,212,41,76
319,212,40,74
252,211,33,70
320,212,36,68
250,211,36,69
196,201,42,77
249,212,37,70
195,205,43,72
320,213,39,60
251,216,33,64
318,219,36,69
251,213,35,66
320,211,37,73
319,211,39,79
319,212,39,77
252,211,38,69
319,210,41,78
321,211,38,75
251,214,33,67
318,212,39,77
251,212,38,68
196,204,43,73
252,211,32,67
318,214,40,76
319,211,41,78
321,210,38,64
321,211,37,72
320,210,38,77
320,211,38,72
319,209,39,62
320,209,38,80
320,211,39,76
318,209,41,84
320,211,40,75
319,211,40,76
321,211,38,64
321,211,37,64
321,210,38,60
319,208,37,78
319,212,39,80
320,211,39,66
320,211,38,71
319,212,39,77
320,213,38,75
320,211,38,83
320,212,39,74
320,210,39,77
319,211,40,73
320,212,37,80
319,213,38,76
320,210,39,81
321,213,36,64
321,209,37,67
318,210,41,88
321,211,38,78
320,210,39,78
319,210,40,71
319,212,39,77
320,210,39,79
320,211,39,74
318,206,42,79
321,211,38,68
320,211,39,73
320,210,38,80
320,212,39,77
320,211,39,75
318,202,44,92
321,211,38,75
251,211,35,70
197,199,41,78
321,213,38,53
319,209,35,81
253,213,33,67
319,210,38,79
320,213,39,77
252,213,35,67
321,211,36,73
320,213,39,74
253,214,31,66
196,206,40,71
253,214,36,66
322,209,34,59
250,214,30,65
321,209,31,49
248,210,32,68
250,215,31,64
198,204,39,73
320,217,38,74
321,210,36,71
320,213,39,78
319,211,40,75
251,213,34,68
321,211,36,63
319,210,36,79
251,214,34,66
320,208,38,72
322,210,34,65
320,210,36,79
250,214,35,66
319,210,40,77
321,212,37,75
321,208,36,53
247,221,31,58
249,215,32,64
249,216,33,66
250,225,34,54
249,217,34,64
249,220,32,60
251,215,31,65
247,214,32,70
251,215,31,62
251,221,31,57
248,214,30,65
251,211,32,68
250,222,30,56
248,215,30,65
250,214,34,66
244,215,43,70
245,207,48,77
251,209,39,72
247,212,44,73
250,211,40,69
247,217,41,67
196,206,39,71
252,217,35,63
248,223,32,56
248,214,33,64
254,212,30,68
250,211,29,69
252,214,32,68
250,212,32,62
319,208,38,80
252,214,36,66
197,198,40,81
251,210,35,71
248,210,40,70
248,215,40,67
246,208,42,73
318,81,33,19
313,34,50,66
311,31,49,69
310,31,47,69
309,33,45,68
310,35,43,66
310,37,43,66
310,39,45,67
310,41,47,67
311,41,49,68
314,43,49,68
317,44,48,69
321,45,45,70
326,45,41,69
328,44,42,69
331,43,40,70
334,44,39,69
336,46,41,67
337,49,44,68
337,52,46,69
337,55,48,68
337,56,49,69
338,58,47,69
338,61,46,70
338,63,46,70
337,65,45,70
336,67,45,69
334,69,45,67
331,71,46,66
329,73,47,67
326,76,49,67
324,78,48,66
322,82,47,65
320,85,46,65
318,89,45,62
315,92,46,62
313,95,45,61
311,97,45,62
308,100,45,61
308,101,44,61
307,104,44,60
306,105,44,61
305,111,44,60
304,115,42,59
303,117,42,60
303,122,40,59
303,126,39,58
302,131,37,59
301,134,37,60
301,136,38,62
299,139,38,63
299,145,38,59
298,152,38,54
300,156,35,52
300,159,34,49
299,164,33,47
297,167,32,44
295,171,31,38
292,174,31,34
289,178,30,30
286,182,30,27
283,185,29,24
280,187,28,21
278,188,27,20
276,190,26,18
275,190,27,18
275,190,26,19
276,191,26,18
276,191,25,17
276,192,26,16
276,193,26,15
278,195,24,14
279,196,24,12
279,197,25,11
281,199,25,11
285,199,19,11
289,199,14,11
318,213,17,33
276,202,19,19
292,199,18,16
324,206,29,17
283,202,16,19
321,210,22,49
264,206,31,28
259,200,32,32
196,169,31,39
239,182,24,30
239,188,17,18
274,202,24,14
319,221,21,52
276,199,31,30
322,210,32,21
276,203,17,24
276,203,17,24
273,199,23,23
278,197,21,19
282,201,21,18
284,198,17,16
285,199,16,16
285,200,16,16
285,201,15,15
318,213,21,42
269,200,25,27
274,197,25,25
280,190,25,21
279,202,22,20
323,206,27,18
283,203,16,16
289,200,13,13
277,201,15,13
294,193,14,17
322,200,30,28
271,204,24,24
271,204,24,24
240,188,20,19
283,203,18,14
294,197,15,14
324,206,17,16
295,195,19,20
266,202,33,20
320,207,21,15
300,193,23,21
291,193,18,20
292,192,21,21
295,192,14,18
274,202,23,13
301,194,24,19
281,206,17,15
304,196,17,16
271,202,25,15
271,202,25,15
292,190,23,21
293,201,25,18
285,207,15,15
285,207,15,15
283,203,18,15
285,204,15,15
316,213,17,44
265,202,25,24
279,199,22,21
279,199,22,21
279,199,22,21
238,192,18,19
286,202,15,13
289,199,17,13
288,199,14,12
283,200,14,12
282,202,15,10
266,201,28,13
266,201,28,13
242,189,16,18
270,202,27,14
322,208,16,20
322,208,16,20
276,205,18,20
322,206,18,28
276,202,16,22
275,200,21,18
322,207,17,24
321,207,30,18
279,204,17,21
322,206,18,26
279,207,16,18
322,204,12,22
322,204,12,22
279,205,16,17
319,233,14,34
282,198,15,13
282,196,29,14
285,183,32,26
285,171,36,39
285,159,39,51
291,151,35,52
297,140,32,53
303,129,36,55
305,115,42,55
307,100,50,56
309,86,52,59
314,81,49,50
318,73,50,55
324,62,44,59
331,53,37,60
336,45,35,58
339,36,34,62
342,28,34,64
345,21,33,65
345,15,35,67
341,11,44,67
338,8,50,67
335,4,55,64
335,1,54,63
336,0,53,59
336,0,49,55
336,1,42,50
334,1,38,45
331,0,36,41
326,0,38,37
324,0,37,34
321,0,38,34
316,0,40,34
312,1,42,33
308,1,42,34
305,0,40,38
305,0,37,40
303,0,34,44
301,0,34,48
299,0,39,53
301,0,36,58
303,1,34,62
307,3,30,64
307,8,34,62
308,12,36,60
310,15,37,60
313,19,35,60
317,23,33,58
323,27,29,56
327,31,30,54
328,35,30,53
332,39,29,52
334,42,29,52
334,44,32,53
334,44,34,54
335,44,34,54
336,44,33,54
337,42,31,55
338,41,29,55
337,39,29,55
335,36,31,56
333,33,32,58
331,29,32,60
327,26,34,62
323,22,35,63
318,16,36,66
314,13,36,64
310,8,37,64
301,3,43,64
297,0,46,59
291,0,50,54
286,0,50,54
288,0,44,49
282,0,45,47
279,1,43,44
278,2,41,44
276,2,43,44
275,3,43,47
274,7,43,52
274,10,56,59
278,14,53,68
280,24,51,70
285,34,44,69
293,45,36,65
298,59,32,61
302,70,31,59
305,81,32,59
305,88,36,59
308,95,37,54
312,98,38,53
315,100,36,52
315,101,36,50
311,100,39,48
309,100,38,46
307,100,38,49
306,100,36,50
305,100,33,50
304,97,32,51
303,91,32,55
303,84,33,54
299,80,37,55
296,77,40,55
296,73,41,52
293,67,45,53
293,59,44,56
292,52,45,58
291,45,46,61
291,40,45,64
293,32,43,68
294,24,45,69
295,17,47,72
295,10,49,72
295,5,52,72
295,1,53,72
295,0,53,72
295,0,53,72
296,0,50,69
297,0,50,68
302,0,43,64
306,0,40,61
309,0,38,50
310,0,39,56
309,0,38,70
310,1,39,73
308,1,42,77
307,6,44,76
307,12,45,77
306,19,43,78
307,31,40,74
307,41,36,71
306,50,35,67
305,60,36,63
305,69,34,62
305,76,32,58
307,79,29,56
307,80,29,54
308,82,29,53
308,82,28,51
308,80,28,50
308,74,30,50
308,71,32,49
308,67,33,49
308,63,32,50
308,60,32,51
310,57,31,50
310,54,30,50
311,52,29,50
310,50,29,52
309,49,30,53
308,50,31,55
306,50,33,56
304,49,35,56
302,47,38,59
299,43,39,62
298,40,38,64
297,34,37,67
296,24,37,71
295,12,38,75
294,5,39,75
293,1,39,73
291,2,41,63
292,1,44,54
292,1,49,48
290,2,54,44
288,2,54,47
290,1,52,53
289,2,53,64
288,1,54,72
290,1,50,82
290,2,49,92
288,3,52,106
286,15,57,107
283,35,63,100
281,52,64,94
279,64,68,93
280,75,63,88
281,84,60,89
284,91,52,88
286,95,47,85
287,93,44,83
284,91,44,80
280,83,47,82
275,74,51,84
273,64,53,79
271,54,55,79
270,45,54,79
270,37,53,82
270,32,49,82
271,25,46,83
270,22,45,82
267,18,47,85
266,15,48,85
265,12,45,84
265,9,44,80
262,6,49,74
259,4,56,67
261,1,56,63
264,0,52,64
267,0,47,64
272,0,39,64
272,0,42,66
272,0,48,66
274,0,49,70
277,4,46,71
282,8,39,72
288,15,35,69
289,20,38,65
290,23,42,63
293,28,42,60
297,32,38,59
302,35,33,58
307,38,30,59
308,39,32,58
308,42,32,58
309,45,32,57
311,48,29,55
312,52,30,54
312,54,32,53
312,56,33,52
313,58,31,50
315,60,29,51
317,63,27,50
316,65,28,50
316,67,32,48
316,68,34,47
318,69,31,47
321,69,26,48
326,70,18,48
329,63,17,58
324,81,23,34
317,70,20,39
308,48,35,67
307,1,28,25
303,3,33,22
294,2,36,31
276,58,15,30
266,55,20,32
266,49,21,38
255,44,29,34
257,1,20,33
245,36,31,41
239,21,34,61
200,201,31,35
248,208,29,70
249,215,27,64
249,216,25,60
249,214,27,64
249,182,30,41
246,208,26,68
247,219,31,59
249,218,31,59
281,222,31,55
248,223,30,53
195,200,42,78
255,203,39,77
194,196,38,59
260,203,38,71
255,196,43,75
259,201,38,65
255,202,43,67
252,206,42,75
259,201,37,69
254,207,42,70
254,204,40,73
254,204,40,70
252,206,41,72
253,205,39,72
257,204,37,72
256,199,39,68
255,206,40,72
253,204,41,75
257,204,35,51
254,198,39,49
252,194,42,68
260,202,35,45
271,204,33,71
256,201,39,67
255,207,40,71
262,199,34,52
263,202,35,52
259,205,40,73
249,206,42,73
260,201,32,41
247,201,36,79
255,204,41,73
259,205,36,63
232,184,37,27
247,212,29,64
255,203,39,68
262,199,34,61
260,204,36,48
273,206,27,72
256,192,39,61
255,207,41,67
254,205,41,74
259,203,35,46
271,204,29,73
250,212,39,68
244,187,33,29
249,204,40,75
261,202,30,44
261,202,30,44
258,201,37,62
263,201,34,50
264,204,31,44
261,202,37,53
260,200,33,41
263,203,33,56
269,200,28,48
266,205,31,43
247,200,36,79
255,199,38,78
262,201,32,41
268,202,32,66
261,203,37,73
248,191,44,73
260,200,31,56
261,204,33,46
250,199,40,66
260,200,31,55
269,204,27,50
271,204,26,54
267,201,30,47
234,187,35,23
248,211,28,61
236,185,31,23
248,208,23,62
248,218,28,57
248,220,34,58
259,197,30,43
247,201,33,72
259,196,29,51
260,202,33,43
263,203,30,36
246,207,34,69
255,200,36,70
267,202,30,47
245,201,39,76
255,194,29,60
244,201,39,78
258,201,33,61
236,185,32,23
235,184,27,31
254,202,28,30
247,206,30,72
255,198,38,65
264,202,30,48
256,201,41,60
255,202,36,70
258,201,33,42
258,198,36,51
259,201,38,53
260,203,28,43
280,236,23,46
278,231,24,50
278,224,25,56
278,224,25,56
261,201,37,55
255,195,37,46
235,187,36,23
233,186,49,34
248,204,39,77
258,190,54,76
257,188,65,79
197,201,35,68
249,242,40,36
194,236,52,40
195,250,39,30
141,179,71,45
156,146,72,72
148,137,74,71
158,123,68,72
193,245,36,33
194,240,41,35
194,227,41,48
194,224,40,51
195,224,44,50
194,219,43,55
194,213,42,61
196,209,42,67
251,219,28,55
249,215,29,60
249,216,27,59
250,219,24,56
249,215,30,60
195,199,41,77
194,199,46,81
193,196,47,58
277,238,34,36
278,236,28,41
279,235,32,41
279,235,32,41
193,201,46,76
195,204,41,73
197,202,36,75
199,203,29,75
198,201,33,78
197,203,36,76
197,208,37,71
196,201,37,77
197,206,36,72
196,206,35,73
197,203,33,75
196,200,34,77
196,202,32,75
198,202,30,75
197,202,28,76
199,199,23,62
195,202,26,76
195,207,26,71
195,207,26,70
195,206,25,71
195,206,27,71
195,206,26,72
195,204,28,73
194,206,28,72
194,206,29,72
194,205,30,72
196,205,27,74
196,207,27,72
196,206,26,72
195,208,26,69
195,209,25,68
196,211,23,67
195,212,23,64
194,213,24,64
195,213,23,64
195,212,23,65
196,212,21,66
195,212,22,65
195,215,22,61
195,214,22,62
194,213,23,64
195,212,22,65
195,213,22,64
195,213,22,64
194,212,23,65
195,212,22,65
195,211,23,66
194,211,23,66
194,212,24,65
195,212,23,64
194,213,23,63
194,213,22,63
194,213,23,63
194,213,23,64
194,211,23,65
194,211,24,66
194,211,23,65
195,212,23,64
195,212,24,64
195,212,23,65
194,211,24,65
194,211,25,65
194,210,25,66
194,210,25,67
194,210,25,67
194,211,25,66
194,211,26,65
194,210,25,66
194,211,26,66
194,211,26,67
193,210,26,68
194,210,26,67
194,211,26,66
194,210,25,66
193,210,26,66
194,211,25,65
193,212,25,65
194,213,25,64
196,227,23,49
194,214,23,63
195,218,21,59
195,213,23,62
195,215,23,61
195,217,22,60
194,219,23,58
195,217,22,59
194,220,22,56
194,217,21,58
194,217,21,59
194,221,21,55
194,219,21,57
194,223,21,53
194,224,21,51
194,223,21,50
194,219,21,57
194,217,22,58
194,223,21,53
194,218,21,57
193,221,22,54
194,218,22,58
194,220,21,56
193,220,22,56
194,226,21,49
193,220,22,55
194,221,22,55
194,220,22,56
194,220,22,57
194,221,22,54
194,219,22,57
194,219,22,57
194,218,22,58
194,217,22,59
194,218,23,58
194,225,23,52
194,219,23,57
194,214,23,62
194,215,23,62
194,216,24,61
194,216,24,61
194,217,24,59
194,215,24,62
194,216,25,62
194,214,25,63
194,215,25,62
193,212,25,65
194,214,25,63
194,213,25,63
194,212,25,64
194,214,25,63
194,214,25,63
194,214,25,64
193,213,26,64
194,214,25,64
194,216,25,62
194,214,25,64
194,214,25,63
193,214,26,63
193,216,25,61
194,215,25,62
193,214,25,63
194,215,24,62
194,214,24,63
193,212,26,64
194,219,24,58
193,215,24,61
193,215,25,62
193,218,25,59
194,216,24,61
194,215,24,62
194,216,24,61
194,214,24,64
193,213,25,64
194,214,24,63
194,214,24,64
195,214,24,63
193,213,25,64
195,216,23,62
194,214,24,63
194,213,24,64
195,215,24,63
195,214,24,64
195,216,23,62
