234,80,52,37
230,76,50,44
228,77,53,42
226,77,54,43
226,77,52,43
225,77,52,42
226,76,51,42
225,76,50,41
224,75,51,41
223,75,51,41
224,75,50,40
223,74,50,41
224,74,50,41
223,75,51,40
224,74,50,42
225,75,49,42
228,75,46,45
230,77,44,46
230,77,44,47
231,76,44,48
231,74,46,48
230,72,47,49
230,68,45,48
226,65,49,44
228,59,48,48
226,48,48,48
226,45,43,45
227,34,45,42
227,28,50,39
229,22,51,44
233,16,54,45
235,9,54,49
245,7,43,28
239,8,48,57
259,6,33,37
230,29,58,40
229,31,56,42
231,46,49,49
237,65,45,45
239,71,46,44
243,76,46,52
246,79,42,54
251,85,39,56
251,87,39,56
252,91,37,53
252,92,38,51
251,91,39,51
246,89,41,49
243,85,48,44
243,81,50,44
242,74,43,42
241,71,54,37
246,65,48,36
256,57,40,40
262,55,35,42
257,52,42,42
260,52,40,44
258,56,41,43
248,70,50,33
247,71,46,38
246,81,51,42
246,89,47,43
252,103,41,40
259,111,37,49
261,111,36,54
264,116,36,49
266,120,35,50
264,119,38,50
266,116,35,50
265,114,35,52
258,109,38,54
254,104,36,50
248,98,41,49
241,91,43,47
239,85,46,47
236,77,41,44
233,72,47,40
233,65,51,36
238,59,49,35
241,51,46,41
246,47,45,44
249,46,46,47
250,47,44,46
251,54,44,43
251,59,47,42
251,66,46,38
252,70,47,40
253,79,46,37
253,83,47,36
255,91,47,34
261,101,43,29
270,110,38,27
267,119,47,29
278,123,56,48
284,127,53,43
295,132,42,51
288,131,41,50
288,131,37,52
271,74,43,32
284,129,44,61
283,130,45,48
281,128,52,47
278,35,36,42
271,124,34,44
264,123,34,40
261,113,34,42
254,102,40,40
250,89,45,40
246,83,54,39
247,73,48,34
247,63,41,33
250,56,49,36
256,47,42,43
261,45,40,46
265,47,40,45
267,52,52,43
271,56,33,44
264,66,39,51
263,79,38,46
248,81,48,43
244,72,52,41
283,118,48,28
281,124,48,34
284,129,48,37
286,129,45,43
291,129,43,54
292,140,33,43
292,131,38,51
290,127,43,52
283,125,41,46
274,123,36,47
264,114,38,45
255,103,41,39
249,93,43,41
245,84,46,40
243,74,45,36
244,63,39,35
244,54,46,37
246,48,49,40
254,43,45,47
262,44,37,44
267,42,36,48
271,51,41,46
273,57,39,43
276,70,47,49
278,84,29,45
260,89,44,40
266,72,49,55
281,122,47,35
281,127,50,41
283,129,45,44
282,128,44,51
276,128,38,45
265,129,50,46
263,127,71,50
313,22,38,46
250,126,41,41
242,120,40,41
233,113,44,38
232,110,44,39
226,105,49,42
221,101,48,41
219,95,49,39
216,91,50,37
215,89,51,38
213,87,52,36
213,85,52,35
215,81,52,36
218,78,50,37
219,76,50,37
221,71,49,40
227,67,46,42
230,64,44,43
234,65,45,44
234,67,45,42
234,67,45,43
234,68,46,43
234,71,46,43
234,72,46,43
234,73,46,42
234,74,46,42
233,74,46,41
234,74,46,42
233,73,46,41
233,74,47,41
233,74,46,41
232,76,46,40
230,79,48,38
227,85,49,39
227,86,48,40
225,93,49,42
223,97,51,43
222,105,49,40
220,107,50,40
221,108,50,39
220,111,50,37
221,111,52,38
223,113,51,37
227,115,50,36
226,116,51,35
232,117,46,36
237,119,44,35
245,125,38,36
251,127,45,33
252,127,46,33
263,126,46,33
269,124,42,34
244,48,51,31
284,116,41,33
233,55,43,38
231,63,54,37
232,67,51,42
233,74,54,47
238,83,57,49
237,87,56,51
247,98,45,45
251,97,47,48
256,102,46,45
249,55,48,38
248,56,46,37
237,57,48,38
233,60,48,39
230,63,47,38
228,70,45,41
226,82,47,40
226,94,45,42
229,108,44,39
236,117,44,36
243,127,41,34
251,130,43,35
259,130,49,35
267,128,47,34
271,127,48,32
253,52,51,35
282,108,32,34
244,73,57,38
248,85,48,40
260,79,54,52
260,67,43,36
253,56,47,38
247,49,46,40
237,46,53,44
234,47,48,41
230,50,46,41
227,55,45,42
225,68,46,39
224,77,48,43
225,90,45,43
229,105,46,38
236,115,42,35
244,123,41,36
252,130,41,36
260,131,50,37
273,128,53,41
276,132,41,38
279,131,35,43
243,70,55,37
243,78,54,39
244,88,55,40
246,95,54,49
253,105,53,52
259,119,45,44
252,118,41,34
244,103,42,41
242,92,46,37
240,79,47,35
242,68,43,32
248,58,47,36
252,52,45,42
252,51,47,41
255,61,46,39
254,75,50,34
256,90,50,47
255,93,49,44
251,77,56,38
250,65,59,32
274,133,29,39
268,125,46,42
264,124,37,42
258,121,36,33
247,93,57,53
246,91,50,38
245,78,49,37
245,67,41,35
248,60,47,37
248,57,45,39
250,55,45,41
251,55,46,43
251,66,42,38
251,81,47,38
252,87,48,36
256,90,58,43
270,83,48,45
270,80,39,32
271,129,40,42
273,73,38,36
274,73,39,31
276,76,43,31
264,127,36,38
273,95,62,34
261,97,66,41
252,94,49,40
251,89,47,37
250,79,48,35
251,69,42,34
252,67,47,35
255,58,45,39
258,54,46,41
259,53,45,42
261,54,45,43
261,55,44,43
261,59,45,41
258,64,39,37
259,76,51,32
260,82,59,41
264,87,60,59
266,99,48,50
264,97,50,48
284,127,50,42
288,132,48,48
288,130,47,51
286,137,34,48
285,135,37,49
284,134,35,50
281,130,47,50
280,128,50,53
279,128,42,45
276,127,45,44
280,58,51,39
260,121,39,43
257,120,41,41
249,112,37,35
247,102,43,41
245,94,43,39
241,86,54,39
242,84,47,38
240,76,47,37
239,72,46,37
237,69,49,34
238,68,50,34
238,67,50,34
236,69,48,35
237,72,45,37
236,79,51,38
238,86,52,42
237,91,37,38
242,99,51,37
258,79,50,38
256,73,49,45
262,119,48,24
255,64,48,37
271,59,32,38
263,60,35,39
274,59,26,33
268,63,35,36
259,64,36,29
260,62,42,33
272,59,29,38
261,64,41,34
272,61,30,36
257,63,45,35
274,62,32,36
261,112,43,29
249,112,48,28
241,107,42,35
236,105,42,31
231,101,50,31
227,94,49,35
225,91,52,35
223,87,51,36
223,87,51,37
224,86,50,38
227,86,55,39
236,89,47,35
247,92,44,31
263,92,35,32
285,127,64,39
297,89,40,35
319,87,23,33
331,88,19,28
338,87,19,26
338,87,19,26
294,41,23,46
270,1,25,14
270,1,25,14
269,1,18,20
269,1,18,20
279,51,19,60
277,54,22,53
277,54,22,53
277,54,22,53
277,54,22,53
198,111,42,47
206,132,37,42
216,152,30,23
244,118,31,26
267,122,38,46
256,100,40,68
269,97,40,68
263,90,59,70
275,93,55,64
284,94,47,63
260,92,64,47
252,95,56,49
257,100,39,67
270,119,36,51
262,125,38,35
262,125,38,35
378,158,39,27
412,184,90,28
374,161,43,25
369,161,21,25
349,146,27,20
341,117,29,42
340,113,32,48
332,109,30,27
328,106,28,33
323,105,26,39
319,106,22,44
315,104,26,44
314,102,29,53
232,67,26,38
234,71,29,32
308,63,21,52
307,51,21,43
308,41,19,50
306,30,22,55
304,27,21,54
303,27,21,52
303,29,22,52
303,34,22,48
301,40,23,51
300,46,23,49
299,62,23,43
303,69,20,47
304,72,20,53
304,81,22,48
249,51,30,41
249,49,31,43
241,53,37,43
307,84,32,39
309,76,47,39
317,82,43,33
319,77,55,35
330,79,54,33
333,78,53,33
339,77,50,33
340,76,46,33
344,73,37,38
346,72,36,37
346,73,33,37
345,72,38,36
345,72,36,37
342,74,38,36
340,74,42,36
340,76,45,35
340,80,50,31
341,78,47,35
340,72,45,45
339,76,37,45
343,75,29,44
343,73,27,32
353,71,21,29
347,70,28,28
344,62,33,34
343,62,34,33
339,56,44,38
346,50,40,43
341,52,31,27
344,51,19,24
336,49,26,27
341,45,22,27
338,46,25,27
339,46,23,23
330,43,32,25
332,46,31,22
327,44,37,23
320,45,39,21
320,44,41,24
317,17,44,54
319,32,40,34
321,38,41,30
331,45,30,23
295,46,76,33
233,52,45,25
198,37,41,43
284,4,37,32
284,2,43,19
292,0,39,12
299,0,29,10
296,0,37,12
284,0,44,10
278,1,44,16
205,61,75,31
283,33,37,28
283,33,37,28
246,52,30,43
198,23,39,50
200,17,40,52
196,17,40,58
192,30,28,47
237,34,18,59
184,21,38,48
181,23,41,42
180,10,46,47
176,11,47,45
172,12,44,45
198,27,35,39
241,73,28,64
242,69,27,59
239,74,29,65
202,38,29,38
202,38,29,38
173,24,57,54
236,68,29,37
231,93,24,24
197,50,33,32
172,32,54,49
287,60,32,34
284,57,32,41
201,74,47,39
169,27,55,53
282,53,34,34
202,61,53,48
282,47,40,42
283,44,45,41
291,42,34,45
296,41,27,40
333,57,34,34
297,50,26,29
283,40,26,20
282,43,23,14
282,45,20,12
291,40,47,21
340,57,24,44
336,41,26,55
337,60,31,42
339,60,30,42
338,60,30,41
338,60,32,38
340,57,31,39
282,48,22,22
282,48,22,22
215,45,24,40
217,37,19,46
215,32,18,49
201,27,28,35
166,10,65,49
199,29,38,38
281,30,38,38
273,28,49,48
275,43,37,38
275,45,54,46
271,52,28,40
271,52,28,40
277,51,26,39
310,28,36,42
278,50,44,39
279,45,37,38
223,59,23,30
278,42,19,32
278,42,19,32
332,38,40,33
288,40,31,28
302,37,37,36
307,42,38,33
319,53,40,43
323,49,43,50
344,67,32,49
356,96,31,42
313,28,34,25
313,28,34,25
308,4,48,47
316,128,24,45
317,127,22,60
317,127,23,64
315,128,20,40
310,71,31,42
314,1,46,51
314,1,46,51
305,47,28,43
306,2,49,44
305,2,50,44
308,4,47,46
309,2,47,48
285,1,72,59
294,1,63,55
306,3,49,49
303,1,51,66
312,6,47,59
315,130,28,51
318,127,23,53
320,137,22,58
315,128,24,49
316,126,25,54
317,127,24,48
317,128,26,43
325,134,40,33
320,129,34,31
331,95,38,41
314,17,39,30
324,80,37,35
328,57,32,48
325,48,32,44
328,35,31,41
328,35,29,42
309,32,41,32
307,32,48,29
308,41,43,24
304,47,46,26
308,48,37,38
307,55,49,22
306,57,36,26
308,58,34,31
309,57,33,36
308,58,32,35
311,54,31,40
312,52,29,39
310,48,32,41
303,45,40,45
303,46,38,43
299,44,44,47
287,43,59,49
283,51,40,39
281,57,38,45
278,61,36,43
276,73,44,38
276,81,41,31
277,86,42,31
276,86,44,28
276,85,44,27
276,84,44,25
278,84,43,20
285,82,44,19
302,70,28,37
311,24,34,41
312,59,38,42
317,61,36,39
318,62,36,38
318,59,38,51
310,59,32,64
299,90,29,33
289,79,21,29
284,79,23,26
278,80,22,29
317,32,32,20
269,79,17,21
252,76,28,26
314,21,23,29
259,75,22,17
234,72,39,25
219,60,56,41
242,72,31,50
222,68,51,46
243,77,29,40
312,7,37,45
246,74,32,21
313,15,19,35
248,74,34,20
313,16,24,35
252,69,20,24
234,65,36,22
253,66,25,20
243,67,32,28
240,69,36,29
244,74,34,36
263,81,28,45
277,89,25,34
287,97,22,32
308,133,32,35
317,128,25,57
358,155,25,21
363,159,25,43
318,127,23,64
317,127,21,49
319,130,20,55
309,65,31,45
308,44,44,66
297,37,49,80
312,45,46,67
236,96,36,38
166,19,38,45
251,95,38,31
256,86,36,43
260,93,28,35
257,82,42,43
256,92,29,34
221,116,42,26
237,100,47,41
240,94,34,41
222,98,51,44
234,97,35,40
235,97,32,44
239,98,25,44
237,99,23,44
238,99,23,44
239,98,25,46
316,39,27,14
369,42,16,29
311,6,50,45
230,100,41,38
319,23,29,23
269,79,37,39
260,63,36,35
258,50,32,28
255,49,38,28
251,22,40,35
245,4,44,32
243,2,41,21
243,0,37,16
243,0,38,14
243,0,38,14
239,1,43,20
241,4,35,34
171,4,34,50
160,9,46,54
221,63,47,49
238,59,36,42
258,22,23,29
248,82,28,36
315,21,32,30
265,19,26,30
265,19,26,30
221,67,52,35
251,52,49,43
170,16,36,42
255,36,42,31
246,71,51,46
251,94,38,36
249,107,48,35
248,109,50,41
254,112,40,40
246,108,62,52
253,103,35,34
253,103,35,34
243,10,64,42
249,73,38,32
299,18,47,50
231,67,48,43
250,28,34,39
249,30,40,35
252,25,36,29
247,100,33,35
239,112,43,27
232,78,54,65
249,24,40,35
240,66,52,56
238,74,44,38
267,61,45,46
238,69,53,40
276,9,44,57
255,79,41,40
272,20,26,28
326,10,34,34
250,19,45,28
262,17,45,32
235,76,58,41
267,4,63,63
250,63,47,37
237,72,53,42
247,72,42,45
264,14,32,40
264,24,33,37
264,23,32,19
261,27,38,36
241,73,51,57
251,77,42,46
245,69,50,29
202,48,35,25
270,23,39,49
271,15,31,40
281,20,21,25
330,11,25,35
328,10,38,37
245,71,54,39
249,65,48,35
239,51,51,49
249,39,43,30
243,21,42,42
260,3,29,27
258,1,35,40
249,101,38,37
246,79,41,56
238,70,51,58
234,55,49,63
232,61,43,45
241,30,76,65
250,49,46,40
268,65,33,37
257,5,42,43
257,4,41,22
274,59,37,30
294,68,32,47
274,26,37,29
246,63,40,43
276,25,29,34
274,22,27,17
329,13,19,36
326,6,40,44
281,1,57,54
283,64,35,38
283,64,37,47
268,3,42,31
268,3,42,31
268,27,42,39
275,42,33,35
249,60,36,39
250,59,32,49
253,65,31,41
246,60,39,42
236,61,42,39
279,17,40,41
288,1,42,54
268,65,43,34
265,2,51,51
265,2,51,51
249,6,32,39
271,58,39,40
264,2,53,30
270,19,44,40
279,38,30,36
275,47,34,40
275,20,31,42
275,25,33,40
275,14,25,22
327,10,23,37
257,54,44,33
240,64,37,42
272,18,33,51
273,11,37,64
267,43,37,50
256,41,50,52
259,58,43,39
275,62,33,31
275,61,44,31
275,60,45,35
274,60,29,36
272,15,31,27
262,12,37,35
274,21,28,33
271,26,33,31
281,2,51,51
273,9,41,51
272,34,34,49
276,23,26,47
271,5,32,60
274,13,28,54
280,18,45,55
277,6,48,65
268,4,52,63
261,42,34,29
279,18,51,58
262,43,39,37
267,14,38,63
267,7,38,60
268,7,37,59
269,15,34,52
269,46,35,19
266,40,37,21
267,43,33,16
266,44,35,19
260,27,45,35
264,5,47,56
255,0,67,61
230,51,42,28
237,51,32,24
237,51,32,24
303,51,30,27
315,44,62,33
331,17,44,38
332,14,46,37
337,7,41,41
331,5,48,44
330,8,49,43
387,28,31,44
377,28,41,43
384,29,33,42
379,28,36,45
339,11,42,38
343,48,45,31
340,51,46,27
327,42,60,38
341,40,45,35
317,34,61,46
276,1,42,72
274,6,38,67
264,55,38,26
209,67,43,24
186,31,39,44
240,46,38,25
190,37,31,32
190,35,31,35
263,34,47,32
278,14,36,55
279,11,34,61
279,14,34,60
275,15,38,62
274,5,39,64
268,36,37,30
235,69,39,40
241,88,36,26
263,19,37,46
267,37,33,52
259,64,43,45
260,57,44,44
283,2,43,66
256,4,44,60
260,5,40,53
255,1,43,37
256,2,46,32
251,4,48,33
249,5,42,40
246,5,43,49
244,40,48,29
227,91,100,98
248,71,48,40
239,54,38,35
237,51,38,39
239,48,31,38
230,48,30,35
227,46,33,39
198,16,31,34
191,71,31,51
172,29,24,32
172,29,24,32
183,61,27,38
177,70,23,27
177,72,19,23
178,72,18,21
178,72,18,21
177,72,19,21
133,37,26,46
133,42,26,37
127,49,23,28
141,49,39,22
160,56,36,40
168,65,34,32
219,79,26,45
260,12,35,49
241,0,48,58
238,19,54,57
233,0,51,30
259,32,24,25
258,34,27,24
251,38,31,20
251,38,31,20
226,76,51,45
245,102,33,45
234,72,30,33
234,72,30,33
255,26,58,63
240,66,44,39
230,54,40,25
228,34,39,38
219,7,41,51
203,7,49,40
202,4,45,46
197,3,48,44
195,3,48,41
195,2,49,47
198,2,47,44
202,5,45,50
212,6,42,41
228,17,36,40
235,32,38,32
237,33,35,34
263,58,48,66
248,53,58,63
260,41,41,52
259,33,46,50
263,53,38,28
265,84,41,43
260,98,28,35
260,98,28,35
263,109,21,33
263,109,21,33
262,110,19,35
257,116,60,67
328,14,51,58
348,16,43,60
250,102,32,34
250,97,33,35
238,95,43,29
240,89,39,27
232,80,41,28
233,79,41,28
211,26,63,62
234,69,35,27
215,64,43,40
186,10,46,52
183,40,29,25
169,34,44,49
169,36,38,40
169,22,30,50
158,18,32,43
159,18,30,47
148,14,36,45
148,12,34,46
147,11,35,46
148,11,36,44
149,11,36,45
148,11,42,47
159,8,36,51
166,11,37,53
174,15,44,55
188,14,33,44
189,8,47,36
239,0,40,14
239,0,40,14
220,65,43,27
214,67,50,28
217,78,50,28
240,85,32,33
235,91,40,40
246,101,28,41
177,63,27,30
246,114,23,35
248,118,19,39
242,126,21,37
242,126,21,37
235,129,71,75
351,22,37,43
351,25,36,37
346,16,44,54
345,15,43,52
343,16,47,52
348,15,40,58
327,19,50,48
308,23,27,31
299,14,33,36
244,0,32,13
244,0,32,13
169,67,29,28
148,60,26,19
128,56,37,38
120,46,31,47
110,39,34,43
109,35,32,39
106,32,30,40
102,29,40,47
106,28,39,35
124,26,27,49
131,20,37,63
142,19,35,47
147,18,43,41
172,42,39,50
182,10,38,44
286,104,27,25
229,54,35,35
233,64,39,26
233,64,39,26
328,92,32,31
332,84,32,37
332,81,32,37
330,79,36,38
325,77,35,38
322,76,38,39
307,77,38,39
279,81,28,27
276,62,32,32
272,68,35,23
272,64,30,33
275,64,27,38
259,61,32,37
259,58,27,46
190,68,31,45
264,52,25,26
256,49,27,31
261,49,34,51
256,55,34,32
256,56,34,29
307,72,32,41
261,34,46,42
281,68,35,33
307,37,45,51
323,62,52,40
337,64,51,40
339,62,49,41
348,68,38,33
351,61,43,40
355,65,32,35
348,71,34,29
340,62,49,40
328,65,55,39
327,59,51,45
307,59,62,49
210,80,41,41
265,58,40,55
264,58,25,35
241,66,32,25
241,66,32,25
269,79,32,32
295,130,29,56
259,90,53,47
212,83,42,50
214,90,33,57
207,92,37,56
209,91,34,59
247,96,57,19
265,96,44,33
273,93,37,39
275,94,34,38
223,112,26,40
222,108,28,47
304,34,34,49
235,115,37,44
248,114,24,46
182,55,31,42
245,0,29,14
245,0,29,14
234,86,31,37
234,87,29,36
247,63,40,28
237,0,41,18
231,71,59,40
247,70,42,39
252,8,34,45
258,1,28,38
263,0,22,23
263,0,22,23
243,0,38,21
243,0,38,21
296,51,66,36
233,58,46,44
240,0,42,37
236,84,23,36
235,78,24,36
235,72,25,43
232,69,31,40
248,47,37,32
183,55,28,25
177,55,34,47
235,74,52,31
240,1,36,17
254,0,26,25
259,0,22,22
258,0,22,22
258,0,22,22
233,33,34,29
263,46,34,36
259,62,36,36
258,62,35,35
255,52,38,42
245,46,42,55
237,93,25,34
234,86,27,31
233,86,28,28
225,88,34,22
184,58,30,46
236,57,31,25
237,55,29,22
250,88,56,29
257,85,40,29
260,84,31,34
263,85,30,24
280,37,25,31
277,40,28,26
279,41,26,30
278,39,30,34
279,39,28,32
282,39,27,34
281,39,25,34
284,42,24,29
278,41,29,27
283,46,35,22
228,61,38,27
299,47,29,25
295,60,27,28
300,65,30,36
307,71,34,37
307,71,34,37
311,74,20,32
306,23,40,31
334,90,42,30
304,11,40,42
373,74,34,38
380,72,31,42
388,70,27,45
366,41,26,27
307,3,39,43
297,3,56,45
293,0,59,48
294,0,50,43
304,1,38,44
304,0,36,41
311,127,30,44
346,152,27,23
311,130,24,35
320,144,30,41
315,159,23,27
316,159,25,26
317,160,23,24
374,159,20,29
417,188,43,17
414,183,49,23
413,181,47,31
416,179,27,28
354,163,37,43
319,157,21,35
322,156,19,33
324,160,19,29
334,115,27,42
341,127,28,29
349,129,23,28
351,128,26,28
355,133,28,23
352,135,33,30
361,159,27,35
356,164,33,42
358,163,26,39
366,167,21,32
366,167,21,32
413,185,61,23
413,178,32,36
414,183,50,27
409,177,45,27
390,172,37,29
410,178,50,28
410,180,71,31
396,172,48,33
406,174,34,31
405,179,28,29
408,176,25,35
