451,275,53,74
451,273,50,78
451,273,50,77
451,273,50,78
451,273,50,77
452,273,49,78
451,273,50,78
452,273,50,77
451,274,50,77
452,274,50,78
451,273,50,77
451,273,51,77
451,274,51,77
451,272,50,79
451,274,51,77
451,273,51,79
451,274,51,78
451,272,51,79
451,273,51,76
451,273,51,77
451,273,51,78
450,273,52,78
451,273,51,78
451,273,51,78
451,273,51,77
451,273,50,78
452,273,50,77
452,273,51,77
451,273,51,77
451,274,51,76
451,274,50,76
451,275,50,76
451,274,51,76
450,274,52,76
450,274,52,76
450,273,52,76
450,274,52,75
449,273,52,76
450,275,52,75
449,275,53,75
449,276,52,73
450,274,51,75
451,274,50,75
450,273,50,77
451,273,50,76
451,272,50,77
451,273,50,76
450,271,51,78
449,272,51,76
449,271,52,78
447,271,54,78
447,271,53,77
447,271,53,77
448,271,53,78
447,272,54,77
448,272,53,77
448,273,53,75
448,273,52,74
449,274,52,74
449,274,51,74
449,273,50,75
450,275,50,73
449,274,50,76
449,275,51,74
448,272,52,77
447,275,52,73
450,273,51,75
449,274,51,76
448,273,51,76
449,273,51,76
450,273,51,76
450,274,51,74
449,275,50,74
451,277,50,72
451,276,51,74
449,279,52,70
449,279,50,70
449,276,52,73
449,275,52,74
449,274,52,74
449,272,53,77
448,271,53,78
448,269,54,81
447,271,55,78
447,270,54,78
449,272,52,76
449,272,53,76
449,272,52,76
450,272,52,77
451,271,51,76
450,270,52,78
450,272,52,75
450,273,51,75
450,272,52,76
449,274,52,73
448,275,51,75
447,274,53,74
448,273,52,75
447,271,54,78
446,269,55,78
446,270,59,79
450,269,57,79
449,269,60,81
448,267,57,82
449,268,57,82
451,270,58,82
453,271,62,83
460,277,59,78
466,278,61,79
472,281,64,77
476,283,64,76
484,286,62,73
483,286,63,74
486,287,65,72
489,286,64,73
492,286,63,73
495,288,60,72
493,287,61,73
497,288,56,72
492,285,60,74
495,287,58,73
495,285,59,75
494,287,58,72
494,286,59,73
494,286,59,73
493,286,60,74
493,287,60,72
492,286,61,74
492,287,60,72
491,286,62,74
492,287,61,73
491,287,61,73
492,288,60,72
491,285,62,74
493,287,60,72
491,286,62,74
493,286,60,73
492,288,62,72
355,268,56,81
234,252,53,83
235,250,51,86
235,251,52,86
235,253,52,82
233,256,53,80
230,252,55,85
228,253,58,83
227,250,58,85
229,255,56,79
225,254,61,82
228,254,57,82
229,252,56,85
230,254,56,86
229,256,56,85
228,257,56,87
226,257,57,89
225,257,56,91
222,261,58,87
222,261,57,88
222,260,57,90
222,261,58,88
223,259,57,88
224,258,57,87
225,257,56,85
227,256,55,83
228,255,53,81
228,256,53,78
228,255,52,77
227,252,52,76
229,251,50,74
230,250,49,72
230,250,48,70
230,252,49,66
229,245,50,72
232,248,46,67
230,244,50,70
233,246,47,67
232,243,48,70
232,243,47,68
233,241,46,71
233,243,46,69
233,241,46,70
235,244,43,68
234,244,45,67
234,244,45,67
234,244,46,68
231,243,48,68
227,247,54,63
231,243,49,67
236,246,44,64
239,248,42,62
239,249,41,61
239,249,41,60
239,246,41,64
240,248,41,62
239,247,42,63
239,248,42,63
239,248,42,63
239,248,43,64
239,248,43,63
239,250,41,63
239,251,40,61
239,249,41,63
239,250,41,63
238,250,42,63
239,250,41,63
239,250,41,63
238,249,42,63
238,250,43,62
239,250,42,64
239,250,41,63
239,250,41,63
239,250,41,61
238,249,41,64
239,250,41,63
239,249,40,64
239,249,41,64
238,249,42,65
239,248,42,64
239,248,42,63
240,250,41,61
240,249,41,62
239,249,41,62
239,249,41,62
239,250,40,61
239,250,40,62
239,250,39,62
239,250,39,63
239,250,40,63
239,249,41,63
239,250,41,63
239,250,41,63
239,250,42,63
239,250,42,64
239,250,41,62
239,250,42,63
239,250,42,62
239,250,42,62
239,249,42,62
239,250,42,62
239,250,42,62
239,250,41,62
239,249,41,63
239,248,41,64
239,248,41,64
239,248,41,64
239,247,41,64
239,248,42,64
239,246,43,64
239,247,44,63
238,247,44,64
238,246,44,65
237,246,44,65
237,246,45,64
238,247,44,64
237,247,45,63
238,246,44,64
238,247,44,63
237,248,44,63
238,248,43,62
239,249,42,62
238,248,42,62
239,249,42,62
239,249,41,63
239,249,42,62
239,248,42,63
239,248,42,64
239,248,42,63
239,249,42,63
239,249,42,63
239,248,41,64
239,248,42,64
239,248,42,64
239,249,41,63
239,248,41,63
238,248,41,64
238,248,42,64
238,248,42,64
238,249,42,63
238,249,42,63
239,250,41,62
239,250,41,63
239,249,41,64
239,250,41,62
239,248,40,64
239,249,41,63
239,249,41,64
239,250,41,63
239,250,41,62
239,248,40,64
239,250,41,61
240,248,40,64
239,248,40,64
239,249,40,63
239,249,40,63
240,249,40,63
239,249,39,64
239,249,39,63
240,249,39,63
240,248,40,64
240,250,39,62
240,249,39,63
240,250,39,63
240,250,39,63
240,250,39,63
240,250,40,64
240,250,39,64
239,249,40,63
240,249,40,60
240,249,41,60
240,250,40,59
240,250,40,58
239,250,40,63
239,249,41,63
238,249,41,64
239,249,41,64
239,249,41,64
239,250,41,63
239,249,41,63
239,249,41,64
239,250,40,62
239,247,41,65
238,248,41,63
239,247,41,64
239,246,41,66
239,247,42,64
240,248,40,64
239,247,41,66
239,248,41,64
239,248,41,64
239,248,42,62
239,248,41,64
239,248,41,64
239,248,41,64
239,248,41,63
239,249,41,64
239,248,41,63
239,248,40,64
239,249,40,63
240,248,40,64
239,248,41,64
239,249,41,63
239,248,41,64
239,249,41,62
239,249,41,62
239,248,42,64
239,248,43,63
240,247,42,65
237,248,44,63
236,248,45,63
233,247,47,64
234,246,46,65
234,245,48,66
229,246,52,66
228,249,51,62
229,247,48,67
231,246,48,67
231,246,47,68
233,247,47,69
233,247,46,69
233,248,48,70
233,249,48,71
236,249,48,72
236,250,49,74
240,249,51,78
245,253,52,76
248,257,58,75
260,254,62,78
264,255,79,78
275,256,66,75
279,256,63,76
282,256,59,78
281,256,60,80
277,255,67,80
280,255,64,81
278,255,66,79
278,255,67,81
279,255,65,81
278,255,67,81
279,254,66,84
279,254,65,82
280,254,65,83
279,254,66,83
280,254,65,82
279,254,66,83
279,254,65,82
279,254,62,84
280,253,60,84
279,255,58,82
280,253,54,83
278,255,54,81
276,257,54,81
275,257,55,81
268,256,62,81
263,255,72,84
424,268,56,84
422,270,54,83
418,271,53,82
413,271,55,83
406,272,58,83
402,276,60,79
401,274,57,82
398,273,57,84
396,274,57,82
397,272,55,85
393,268,59,88
398,275,52,82
401,273,49,82
401,274,51,82
402,274,50,81
399,276,53,79
401,276,52,78
399,277,54,77
398,276,53,79
398,277,54,78
399,277,53,77
400,277,52,77
401,278,53,75
398,280,55,73
398,279,54,75
400,281,53,75
400,277,55,80
399,279,55,79
398,277,58,82
395,275,63,77
393,275,65,79
397,286,56,71
397,279,57,76
401,273,55,87
436,172,49,94
446,185,52,84
455,201,51,75
460,215,52,75
396,279,56,78
396,278,57,74
470,251,51,82
468,257,55,82
470,261,52,84
470,271,52,77
470,272,54,77
473,274,51,76
473,278,51,75
474,277,52,75
398,280,54,75
395,278,60,76
394,280,62,76
396,283,56,73
397,281,53,74
398,274,51,83
398,274,53,81
398,275,53,80
397,275,53,80
397,275,54,81
397,273,55,83
397,272,57,82
397,269,56,78
394,269,57,75
391,266,57,78
390,266,55,78
391,265,52,79
390,262,50,81
388,262,49,78
388,260,48,81
388,260,48,78
389,259,48,79
389,261,47,77
389,262,48,78
389,262,49,78
387,262,50,80
385,263,50,78
384,262,48,81
384,262,48,80
387,263,47,80
391,263,47,79
389,261,51,81
389,264,48,77
388,263,48,80
388,264,48,79
387,263,48,80
387,263,48,80
387,263,48,80
389,266,47,77
389,266,48,77
387,265,49,78
389,266,47,77
388,265,49,78
388,265,48,78
388,267,48,77
389,267,47,76
390,267,46,75
391,268,45,75
389,267,48,75
390,267,46,74
389,266,48,76
388,267,48,75
387,266,49,77
389,266,47,78
386,267,50,75
387,268,48,75
388,269,48,73
387,269,48,73
387,269,50,74
387,269,49,74
387,269,49,74
388,269,47,74
387,268,49,75
389,266,47,76
388,265,47,77
389,264,46,78
390,264,46,78
388,265,48,77
388,265,49,78
388,264,49,80
387,263,49,79
387,262,49,81
387,265,49,78
387,264,49,78
387,265,50,77
387,264,49,77
387,265,50,77
387,264,50,78
387,264,49,79
387,264,50,78
387,265,51,76
384,265,54,76
377,264,57,77
373,262,57,77
370,262,56,76
365,261,55,76
356,262,59,73
352,258,67,62
297,262,52,80
295,262,55,78
300,261,63,79
304,262,60,78
302,261,62,78
301,261,59,79
301,256,55,85
302,255,52,86
300,256,50,84
297,257,53,84
295,257,56,84
286,257,65,84
294,260,57,81
299,260,52,81
297,257,56,84
299,259,55,81
301,261,52,78
303,259,51,82
302,260,54,79
215,246,52,75
213,249,52,72
301,259,54,81
210,250,52,71
307,261,59,81
313,262,58,81
316,264,63,79
322,263,66,77
328,265,69,75
339,265,63,75
349,263,60,76
357,264,59,77
365,263,58,77
374,264,56,75
381,263,53,74
386,264,51,75
388,265,48,75
388,264,49,77
389,265,49,76
388,263,49,78
389,265,47,75
388,263,47,77
389,264,47,78
388,264,48,78
388,265,48,77
390,265,46,77
388,265,48,77
390,265,46,77
389,264,47,77
390,264,46,77
387,264,49,77
388,265,49,78
388,264,50,78
388,265,50,77
386,263,56,78
384,261,56,78
383,260,62,80
384,261,83,75
386,261,64,77
388,262,56,76
389,262,54,76
387,258,56,80
387,258,54,81
379,256,61,83
368,255,70,85
361,256,77,85
375,258,68,83
386,266,52,76
390,262,50,78
391,263,50,77
391,262,51,78
391,262,50,78
392,262,49,78
391,262,50,79
391,261,50,79
392,261,50,79
390,263,52,78
389,262,51,79
388,264,51,77
389,263,51,78
304,257,58,77
384,262,54,79
388,263,50,75
303,259,58,77
306,258,54,78
383,262,60,78
304,257,60,79
385,263,57,77
390,263,52,75
394,261,51,78
397,259,50,78
399,257,51,80
402,255,50,81
403,253,53,79
407,251,53,75
411,251,51,74
415,251,49,73
418,252,49,70
422,252,46,67
427,249,46,67
428,250,48,65
429,252,50,67
426,254,52,81
429,256,50,63
430,258,50,69
428,262,50,63
429,263,50,62
429,271,48,57
430,274,48,56
431,274,47,55
432,275,47,54
433,275,48,53
432,271,49,56
431,271,50,57
432,271,49,60
432,269,49,60
433,263,49,63
435,259,48,66
437,259,48,61
439,255,47,61
440,257,47,60
440,252,49,69
438,250,50,69
438,253,50,63
439,250,48,60
441,248,47,61
440,248,48,57
440,249,48,55
443,250,45,47
443,246,45,47
442,245,46,44
441,240,46,45
437,234,47,49
438,231,43,62
435,230,46,65
434,235,48,67
433,243,48,65
433,250,47,62
432,256,47,64
433,261,48,70
434,263,50,75
435,263,53,78
437,264,54,78
439,265,55,77
442,266,53,76
441,268,52,75
440,264,53,80
440,265,52,79
445,271,48,73
446,270,47,75
447,270,46,74
447,270,47,75
446,270,47,75
447,270,47,75
446,269,48,76
445,270,49,75
446,270,48,76
446,269,48,76
446,270,47,75
446,270,47,75
446,270,47,75
446,270,48,75
447,270,47,75
446,270,48,76
446,270,48,75
446,270,48,75
446,270,49,75
445,269,48,76
446,269,48,75
446,269,48,76
446,269,47,75
446,270,48,75
446,270,48,75
446,269,48,75
445,269,49,75
445,270,48,75
446,270,48,75
446,270,48,75
446,269,48,75
445,270,49,75
445,270,48,75
445,269,49,75
445,270,49,75
445,270,48,75
446,270,47,75
445,270,48,75
445,270,48,75
445,269,49,75
445,270,49,75
445,270,48,75
445,270,48,75
445,269,48,75
445,270,48,75
445,269,48,76
445,270,48,75
445,269,48,76
445,269,48,75
444,269,49,76
445,269,49,75
444,269,49,76
444,269,49,77
444,270,49,74
444,269,49,77
444,269,50,76
444,270,50,75
444,269,50,76
327,245,54,74
323,249,55,74
324,252,50,71
445,269,47,77
445,269,48,77
444,270,49,76
445,269,49,77
445,270,48,76
445,269,48,76
445,269,48,75
445,269,48,76
445,269,49,75
444,269,49,76
446,270,47,76
446,270,47,75
446,270,47,74
447,269,47,76
447,269,46,75
448,268,45,76
446,268,49,77
444,268,50,76
444,268,48,75
443,268,50,76
443,269,49,75
444,267,49,76
443,268,49,75
444,267,50,75
443,268,50,75
445,268,50,74
446,268,49,76
445,268,50,74
445,268,51,75
444,267,51,75
440,268,54,72
434,267,56,76
435,266,54,76
438,265,53,76
438,262,53,76
436,260,54,73
435,257,55,68
433,253,55,71
432,248,54,72
433,243,53,71
435,237,52,73
434,233,52,71
435,230,51,68
440,225,49,70
440,223,49,68
441,221,48,70
441,221,48,69
436,219,52,70
433,219,55,70
432,218,57,69
431,218,58,70
432,219,60,68
430,226,63,61
428,228,65,54
426,229,68,56
427,230,66,64
431,233,60,80
438,222,56,82
444,223,51,83
450,228,47,76
452,240,47,65
452,241,50,67
451,242,49,67
451,244,47,67
448,246,46,67
445,246,44,69
440,251,46,69
437,255,45,71
434,258,47,75
432,266,48,71
433,264,46,75
434,264,45,74
433,268,44,71
434,270,42,70
434,269,43,71
434,269,43,71
434,269,43,70
434,270,44,70
433,270,45,69
431,272,48,67
432,272,46,67
432,270,46,70
433,270,45,70
433,270,44,70
432,271,46,69
431,270,48,71
431,269,47,72
331,200,44,81
431,269,48,73
431,270,47,71
434,270,44,70
435,269,42,71
435,269,42,71
434,268,43,72
434,268,43,71
435,268,43,72
434,268,44,72
434,269,44,71
434,269,44,71
434,268,43,71
434,269,43,72
434,269,44,71
434,269,44,70
434,269,43,71
434,269,43,71
434,269,43,71
434,269,43,71
434,269,43,71
434,269,44,71
435,269,42,71
435,269,43,71
434,269,43,71
434,269,44,71
434,269,43,71
434,269,43,71
434,269,44,71
435,269,43,71
434,269,43,71
435,269,42,71
435,268,43,72
434,269,43,71
434,269,44,70
434,268,44,71
433,269,44,70
433,270,44,69
433,269,45,70
433,272,45,68
433,270,45,69
433,267,46,73
432,266,47,74
432,264,48,77
430,265,47,75
426,262,48,76
422,261,47,75
417,259,47,76
411,256,47,78
403,255,49,78
398,252,49,79
392,251,43,76
352,255,68,91
359,252,57,97
363,255,63,94
372,258,63,95
384,269,57,82
392,271,53,79
398,273,50,75
402,270,47,75
403,271,45,71
402,272,45,69
401,270,45,70
401,269,44,70
400,265,43,72
399,251,44,85
399,266,42,69
400,265,42,69
398,264,43,71
398,263,43,71
395,262,46,72
395,246,47,91
395,254,48,82
398,259,47,78
400,264,49,72
402,261,47,76
404,267,44,69
404,264,45,73
404,264,47,72
405,264,45,73
405,264,45,73
405,262,44,75
405,262,44,75
405,262,44,75
404,264,45,72
405,262,44,74
407,264,41,72
405,265,43,70
405,265,43,71
405,265,43,71
404,265,43,71
404,265,43,71
404,265,44,72
405,265,43,71
405,265,42,71
405,265,42,71
405,265,43,72
405,265,43,71
405,265,42,71
406,265,42,71
405,265,43,71
405,263,43,73
405,263,43,74
405,263,43,73
406,265,44,71
405,265,44,71
406,266,45,70
405,267,45,69
405,267,45,68
403,265,46,71
404,262,46,75
404,264,46,72
403,267,46,69
403,258,48,77
403,261,47,73
403,261,46,72
402,257,46,75
400,253,46,77
397,254,46,74
394,258,47,71
392,250,47,77
391,257,45,70
387,255,49,71
389,250,48,76
391,247,46,79
392,245,47,81
390,246,51,82
367,250,69,93
372,250,63,93
383,254,50,91
377,256,62,88
387,259,57,85
388,257,60,87
392,266,54,78
395,263,51,79
394,263,52,80
394,257,52,86
393,259,52,84
393,256,53,86
392,254,54,90
391,259,56,84
391,258,56,85
389,260,58,84
389,261,57,82
386,257,58,87
383,255,62,88
377,256,69,89
376,257,73,88
389,265,58,79
396,269,50,74
398,270,47,73
400,271,45,72
401,271,44,71
401,271,44,72
401,271,43,72
401,271,43,72
400,271,44,71
400,271,45,71
399,272,46,70
400,272,46,71
400,264,46,79
398,258,48,87
397,256,49,88
397,264,48,80
400,253,50,92
401,260,50,86
403,255,50,91
404,260,50,86
406,265,49,81
409,264,50,84
411,260,51,88
414,261,49,88
419,259,50,90
424,258,51,92
428,258,51,92
431,258,51,90
434,256,50,90
435,257,49,88
438,255,47,89
438,254,47,89
439,254,46,87
440,255,46,86
440,260,46,80
441,253,46,87
441,257,46,82
440,256,47,83
442,259,45,79
442,254,44,84
441,253,45,84
439,251,47,86
436,253,47,83
437,254,44,80
435,250,46,81
433,251,45,80
432,251,43,79
424,250,51,80
404,252,68,80
384,256,59,77
385,254,55,80
386,253,50,80
385,252,49,81
384,253,48,80
379,254,52,79
372,253,61,80
368,253,66,81
376,254,57,81
379,260,53,74
383,264,48,69
386,263,46,70
388,264,42,70
389,264,41,68
390,263,40,69
391,264,39,68
391,264,39,68
391,264,39,68
390,264,40,69
389,263,41,69
389,264,42,69
389,262,42,71
390,263,41,69
389,264,43,68
388,263,43,69
388,264,42,67
387,256,44,78
389,250,47,86
392,247,52,91
397,250,48,89
402,246,51,94
406,247,49,93
411,248,48,93
416,246,46,96
417,248,48,94
419,248,48,94
420,247,48,95
420,248,47,94
420,249,48,92
420,251,48,90
420,249,47,92
419,251,47,90
420,248,47,93
420,249,48,92
419,251,48,91
419,253,48,88
418,253,48,88
419,254,48,88
419,255,48,85
419,256,47,85
419,255,47,86
419,255,47,86
419,255,47,85
420,255,48,85
420,256,48,85
420,256,47,84
419,256,49,85
420,257,47,84
420,257,48,83
420,256,48,84
420,256,48,84
420,257,48,84
420,257,48,83
420,257,49,84
420,257,48,84
420,257,48,84
420,256,48,84
420,257,49,84
420,256,49,84
420,256,49,84
420,256,50,85
420,256,49,85
420,256,50,85
419,256,51,85
420,256,50,84
421,255,49,85
421,256,49,85
421,256,49,84
420,256,50,85
420,256,50,84
420,256,51,84
421,256,50,85
421,257,50,83
420,257,49,84
420,258,47,83
420,259,47,82
421,252,46,89
421,263,45,75
420,269,45,69
422,271,45,68
422,268,45,71
422,269,44,71
421,267,45,73
421,268,45,71
420,269,46,71
421,270,45,69
421,269,46,70
421,269,46,70
421,270,45,70
421,269,46,71
420,269,46,70
420,270,46,69
420,268,47,71
420,269,46,70
421,270,46,70
421,269,45,71
421,269,45,70
421,268,45,71
420,269,47,71
420,269,48,71
419,269,48,71
419,269,47,70
419,269,49,71
420,269,46,70
419,269,48,71
419,269,48,70
418,269,50,71
419,268,48,72
418,269,50,71
421,269,46,70
421,270,46,69
420,270,48,70
422,269,44,70
423,268,43,70
423,268,43,71
423,268,43,71
423,267,43,71
424,267,42,71
423,266,43,73
422,266,43,73
423,269,43,69
423,267,43,72
422,271,43,67
421,267,46,72
420,269,46,70
420,261,47,79
421,259,46,83
423,254,45,88
424,252,45,89
426,249,47,90
427,244,48,91
431,242,48,77
438,239,45,75
442,235,44,73
445,238,43,67
447,236,44,68
450,239,43,67
451,246,42,64
451,243,43,73
449,246,43,79
447,249,42,79
448,251,41,77
449,254,42,72
449,255,41,71
448,254,42,72
449,260,39,66
449,263,40,63
448,262,40,64
448,262,40,64
449,261,40,66
448,262,40,65
449,263,40,64
448,263,39,64
449,263,39,64
448,263,40,64
448,262,40,67
448,262,40,65
449,262,39,64
448,262,40,64
449,262,39,68
449,262,39,65
449,262,39,65
449,262,40,64
449,262,39,65
449,263,40,64
450,262,39,65
449,263,39,63
449,263,39,63
450,263,38,63
449,262,40,64
449,263,39,64
449,263,39,64
448,263,40,63
449,263,39,63
448,263,41,63
448,263,40,64
448,263,40,65
448,263,40,64
448,262,40,64
448,263,41,64
448,263,41,66
448,263,41,64
448,263,41,63
448,263,41,64
448,263,41,64
448,263,40,63
448,263,40,63
448,263,40,63
449,263,40,63
448,263,40,63
448,264,41,62
447,264,42,62
448,263,41,62
448,263,41,61
448,262,41,63
447,258,43,67
446,252,44,75
446,257,45,70
447,253,44,74
446,255,46,72
447,257,45,71
448,256,43,71
448,255,42,71
449,253,42,74
449,255,42,72
449,256,42,71
448,255,43,72
449,254,43,75
447,254,44,75
447,253,44,76
447,253,44,76
445,254,45,76
443,253,46,78
443,254,47,77
442,256,47,75
440,257,48,77
439,259,49,76
438,259,50,78
437,261,51,78
436,260,52,81
434,259,53,83
432,258,52,84
430,259,52,85
428,261,51,84
425,260,51,87
422,262,53,88
419,265,54,85
417,265,53,87
414,266,54,87
411,266,54,88
410,266,53,87
409,265,54,89
409,275,50,78
408,273,49,79
408,276,50,76
408,275,49,76
408,277,49,74
408,276,50,75
408,276,49,74
407,275,50,78
408,276,50,76
407,278,50,74
407,276,50,76
407,275,50,76
408,275,50,77
408,275,50,77
408,274,49,78
408,274,49,78
408,275,50,78
408,274,49,78
408,274,49,79
407,275,50,78
408,276,49,76
408,275,49,78
407,275,50,78
408,276,50,76
408,276,49,77
406,277,51,76
406,276,52,78
406,276,51,77
406,276,52,77
406,276,51,77
407,275,50,77
407,275,50,77
407,275,50,78
407,275,50,78
407,276,49,77
408,275,49,78
408,276,49,76
407,276,50,76
406,277,50,76
408,276,49,76
409,275,48,77
410,275,47,76
409,274,48,78
408,273,49,79
410,273,49,77
412,273,49,75
414,269,48,77
415,270,48,74
414,265,47,78
412,265,46,76
411,265,45,72
407,267,44,66
404,259,44,72
401,258,42,71
395,258,43,67
392,255,41,67
392,257,37,62
383,259,44,64
358,262,59,86
365,265,50,81
366,262,57,86
376,268,53,79
379,262,57,86
386,268,52,80
329,251,55,82
330,249,65,83
394,269,47,79
386,264,58,87
384,265,60,84
386,265,57,83
387,267,55,82
391,269,51,80
391,270,50,79
392,272,51,77
392,269,51,80
391,272,51,77
392,268,51,81
393,271,49,78
393,270,50,78
393,271,49,77
393,271,48,77
394,271,48,77
395,271,47,77
394,271,49,78
394,272,48,76
396,272,46,76
395,270,47,77
395,270,48,78
395,273,48,74
393,268,51,81
395,276,46,71
394,272,48,76
394,273,48,75
393,271,47,76
393,271,47,76
395,272,49,75
400,270,50,77
404,267,50,81
406,265,49,83
410,266,49,81
415,268,48,80
417,259,49,88
420,260,47,87
421,258,48,88
422,260,47,84
424,256,47,87
425,253,45,89
424,258,46,84
423,261,45,79
423,261,45,76
423,255,46,82
423,258,44,79
423,253,47,85
424,259,44,78
423,260,46,77
422,263,47,74
423,261,47,75
422,264,47,72
423,265,46,71
421,264,47,72
422,265,46,72
422,264,46,72
422,265,46,72
422,264,46,73
421,265,46,72
422,264,45,71
422,263,46,73
422,264,46,72
422,264,46,72
422,265,47,71
422,265,45,72
422,264,45,72
422,264,46,72
422,265,45,71
422,264,45,72
423,265,45,72
422,264,45,73
422,265,45,72
422,264,47,72
422,265,46,71
422,264,46,72
422,265,45,73
422,264,46,71
422,264,46,72
422,265,47,70
422,265,46,71
422,265,46,72
422,266,46,70
423,264,45,72
422,264,45,72
422,264,46,72
422,265,45,72
423,265,46,71
422,264,46,72
422,265,46,71
423,265,45,71
422,265,45,71
423,264,46,72
423,265,45,71
423,264,45,72
422,264,46,72
422,265,47,71
423,264,49,71
423,265,49,71
419,265,50,70
413,264,49,72
409,263,54,73
404,260,54,73
393,256,56,75
391,258,48,70
383,257,45,70
375,258,40,70
361,256,54,72
235,251,37,74
212,248,57,76
208,250,57,74
203,246,58,79
196,249,59,76
192,251,57,73
190,251,54,73
188,249,58,76
190,250,51,73
191,250,50,74
192,251,49,71
192,250,53,74
193,251,49,72
196,251,51,71
196,251,48,71
197,250,50,71
198,251,47,71
200,250,48,71
202,250,48,71
203,251,48,71
203,252,48,71
201,251,49,72
200,251,50,74
200,250,51,77
202,251,50,78
205,251,50,80
206,252,53,82
210,253,54,82
214,250,55,88
216,258,55,81
221,259,55,83
224,264,64,81
230,265,66,82
239,262,67,86
246,261,65,89
246,261,64,90
248,260,64,92
247,260,63,92
244,264,66,87
245,262,64,88
245,261,65,90
251,260,60,90
246,261,63,89
250,261,59,89
250,262,59,91
252,258,57,93
251,260,62,92
253,256,60,95
254,256,60,95
254,260,60,90
254,262,55,86
253,263,53,88
251,263,55,89
245,263,65,88
243,265,62,87
232,262,86,90
242,263,73,90
237,266,71,88
252,265,59,87
247,272,58,83
245,270,60,82
251,273,61,81
261,269,55,84
256,271,58,80
258,257,39,98
262,263,68,93
277,269,72,87
267,268,70,82
260,256,53,74
283,265,66,88
279,260,61,91
267,254,65,88
288,276,61,84
303,265,63,94
303,266,60,92
301,258,57,101
303,262,60,98
307,264,57,96
308,271,56,89
310,276,56,82
309,283,56,75
286,255,53,92
301,287,57,70
274,248,53,92
277,244,60,100
356,277,63,79
365,279,59,76
376,278,59,78
385,280,59,77
395,280,57,76
406,283,54,73
415,283,52,74
423,284,53,73
428,283,53,74
433,283,50,73
437,283,50,73
439,283,49,73
440,285,49,72
439,285,51,71
440,284,51,72
440,284,51,74
437,281,54,76
439,282,52,75
442,285,48,71
444,285,46,71
444,286,46,69
440,285,51,71
442,286,48,69
443,286,47,70
442,287,48,70
441,286,49,71
440,285,50,71
440,286,49,70
439,286,50,71
440,286,50,70
438,285,51,71
441,286,49,69
437,286,52,70
438,286,51,69
440,286,49,70
438,286,51,71
441,286,48,69
440,286,49,70
439,286,49,70
442,286,46,69
443,286,46,70
442,286,47,70
440,286,50,71
439,286,50,70
440,286,49,70
440,286,50,71
440,286,50,71
440,286,50,71
440,286,49,70
441,286,48,70
439,286,50,71
441,286,48,70
440,287,49,70
440,287,49,70
438,286,51,71
443,285,46,70
439,287,51,70
439,286,50,70
439,287,50,70
441,287,48,69
440,286,50,71
440,287,50,69
439,284,51,73
441,281,50,76
441,283,51,74
440,284,53,74
443,285,50,72
445,286,50,70
445,287,53,70
445,285,54,71
438,284,60,73
439,281,56,76
441,279,56,76
439,276,57,77
437,274,56,76
437,270,55,73
435,263,56,78
434,261,53,75
433,260,52,68
434,255,51,69
433,252,51,65
437,245,53,68
436,243,59,66
435,244,65,57
441,247,63,51
444,246,64,53
440,241,66,57
438,234,64,65
436,231,61,69
432,230,59,69
427,231,56,69
423,231,54,69
421,233,52,68
420,237,50,65
421,243,46,63
421,244,45,62
420,244,44,62
419,243,43,60
418,238,43,61
419,239,43,62
420,243,44,61
418,247,47,64
418,251,49,66
420,252,49,66
419,254,50,67
421,257,49,66
419,260,50,68
419,262,51,69
423,261,49,70
425,263,49,70
430,262,47,73
430,261,46,76
428,259,46,77
428,261,43,76
427,263,43,75
429,264,42,73
430,264,44,72
432,263,44,72
433,262,45,73
432,262,45,75
431,264,43,73
429,264,43,73
431,264,39,71
433,265,38,71
434,264,40,73
431,263,44,74
430,262,44,75
429,262,45,73
428,265,45,71
428,263,46,72
429,263,45,73
428,263,44,73
427,264,43,72
413,263,60,71
423,263,49,71
426,262,48,74
428,263,46,60
425,264,49,61
424,264,49,61
425,264,49,59
424,264,50,63
423,263,51,76
426,262,50,73
428,264,47,77
428,265,48,75
429,264,47,76
429,264,47,74
426,264,48,73
426,264,48,73
426,264,47,74
427,263,47,74
426,263,48,75
428,263,46,75
428,264,45,74
429,263,44,74
430,264,43,74
430,264,42,73
431,264,42,73
430,264,43,73
430,265,42,72
431,265,42,73
431,264,42,74
431,265,41,72
430,264,43,73
430,264,43,73
430,264,43,73
429,264,44,73
429,263,44,74
429,264,44,73
429,264,44,73
429,264,43,72
428,264,44,73
429,265,44,72
429,265,44,72
428,264,44,73
429,264,44,73
430,265,42,72
429,265,44,72
430,265,43,71
430,265,43,72
429,265,43,72
430,265,43,71
429,265,43,73
429,264,44,73
430,265,43,72
429,265,44,73
430,264,43,73
430,265,42,72
430,265,44,73
430,264,44,73
430,265,43,72
430,265,44,73
429,264,45,73
430,264,43,74
430,265,43,73
430,265,43,73
429,264,44,74
430,265,43,73
429,264,44,73
429,264,44,74
430,264,44,73
429,264,44,73
430,264,44,73
429,264,44,73
429,264,43,73
429,265,44,72
429,264,44,74
430,264,43,73
429,264,44,73
429,264,44,73
430,264,44,74
430,264,44,74
430,265,44,74
429,264,44,74
430,264,44,74
430,264,44,74
430,264,44,74
430,264,44,74
429,264,44,74
429,264,44,73
429,264,44,74
430,264,43,74
429,264,44,74
430,265,44,73
430,264,44,74
430,264,44,74
429,264,44,74
430,264,44,72
430,265,44,73
429,264,44,73
430,264,44,74
430,264,44,74
429,264,44,73
429,264,44,73
429,264,44,73
430,264,44,73
