274,214,77,125
276,218,72,122
276,218,71,122
276,216,71,123
276,216,72,124
276,216,71,123
276,219,71,120
275,221,71,116
275,221,72,116
275,222,72,115
275,221,72,116
274,224,73,115
275,220,72,117
276,222,71,116
276,221,71,115
274,222,72,114
276,218,72,119
276,219,72,119
277,223,71,115
277,224,71,113
276,225,72,111
276,225,70,112
276,227,70,110
276,219,71,117
277,218,70,120
277,221,71,118
277,226,71,112
276,222,73,115
278,224,76,114
276,230,85,111
279,225,88,120
280,217,91,127
284,211,92,130
289,210,99,127
296,210,96,124
296,207,110,125
302,206,109,124
313,208,100,116
326,209,97,109
332,205,92,106
335,198,87,105
335,198,85,103
338,191,81,101
338,187,77,99
338,176,73,98
342,164,66,107
348,162,62,105
327,149,74,126
313,148,89,140
277,151,109,127
274,173,75,130
273,175,87,129
283,150,91,131
276,176,76,134
273,167,85,144
272,181,77,131
272,176,80,135
272,182,78,130
272,182,77,129
274,190,74,124
274,189,73,125
273,188,72,125
272,188,73,124
273,187,73,124
272,184,73,125
272,181,76,127
272,179,76,128
273,172,78,134
275,175,78,132
281,156,79,126
282,171,74,134
282,172,74,132
281,175,74,131
278,181,73,128
276,184,72,127
276,185,72,124
276,190,71,119
276,191,69,118
275,189,70,119
274,182,71,127
274,181,71,129
274,184,72,125
275,189,69,119
277,192,68,117
281,186,68,123
283,184,68,125
284,185,71,124
289,192,72,119
291,195,77,119
299,190,73,126
297,198,78,119
297,197,81,122
300,201,77,122
297,209,80,116
300,215,75,116
297,213,76,120
298,212,73,124
297,213,74,122
297,216,73,119
296,225,74,110
296,220,73,114
295,225,74,109
297,219,75,116
300,204,75,131
302,211,75,121
299,208,76,127
300,216,75,118
298,219,76,114
300,212,75,122
299,214,76,121
300,214,76,121
301,206,76,128
301,210,75,123
299,208,77,125
303,212,73,122
303,214,72,118
304,212,72,120
304,214,72,118
301,208,76,126
299,214,77,119
299,214,76,120
301,202,76,131
311,181,79,135
315,182,81,141
319,172,82,134
297,171,86,162
282,166,91,177
286,158,96,175
289,154,87,176
288,152,91,180
288,155,87,179
284,149,89,180
281,145,95,188
287,149,88,183
283,160,91,169
276,149,91,180
288,169,89,162
285,170,88,158
283,169,92,163
279,161,90,168
281,160,89,171
280,158,89,172
278,155,90,175
284,147,87,180
283,144,86,181
282,148,85,179
280,149,86,179
276,155,90,173
279,157,87,167
279,158,89,175
279,158,90,168
278,154,88,172
282,169,93,161
279,158,90,176
280,155,92,173
283,156,90,173
283,156,90,170
279,161,89,172
281,160,86,171
280,158,87,175
282,172,87,161
282,168,87,164
284,162,85,171
285,163,86,170
291,151,84,177
293,153,81,178
290,148,80,177
296,156,77,172
294,158,76,153
300,189,74,144
307,178,72,156
307,182,77,150
305,177,83,156
297,174,93,162
298,169,99,169
293,164,99,171
293,154,104,180
298,152,101,180
277,148,119,183
292,143,105,189
293,141,105,193
285,181,97,153
272,153,108,185
281,135,121,199
271,140,111,188
271,146,105,182
271,145,105,181
274,150,101,178
275,144,101,185
276,141,100,185
279,150,98,179
281,155,95,177
282,142,92,185
284,150,92,179
278,121,103,206
280,119,109,214
277,104,132,241
279,104,124,202
284,103,130,211
271,107,138,241
270,112,138,234
282,128,99,201
283,132,94,196
283,138,92,189
282,134,91,191
282,138,89,185
283,148,90,182
282,153,91,173
287,172,88,155
283,175,85,157
286,184,80,150
287,184,81,150
289,188,78,146
292,203,74,127
294,205,79,130
297,211,76,121
300,214,74,121
298,218,75,116
295,214,78,121
297,212,76,121
297,214,77,120
298,214,74,120
300,224,73,108
292,219,82,114
294,216,76,118
297,218,74,115
295,224,78,108
295,217,77,115
298,214,76,119
297,214,78,118
297,215,80,118
297,218,83,114
296,230,88,107
289,230,94,107
294,234,85,97
296,220,81,112
298,218,78,115
299,225,76,107
299,218,78,114
300,226,78,112
337,124,77,76
306,221,70,109
295,220,83,112
299,227,77,106
297,213,81,120
300,224,77,108
299,218,79,116
297,217,81,117
301,212,77,121
298,222,79,112
297,215,79,118
302,214,75,119
300,215,78,118
299,206,79,128
299,215,77,117
295,206,81,129
292,208,83,124
294,206,80,126
296,215,78,117
290,193,87,145
278,144,93,200
276,152,96,181
277,159,94,173
276,169,96,165
283,188,94,146
276,154,90,181
276,159,97,174
277,159,98,174
277,158,99,177
280,169,95,164
288,202,90,131
295,200,80,133
299,227,78,103
294,218,84,114
286,191,90,145
278,160,92,173
286,194,91,138
282,178,90,155
279,190,85,142
284,192,91,143
283,164,87,172
281,85,95,253
279,119,92,208
280,142,91,183
280,157,93,171
283,128,88,198
279,116,88,210
277,134,89,192
279,144,85,178
280,162,84,164
277,139,77,168
284,155,87,179
290,179,84,150
299,175,72,152
288,186,82,147
282,162,83,161
284,147,82,187
280,159,87,173
274,148,88,180
278,156,88,175
276,161,90,171
276,158,86,171
270,146,82,177
270,151,92,178
272,148,84,179
272,147,86,181
275,148,86,179
277,144,80,167
278,131,90,203
277,135,97,194
282,137,98,198
298,149,78,191
300,168,85,171
294,222,87,118
296,204,82,133
299,199,76,136
303,205,70,129
301,215,70,119
300,214,72,119
300,216,72,118
300,210,73,124
301,220,73,112
300,219,70,114
299,213,72,122
299,220,73,114
298,216,75,118
298,222,74,115
298,214,76,122
300,213,74,124
298,213,77,124
298,214,77,121
301,217,74,116
303,216,74,115
301,218,78,114
300,218,78,116
294,218,88,123
298,212,76,118
295,211,78,123
289,208,84,127
286,209,86,126
298,217,76,117
275,197,106,137
278,210,119,135
261,176,127,160
281,200,103,139
248,173,124,157
268,186,115,147
260,188,115,144
287,182,102,156
280,178,116,164
278,181,106,154
295,193,98,151
296,163,111,186
91,150,67,91
70,102,78,106
339,118,98,100
342,116,97,102
344,112,95,101
340,108,97,108
340,111,99,103
332,108,108,112
322,111,103,121
331,117,87,108
322,144,75,118
321,149,78,100
325,124,73,134
325,155,79,87
293,179,94,158
294,163,110,158
287,171,112,145
298,179,97,126
276,186,120,142
286,191,107,142
271,186,129,147
290,188,98,127
261,189,127,134
248,189,128,143
249,187,119,116
257,189,128,138
290,192,95,142
282,191,96,141
291,192,85,140
279,189,105,144
286,192,104,142
300,193,88,141
303,196,83,139
301,197,81,135
308,195,84,134
333,191,90,116
295,188,84,143
259,187,119,144
293,192,91,142
297,192,84,138
303,189,79,142
305,193,95,133
302,201,112,109
323,211,101,75
361,215,93,85
403,219,71,95
390,213,97,102
373,162,112,146
381,129,90,162
404,129,76,159
405,129,98,154
396,126,108,147
391,132,102,135
400,132,70,117
378,133,77,107
371,153,74,78
361,151,84,74
361,139,81,85
363,132,78,87
364,124,77,91
368,112,73,101
366,104,75,109
363,101,77,110
355,96,95,106
352,98,93,96
349,92,99,103
346,93,102,81
358,95,94,75
362,95,96,72
357,97,88,68
361,99,93,67
371,103,87,65
356,117,80,78
365,119,76,93
370,97,97,119
373,93,94,126
375,95,90,124
383,102,79,114
385,108,71,107
391,108,66,112
390,110,64,111
388,112,66,114
385,109,74,117
385,110,73,121
382,107,82,125
381,105,85,128
378,105,97,130
372,101,120,140
372,102,120,143
369,109,117,145
366,110,119,145
363,119,110,133
350,127,116,132
325,140,138,127
340,149,120,120
328,157,131,114
323,166,133,105
321,182,131,104
322,182,124,117
320,189,112,118
334,184,101,127
321,204,100,114
324,210,81,114
313,205,80,131
304,187,86,138
320,191,63,129
306,187,79,146
305,184,74,126
295,179,87,82
244,187,74,102
283,183,93,154
274,187,95,88
272,184,98,101
275,186,92,101
277,183,89,109
274,184,91,111
274,186,90,102
279,186,83,99
297,183,70,86
253,173,117,163
254,181,114,140
280,181,89,130
300,184,64,117
288,185,78,63
295,185,76,57
386,175,51,61
298,184,73,73
246,203,80,119
281,178,86,78
290,183,76,64
299,185,72,96
304,183,62,60
307,172,64,85
307,180,64,63
308,186,63,70
307,182,66,63
308,183,62,73
306,185,66,58
309,182,62,64
305,189,69,65
302,187,69,53
304,182,67,62
232,173,99,129
266,182,101,79
239,181,93,141
273,175,83,99
256,165,97,138
279,172,82,90
270,161,74,141
257,152,90,134
269,152,84,135
267,142,88,99
269,132,93,109
262,118,96,161
260,125,101,152
248,122,98,192
247,128,86,183
257,138,117,130
306,132,75,103
310,131,63,89
321,137,52,86
313,125,58,94
322,142,53,80
321,142,60,86
323,138,62,93
325,155,64,76
331,157,56,80
336,158,58,87
340,168,61,80
341,174,62,80
335,176,70,86
342,174,67,95
346,183,61,88
352,181,65,100
363,185,60,82
352,193,75,113
350,209,76,116
342,227,91,111
345,222,90,122
339,226,97,114
339,230,100,101
343,229,91,93
337,216,95,95
334,208,94,104
355,199,74,80
254,208,76,112
251,199,82,120
328,204,79,109
329,205,75,102
255,190,75,129
314,201,83,109
323,187,74,104
323,180,69,68
323,180,69,68
294,162,80,100
299,164,73,79
291,162,79,79
279,160,94,93
273,165,83,99
261,164,74,151
291,155,82,82
265,156,75,98
270,155,92,86
268,161,68,99
267,154,83,95
259,151,93,109
254,160,93,153
259,168,78,150
259,181,81,140
260,198,77,124
249,157,111,156
258,166,82,152
266,192,82,133
257,164,91,154
260,163,79,147
275,178,87,147
259,160,92,154
264,159,80,132
260,157,89,152
264,159,81,129
258,155,86,129
259,167,78,153
259,159,85,158
261,158,78,157
261,139,91,146
265,159,85,123
156,136,41,80
48,149,54,44
159,111,47,97
157,110,47,96
156,106,50,91
158,95,51,95
158,77,56,102
164,54,58,116
162,59,61,103
169,39,67,111
182,28,70,104
195,13,82,113
201,1,94,124
202,3,92,121
211,5,89,126
230,5,98,125
258,6,101,129
301,9,85,117
299,10,92,149
323,34,86,109
341,45,75,111
337,57,98,128
346,56,103,159
350,55,108,160
357,57,100,162
356,58,95,162
362,73,85,151
359,90,88,130
362,94,84,128
363,103,80,118
370,114,77,115
367,126,78,114
370,144,75,101
374,144,67,99
375,154,66,96
373,168,66,93
369,171,64,97
365,162,63,116
364,162,62,119
362,168,60,120
359,176,58,114
357,176,59,117
352,174,59,120
350,178,61,116
349,177,60,118
344,177,62,122
344,177,60,119
346,186,57,112
344,179,57,118
341,178,59,118
333,174,63,125
321,165,71,134
315,158,73,135
313,153,69,137
298,152,81,145
286,151,86,154
278,159,78,136
264,146,84,167
253,143,85,186
256,159,77,169
255,167,76,159
255,180,74,145
253,197,76,124
253,194,79,126
254,167,68,152
255,193,70,128
256,193,71,127
256,191,70,129
256,183,66,138
256,181,71,141
255,179,74,143
255,174,72,147
254,171,77,150
253,169,85,154
253,166,88,157
258,182,83,144
259,172,86,132
254,168,89,155
253,165,92,135
253,165,94,155
255,170,86,146
262,164,91,109
250,145,93,173
251,139,95,143
253,150,100,168
233,112,129,174
281,156,107,147
292,164,100,139
302,173,84,131
300,155,90,151
302,163,100,146
295,161,117,145
285,171,128,138
295,168,118,144
312,170,109,146
314,172,100,139
317,173,83,133
321,184,90,120
325,191,80,112
327,188,79,110
326,175,78,123
321,185,82,112
318,183,80,113
316,163,79,134
311,157,79,141
308,155,86,144
304,154,86,145
316,160,76,137
315,186,75,113
315,174,73,123
318,176,69,120
316,177,71,117
316,178,71,115
317,183,68,111
315,177,68,115
313,170,68,121
312,170,67,123
311,170,66,120
312,174,64,114
219,203,71,134
299,183,73,122
302,178,70,125
301,179,70,123
301,184,69,119
299,187,72,117
299,186,72,119
304,181,68,126
304,183,69,120
281,172,90,124
304,169,66,108
275,155,92,132
215,203,78,103
301,154,74,130
302,143,75,135
306,127,69,126
300,112,69,141
347,141,75,101
378,146,57,68
293,88,64,84
295,84,64,75
300,70,64,75
302,56,59,91
303,55,60,77
219,214,78,119
230,135,98,133
217,194,78,143
232,145,82,134
221,174,86,132
220,181,85,137
219,181,86,133
225,167,81,125
226,156,83,138
220,186,82,111
216,173,86,138
230,156,78,124
214,193,84,126
345,70,63,81
348,72,58,88
219,203,72,138
350,85,56,91
359,93,54,85
362,99,58,85
364,99,59,99
363,107,68,110
365,131,50,89
364,131,63,97
364,136,54,93
362,133,56,99
358,149,56,87
347,163,64,85
339,165,69,90
331,171,79,97
333,172,78,97
326,175,83,103
325,179,79,110
324,182,79,114
323,192,79,108
322,191,78,108
320,188,74,115
318,189,73,117
314,184,75,123
316,193,70,114
317,194,69,113
315,200,69,104
311,214,75,93
306,220,80,89
302,208,78,107
299,212,81,107
297,216,79,106
296,210,76,113
294,207,76,116
291,204,76,122
293,199,71,129
295,198,68,130
291,196,73,131
292,201,71,126
294,202,68,124
291,208,71,120
291,203,71,125
293,206,67,120
292,208,69,119
293,207,68,120
293,203,70,124
292,201,73,124
294,206,71,119
294,208,73,117
295,203,71,122
295,208,72,117
294,203,70,122
292,202,72,125
289,206,77,121
293,198,72,128
292,212,73,116
292,215,73,112
291,192,73,136
293,197,75,130
292,162,84,170
297,129,96,186
303,130,102,187
332,123,90,113
280,230,87,99
352,133,83,98
364,144,69,74
369,148,61,70
279,192,62,106
371,156,60,88
372,156,57,69
372,158,53,53
370,160,46,50
369,166,43,41
275,200,56,76
325,218,58,61
328,190,59,94
264,158,78,80
324,225,60,63
324,225,60,63
339,180,55,37
338,182,55,42
337,174,59,52
261,162,62,57
330,187,65,45
326,185,70,58
329,187,64,47
331,185,62,52
330,186,64,52
328,186,66,53
331,182,63,60
332,186,60,54
331,185,65,56
222,231,78,114
334,178,66,60
327,183,64,69
330,176,63,71
324,176,67,70
326,179,65,86
324,180,66,102
316,175,74,119
309,173,80,144
296,170,93,173
280,176,112,182
289,171,105,185
292,173,102,179
294,188,98,166
292,198,97,160
298,192,96,163
302,182,91,167
297,186,97,171
302,183,88,164
315,175,81,113
316,173,75,109
310,176,78,146
319,186,72,118
308,178,78,155
330,187,61,116
320,175,72,89
317,182,72,116
316,181,73,123
316,185,72,128
306,223,70,116
307,221,69,111
304,226,70,101
303,197,71,119
302,222,71,116
301,220,75,119
300,228,77,121
301,201,81,129
300,222,81,128
300,226,82,125
296,221,87,131
295,211,89,137
301,204,83,134
301,213,84,124
299,200,86,146
315,220,65,112
315,220,65,112
299,106,58,71
299,105,59,51
298,98,62,57
297,81,65,74
296,70,69,83
297,58,66,97
297,62,66,93
297,53,68,103
227,152,55,101
228,156,52,99
229,155,50,104
228,157,50,101
229,156,50,100
230,156,51,97
230,158,50,92
232,155,48,92
232,152,48,95
230,156,51,87
287,74,62,92
223,147,54,98
224,151,52,93
289,97,51,66
289,103,44,61
230,145,50,115
227,154,54,114
230,148,58,127
232,147,66,137
235,145,72,148
234,144,79,146
239,144,72,142
242,155,66,141
241,169,65,127
237,171,67,133
235,170,69,135
237,168,66,141
237,169,68,144
239,167,65,135
236,171,68,142
238,170,67,147
239,168,64,142
231,166,78,150
304,204,79,112
313,199,65,116
318,165,66,139
320,181,68,137
317,172,74,128
315,188,69,107
347,157,69,73
332,169,54,79
333,174,49,83
330,181,58,82
331,178,60,84
334,173,58,79
340,170,49,61
339,168,47,60
337,163,44,71
300,237,70,119
300,222,79,129
305,209,79,142
309,211,84,129
315,211,82,122
319,201,82,123
321,200,82,111
322,162,76,143
327,156,71,140
319,152,73,134
311,157,80,129
314,162,69,121
305,151,72,135
305,153,65,130
315,132,54,107
306,138,58,90
303,134,56,97
301,130,56,104
304,127,49,70
301,124,49,58
249,182,93,119
246,160,89,152
246,157,86,148
248,160,84,113
244,166,94,146
247,157,87,151
247,157,85,131
246,163,82,136
243,154,83,151
246,157,79,132
245,163,77,123
243,165,79,144
245,159,80,154
242,153,85,157
242,152,82,143
241,154,81,130
237,158,76,130
230,167,75,139
236,170,76,136
230,163,75,138
225,182,80,133
223,179,92,140
222,182,103,148
229,166,101,171
234,169,103,171
240,177,100,167
257,176,91,172
273,171,79,176
281,181,75,170
291,182,69,153
293,213,74,123
299,220,74,125
309,219,67,134
316,219,67,133
319,217,68,134
321,220,69,128
327,219,64,125
332,216,66,122
337,214,61,119
338,215,62,116
339,210,61,115
339,203,61,112
340,197,61,117
339,195,58,114
339,195,59,115
335,191,59,115
331,186,56,112
324,182,56,112
322,173,58,122
316,172,64,127
309,164,68,107
298,160,78,114
280,159,84,124
248,166,74,127
252,168,73,124
247,169,71,124
249,165,75,129
246,167,74,129
251,168,77,126
246,167,78,131
249,167,84,131
246,168,79,133
249,167,89,134
245,167,80,135
250,169,88,130
246,167,79,134
249,165,85,132
246,166,72,128
247,158,75,134
246,161,75,129
247,170,74,128
247,169,69,131
244,167,67,130
242,160,67,142
241,163,74,132
241,170,67,131
242,163,67,141
244,168,65,131
246,167,68,129
246,175,64,124
250,172,66,131
248,159,61,146
245,155,67,157
247,159,73,157
246,161,77,159
246,149,80,177
246,158,81,171
246,154,88,182
247,152,90,186
246,152,89,186
246,159,88,180
245,154,89,186
245,154,87,185
245,151,89,191
245,149,87,191
244,155,91,184
243,160,91,175
242,160,96,177
240,158,99,178
243,155,96,177
391,120,63,123
254,145,78,124
243,161,84,148
241,154,88,161
240,154,93,172
243,134,95,192
241,143,93,192
239,140,94,195
238,150,94,186
239,152,88,184
240,148,87,189
239,146,80,192
239,140,86,197
233,138,89,199
233,134,95,204
234,134,90,205
230,123,95,216
224,110,104,225
224,125,99,187
206,131,69,112
198,122,81,119
184,128,98,118
187,130,80,96
192,99,79,118
198,100,69,113
207,102,64,112
221,102,61,116
297,146,61,95
236,123,51,100
295,135,54,122
296,143,56,111
249,127,76,96
285,174,70,96
277,140,69,111
256,140,87,119
250,155,91,144
246,163,94,134
245,162,93,139
244,162,94,143
247,164,90,123
249,164,87,138
243,163,94,145
245,160,91,147
245,162,91,141
244,160,93,144
246,156,90,142
242,157,95,156
241,139,98,200
243,143,99,183
239,141,100,197
244,135,98,187
243,135,100,187
240,135,100,190
241,139,97,184
243,140,96,180
242,137,99,184
241,141,102,196
243,135,98,187
243,132,97,192
243,128,99,194
241,132,102,196
243,137,99,185
243,135,98,190
242,135,99,188
242,140,101,199
243,133,98,198
241,139,99,197
243,132,97,199
243,137,96,198
245,143,96,187
244,148,96,183
244,147,96,187
243,154,96,181
242,155,98,181
243,154,97,181
242,154,97,182
245,154,97,175
243,149,101,183
246,138,93,173
245,132,103,181
241,129,103,197
239,133,113,201
241,129,109,205
242,120,111,208
247,117,124,199
249,107,121,195
232,92,104,218
231,96,119,201
226,90,82,137
224,83,76,110
229,74,76,112
239,68,71,111
271,138,101,111
244,116,142,152
243,97,115,237
252,70,94,244
247,67,100,250
253,89,92,206
254,84,92,204
257,88,90,208
249,109,95,218
245,131,94,195
240,152,99,184
241,152,101,182
241,146,102,190
242,135,98,182
236,131,111,196
237,131,106,197
237,132,108,196
237,132,108,195
234,128,107,200
237,128,104,202
239,131,101,191
236,132,105,204
235,136,110,202
236,132,106,196
237,131,107,197
239,131,110,193
235,131,111,199
236,133,109,204
234,137,109,200
234,136,109,202
233,139,111,198
247,140,118,193
232,139,111,199
241,135,108,178
249,137,117,194
234,143,112,195
234,142,112,196
236,144,114,189
251,149,114,181
235,152,101,181
234,144,102,158
238,149,96,166
267,140,96,159
242,159,100,182
276,180,95,167
246,150,102,169
238,147,111,189
234,148,111,195
234,151,109,193
236,150,111,189
234,147,113,197
236,144,112,192
232,148,113,190
231,154,113,190
231,154,109,192
234,151,114,157
227,180,115,162
221,164,126,163
219,160,133,158
217,176,134,140
225,163,124,142
232,159,119,141
234,152,114,140
242,159,102,135
240,150,102,139
234,158,105,135
253,164,83,130
256,149,84,153
245,153,94,176
227,149,119,180
214,145,101,166
209,154,68,159
212,159,88,139
217,155,111,152
212,149,68,150
216,156,156,137
210,152,70,124
320,162,66,86
322,165,65,93
324,170,71,89
328,173,66,91
330,181,64,91
332,179,63,98
332,181,62,104
334,183,60,105
334,187,61,101
334,193,64,99
333,188,66,107
334,200,66,96
332,194,67,102
333,199,64,96
333,194,65,101
332,188,67,110
332,196,66,101
332,189,65,107
332,196,64,101
331,195,64,99
331,198,62,97
332,200,60,92
332,198,61,96
332,199,62,93
330,199,61,94
334,200,60,92
332,199,61,94
333,197,61,96
333,196,60,96
333,194,60,99
337,189,57,105
336,181,56,104
330,182,61,108
332,178,68,109
332,184,59,113
333,180,64,113
333,187,61,109
332,180,59,111
335,178,69,97
330,183,64,109
336,179,58,63
331,183,64,106
336,178,59,79
335,186,90,104
351,185,55,103
334,179,60,113
348,182,49,100
324,163,71,132
338,192,56,103
327,169,60,123
334,177,56,117
321,159,66,138
337,171,57,113
321,161,72,137
332,176,71,108
328,178,76,103
317,154,92,127
331,162,74,109
320,153,80,122
336,171,62,82
329,159,65,105
321,146,60,89
318,130,60,123
324,136,50,76
324,138,61,101
333,143,43,73
319,128,44,61
321,125,44,74
322,127,46,88
321,141,52,90
326,126,47,99
328,152,48,78
318,144,61,100
327,135,47,75
319,126,57,131
355,168,72,57
319,144,59,100
324,135,52,82
324,149,52,100
325,138,51,94
323,152,55,87
325,134,52,97
325,147,51,88
325,127,51,113
324,131,54,93
325,142,54,97
325,135,57,111
323,130,71,99
336,139,45,86
315,140,64,125
354,152,69,84
231,169,51,90
221,168,73,91
223,166,68,92
308,144,72,115
210,169,82,89
328,141,58,104
327,132,58,99
325,135,70,107
213,166,114,102
226,169,87,106
317,147,68,99
254,157,123,104
277,168,96,85
297,148,92,99
290,161,91,91
281,169,87,83
198,168,100,116
284,150,114,104
354,130,66,84
364,132,62,89
368,141,61,72
370,145,63,74
239,154,62,100
378,154,54,99
234,161,57,111
233,165,62,111
381,182,58,80
405,206,42,48
349,175,84,83
240,162,51,107
370,177,58,78
358,178,71,78
362,181,67,81
371,181,57,83
233,164,56,109
233,161,61,114
241,163,55,115
239,164,60,114
237,160,56,99
238,157,61,120
239,160,56,102
238,158,58,118
234,163,59,111
231,166,63,110
237,159,58,119
235,168,63,110
236,161,58,116
239,162,57,116
233,160,65,116
364,178,67,88
239,158,56,115
348,176,78,92
237,163,53,110
234,165,63,113
364,177,59,87
345,176,78,80
355,178,67,82
232,159,62,115
362,179,59,89
233,158,70,107
230,168,68,107
364,176,58,89
231,158,81,109
364,182,58,90
366,175,56,79
367,179,54,84
360,177,61,88
364,176,59,85
229,154,57,114
240,168,58,104
361,179,63,80
232,160,74,105
227,164,74,108
228,167,73,106
58,155,49,88
56,175,58,64
56,175,59,63
68,176,56,60
79,178,53,58
87,178,55,63
96,180,56,70
96,180,53,65
103,183,54,71
108,186,53,74
113,189,51,73
115,194,51,71
115,194,50,72
118,196,48,72
120,197,49,72
123,199,48,71
124,200,48,71
124,201,49,71
126,200,48,72
127,200,49,71
128,201,49,71
130,201,48,72
129,202,49,70
130,201,49,73
126,202,51,72
123,200,51,74
124,199,49,74
122,199,51,74
124,199,49,74
123,200,50,72
124,201,49,72
123,202,50,70
124,202,49,71
124,202,49,70
123,202,50,70
124,202,50,70
123,202,50,70
123,202,50,70
123,201,50,71
123,201,50,71
123,201,50,70
123,201,51,71
123,201,50,71
123,201,51,71
123,201,50,71
123,201,51,72
123,201,51,71
123,201,50,72
123,201,50,72
123,201,50,71
123,201,51,71
123,201,50,72
123,200,50,73
122,200,51,73
123,200,50,74
123,200,51,74
124,199,50,74
123,199,51,75
123,197,53,77
124,199,52,75
120,196,56,81
122,198,54,76
122,200,53,75
123,199,52,75
122,199,53,75
123,199,52,73
123,199,52,74
123,199,52,74
124,199,51,75
123,199,52,75
123,199,52,74
123,199,52,75
124,199,51,74
122,199,53,75
123,199,52,75
123,199,52,75
124,200,51,73
122,199,53,74
123,199,53,75
123,199,52,75
124,199,52,76
124,200,51,74
122,198,54,76
121,199,56,75
123,199,53,75
122,196,51,76
121,195,50,75
117,196,51,73
115,195,49,71
108,194,50,70
99,192,48,55
89,189,50,48
79,188,51,49
70,185,52,55
64,183,52,57
60,182,52,62
55,179,52,66
50,178,53,66
49,177,53,65
47,172,54,70
47,175,53,66
45,174,55,67
44,174,54,66
43,173,56,69
48,177,53,65
50,176,53,67
49,177,53,65
47,177,54,66
48,177,54,65
47,176,54,66
48,177,54,65
47,176,54,66
48,177,53,64
48,177,53,65
48,177,53,66
48,177,54,65
48,177,54,66
48,177,53,64
48,177,52,64
48,176,53,66
48,177,53,65
48,177,53,65
48,177,53,65
48,177,53,65
48,176,53,66
48,177,53,65
48,177,53,65
48,177,54,65
48,177,54,65
48,176,54,66
48,176,54,66
48,177,53,66
48,176,54,66
48,177,53,65
48,177,53,65
48,177,54,65
48,177,54,65
48,177,54,66
48,177,53,65
48,177,53,65
48,177,53,65
48,177,53,65
48,177,54,66
48,177,53,66
48,177,53,65
48,177,53,65
48,177,53,65
48,177,53,65
48,177,53,65
48,177,52,65
48,176,54,66
49,177,52,65
48,177,53,66
48,177,53,65
48,177,54,66
48,177,53,66
48,177,53,65
48,177,54,65
48,177,54,65
48,177,54,66
48,177,53,66
48,177,53,65
48,176,54,65
48,177,54,65
48,177,54,66
48,177,53,65
48,177,54,65
48,177,54,66
48,177,54,65
48,177,54,65
48,177,53,66
48,177,54,65
48,176,54,65
48,177,54,65
48,177,54,65
48,177,53,66
48,177,54,65
47,177,54,66
48,177,54,65
48,177,53,65
48,176,53,66
48,176,54,66
48,177,54,65
48,177,54,65
48,176,54,66
49,177,53,65
48,177,53,65
48,177,53,65
48,177,52,65
48,176,53,66
48,177,53,65
48,177,53,64
48,177,53,65
48,177,53,65
48,177,54,65
48,177,53,64
48,177,53,65
48,177,52,64
48,177,53,65
48,177,53,65
48,176,53,66
48,177,53,65
48,177,53,65
48,177,53,64
48,176,53,66
48,177,53,66
48,177,53,65
48,177,53,65
48,177,53,65
48,177,53,65
48,177,52,64
49,177,52,65
48,177,53,65
48,177,53,65
48,177,53,65
48,177,53,65
48,177,53,65
48,177,53,64
48,177,53,65
48,177,52,64
48,177,53,66
48,177,53,65
48,177,52,65
48,176,53,66
48,177,53,65
48,177,53,65
48,177,53,65
48,177,52,64
48,177,52,65
48,177,53,65
49,177,52,64
48,177,52,66
48,177,52,65
48,177,52,65
49,177,52,65
48,177,52,66
48,177,52,65
48,177,53,65
48,177,53,64
48,177,53,65
48,177,53,64
48,177,52,65
49,176,52,66
48,176,52,65
48,176,53,66
48,177,52,64
48,176,53,66
48,177,53,65
48,177,52,65
48,176,53,65
48,177,53,65
48,177,53,65
48,177,52,65
48,176,52,65
48,177,53,65
48,177,53,65
48,177,53,65
48,177,53,65
48,177,54,65
48,177,53,65
48,177,52,64
48,176,53,65
48,177,53,64
48,177,52,65
48,177,53,65
48,177,52,65
48,176,53,66
48,177,52,64
48,176,53,66
49,177,52,64
48,177,53,65
48,177,52,64
48,177,53,65
48,177,52,65
48,176,53,65
48,177,53,65
48,177,52,64
48,177,52,65
48,177,53,65
48,177,52,65
48,177,53,65
49,177,52,64
48,177,52,65
48,177,52,65
48,177,52,65
48,177,52,65
48,177,53,65
48,177,52,65
48,177,53,65
48,177,52,65
48,176,53,65
48,177,52,65
48,177,53,65
48,177,53,65
48,177,53,65
48,177,53,64
48,177,52,65
48,177,52,65
48,176,52,65
49,177,52,65
48,176,53,66
48,177,53,64
48,177,53,65
48,177,53,65
48,177,52,65
48,177,53,65
48,177,53,65
48,176,52,65
48,176,53,66
48,177,53,65
48,176,53,66
48,177,53,64
48,176,53,66
48,177,53,65
48,177,53,65
47,176,54,65
48,177,53,65
48,176,54,66
48,177,53,64
48,177,52,65
48,176,53,65
48,176,53,66
48,177,53,65
48,177,53,65
48,177,53,65
48,177,53,65
48,177,53,65
48,177,53,65
48,177,53,65
48,177,52,65
48,177,53,65
48,176,53,65
48,177,53,64
48,176,53,66
47,177,54,65
48,177,54,66
48,177,53,65
49,177,51,64
49,176,52,66
47,176,53,66
47,175,54,67
48,175,53,67
47,173,54,69
48,174,53,69
48,173,54,69
49,177,53,63
48,175,54,66
50,177,53,63
48,176,55,66
47,177,56,62
47,176,57,64
52,173,53,64
54,170,52,66
57,167,49,64
58,161,50,64
60,156,48,64
62,150,47,66
64,147,48,66
68,144,46,64
69,141,46,62
70,139,47,62
71,137,47,62
69,137,52,59
68,136,55,58
66,134,57,61
66,133,47,60
63,133,61,63
64,129,53,67
63,136,59,61
60,137,62,62
63,139,51,62
66,143,49,63
69,144,46,62
73,145,43,63
72,144,43,64
65,145,47,62
57,147,57,60
56,146,57,62
61,147,51,64
67,148,48,63
68,148,47,62
66,148,50,62
64,147,52,63
65,148,50,64
69,148,45,64
74,147,44,65
77,146,50,63
77,147,48,63
79,148,42,62
70,147,47,64
64,148,51,64
63,147,52,68
63,148,50,66
72,151,43,64
77,148,44,67
76,148,48,66
74,149,46,65
73,149,47,66
69,150,44,65
63,150,47,65
63,152,46,64
66,151,44,65
64,150,47,66
66,151,44,64
63,148,47,68
59,148,52,68
57,148,48,68
58,149,46,67
53,150,47,66
46,151,47,65
40,152,48,66
33,150,53,67
33,150,52,66
29,149,54,66
20,149,62,64
15,145,65,64
16,143,63,61
23,141,55,61
19,140,55,67
16,138,58,59
20,136,51,63
19,135,50,61
16,134,54,63
23,133,46,62
15,130,53,63
14,108,56,103
4,120,66,89
5,123,64,86
8,128,61,73
7,126,62,73
10,125,63,71
14,124,61,69
14,124,59,69
21,124,54,70
23,125,55,69
30,126,50,66
28,125,53,69
32,124,53,71
33,127,52,66
37,128,52,63
41,127,50,62
46,122,51,63
45,120,54,63
49,113,55,67
57,107,51,66
64,102,47,64
70,95,49,66
72,95,47,65
77,92,46,66
86,88,41,62
91,84,45,64
95,82,45,66
97,81,43,66
100,79,47,67
117,78,35,65
116,76,42,62
115,76,44,64
121,75,41,54
122,76,45,48
123,75,47,52
132,76,41,49
131,77,44,48
132,75,45,49
133,78,45,53
133,80,45,51
135,83,45,48
133,84,48,47
135,86,46,46
137,87,44,46
139,89,43,46
138,91,44,45
138,93,44,45
136,94,47,48
135,95,48,56
136,93,47,66
136,91,48,69
138,89,44,70
136,89,48,72
136,86,46,77
136,94,48,78
138,81,45,77
142,83,41,90
140,85,43,90
140,83,41,71
139,82,44,87
138,82,42,82
139,81,41,83
139,81,42,73
138,78,42,65
139,78,42,59
138,76,41,59
137,72,43,63
134,69,44,64
136,68,41,65
133,66,41,64
127,72,42,60
121,82,45,48
111,73,47,53
103,62,49,61
96,60,53,57
90,54,52,70
87,51,51,90
82,61,48,73
71,65,50,73
55,71,50,70
33,81,56,76
11,90,64,80
3,104,46,83
2,123,26,76
4,175,22,71
3,182,21,60
3,182,21,60
186,165,56,119
313,214,80,116
311,219,83,115
309,221,84,112
309,214,75,117
303,196,77,122
299,198,70,120
298,187,72,129
294,185,71,125
296,171,70,146
297,187,69,120
304,178,67,95
299,168,62,131
294,175,66,91
292,178,65,110
292,176,62,106
292,174,61,110
290,175,60,107
284,171,66,121
290,165,58,118
291,171,55,114
287,174,60,106
289,163,56,120
290,165,55,117
288,164,58,109
290,160,55,115
289,163,56,117
289,160,55,124
292,155,52,123
287,155,59,145
287,156,59,140
289,154,57,123
293,156,53,113
289,164,59,83
289,150,56,103
298,159,47,69
292,151,51,95
299,131,41,74
296,134,42,68
296,134,42,73
298,131,37,78
294,131,41,70
293,135,39,63
290,130,43,66
294,135,38,59
289,127,44,69
296,134,36,61
291,128,44,71
296,134,37,60
293,127,43,71
295,134,39,61
289,127,47,74
290,132,46,73
189,185,78,118
307,159,51,70
300,154,40,70
294,161,47,68
295,170,49,62
291,177,55,63
289,178,56,64
291,171,54,74
288,158,57,87
290,148,55,98
292,150,54,100
291,154,54,95
293,154,52,92
289,160,56,93
291,149,54,102
289,153,57,96
289,145,58,103
289,151,57,95
289,140,56,112
289,146,58,115
285,140,60,133
253,223,79,130
250,214,83,141
259,175,83,175
272,161,75,178
260,138,88,205
259,165,88,178
256,149,93,207
262,142,84,196
257,147,90,204
253,153,92,197
255,160,90,188
251,152,95,203
255,162,90,186
253,194,92,159
250,194,91,161
248,151,94,201
250,178,95,171
248,170,94,182
244,155,94,199
239,142,100,206
234,142,99,207
231,142,99,206
232,140,96,206
228,139,97,211
227,140,98,209
227,147,98,208
223,144,98,205
232,160,97,194
249,214,87,145
252,233,77,121
256,222,71,131
254,225,74,128
255,226,72,126
254,227,73,124
257,227,71,125
239,130,84,110
231,148,84,90
257,227,70,126
256,222,73,133
256,222,72,132
258,224,69,127
256,222,71,132
256,224,72,129
257,222,72,132
255,223,73,130
253,225,77,129
252,224,77,130
251,227,78,128
254,222,76,133
252,220,78,135
252,220,77,136
254,207,74,151
248,137,77,106
254,213,73,141
251,204,77,152
228,156,106,202
236,132,114,194
231,138,122,172
236,143,118,187
225,150,131,170
238,162,116,193
218,153,111,161
233,149,94,174
228,154,110,165
235,164,99,158
225,162,109,172
226,153,117,176
214,151,88,149
222,164,60,83
235,149,52,70
231,150,51,70
227,151,51,68
224,152,52,68
224,152,51,66
223,153,47,68
254,224,73,135
222,146,55,85
91,162,50,70
93,167,50,67
92,168,52,67
93,170,51,66
93,172,50,65
93,173,51,63
94,175,51,63
95,176,50,62
97,177,49,61
96,176,49,61
96,176,49,60
95,176,49,61
95,176,49,61
96,177,49,60
95,177,50,59
95,176,51,61
96,176,51,61
95,176,51,62
96,175,50,62
95,176,50,62
96,175,50,62
95,175,51,63
96,175,50,63
96,175,50,63
96,175,50,63
95,175,51,63
96,175,50,62
95,175,51,62
96,174,50,63
97,175,48,62
97,175,48,61
96,175,49,62
97,175,48,62
96,177,50,60
97,177,48,60
97,177,49,60
97,177,48,60
97,177,49,60
96,177,49,60
97,177,49,61
97,177,49,61
97,178,47,60
97,177,50,60
97,178,47,60
97,177,49,61
98,177,47,60
97,177,48,60
98,177,47,59
97,177,48,59
97,177,47,61
96,170,51,69
96,178,48,60
96,177,49,62
98,177,45,60
97,175,48,64
98,180,46,57
97,175,50,64
97,178,47,61
97,173,48,66
96,180,49,59
97,173,47,65
97,178,46,58
97,180,48,57
97,181,48,56
97,185,47,53
98,183,46,55
98,184,47,53
99,183,46,55
97,177,48,60
94,173,48,64
94,176,46,61
92,173,49,65
92,183,47,59
93,177,49,60
93,174,47,63
92,169,49,67
91,169,49,67
93,171,48,64
90,170,52,66
92,168,48,69
91,166,49,70
92,166,49,70
92,167,49,69
91,168,50,68
90,155,51,83
91,168,51,71
92,166,48,70
93,166,46,70
93,174,48,62
93,172,48,66
93,170,48,70
95,169,45,69
93,174,48,64
93,173,49,66
94,174,48,65
95,173,47,66
95,168,49,70
97,168,46,69
99,167,47,68
104,172,40,61
107,171,43,57
110,148,43,75
117,153,40,68
119,138,44,60
131,130,44,67
134,124,43,76
140,126,41,69
142,112,43,59
138,104,54,70
158,107,38,68
157,98,43,65
160,90,43,65
161,86,45,64
163,87,47,54
167,84,46,50
170,79,45,50
172,73,43,54
172,63,44,60
174,65,44,53
175,65,43,49
173,59,47,53
174,52,45,61
172,54,46,59
173,54,45,60
173,51,44,69
173,60,40,61
171,69,42,52
169,71,42,54
165,70,43,61
161,79,44,60
156,80,46,65
153,86,48,61
149,84,47,67
141,85,51,71
131,87,56,73
123,89,56,74
120,92,57,72
113,92,60,75
101,93,63,77
93,92,63,84
87,86,61,96
86,92,62,88
87,99,55,83
76,105,60,76
71,102,60,81
73,106,60,85
64,108,61,79
60,107,65,86
64,110,59,79
59,110,63,83
62,112,58,83
61,106,61,99
63,109,61,90
71,129,48,86
73,134,53,87
78,128,52,95
82,123,49,107
81,146,47,77
83,150,48,74
84,157,49,70
85,160,49,69
85,165,50,65
89,163,48,70
92,164,46,69
94,177,43,56
93,176,44,57
91,176,48,58
90,176,48,59
90,177,46,58
87,173,49,62
86,175,49,60
88,179,46,56
85,180,47,55
85,180,46,55
84,175,47,60
84,176,46,58
84,174,46,60
83,170,47,64
80,169,50,64
79,169,49,65
80,174,49,60
80,173,48,61
82,170,48,63
81,169,48,64
82,168,47,65
86,171,45,63
87,172,45,61
87,175,45,58
87,172,45,59
88,176,44,55
87,172,44,58
88,176,45,54
87,175,45,54
86,171,45,57
87,171,45,58
86,169,46,60
87,170,44,60
87,173,45,56
87,174,45,55
87,173,44,55
86,176,47,53
87,170,46,57
87,173,45,53
88,167,45,58
88,173,46,52
89,168,46,53
88,161,45,58
88,168,46,53
90,164,42,55
88,168,45,52
87,168,44,54
88,170,40,51
88,169,43,51
91,170,41,50
93,168,41,52
93,168,42,53
93,170,43,52
89,168,44,54
87,165,46,58
86,152,47,73
86,163,44,63
87,165,45,59
88,165,42,60
88,162,44,61
87,164,46,59
87,162,46,62
88,159,45,65
87,161,46,64
88,160,45,65
88,161,45,64
88,161,46,64
88,161,46,63
87,160,46,65
87,159,46,65
87,159,46,64
87,159,47,65
87,160,46,63
87,159,47,63
87,160,47,62
87,160,47,63
88,160,46,64
87,160,46,64
87,160,46,63
88,160,46,63
87,160,46,64
88,160,45,63
88,160,46,64
88,160,45,64
87,160,47,64
87,159,47,65
87,158,46,66
87,159,47,66
87,158,47,66
86,158,48,66
85,159,49,65
87,158,48,66
87,158,47,66
89,159,45,66
89,160,44,65
87,161,45,66
80,162,46,66
81,161,45,67
74,162,48,68
65,165,48,65
57,166,51,66
49,164,53,68
49,165,52,67
41,165,54,68
33,164,56,71
24,168,58,70
13,169,62,67
15,170,59,66
12,171,53,65
5,170,53,62
0,162,53,71
0,161,47,70
2,164,47,65
1,159,47,62
2,150,46,64
5,140,46,69
9,135,54,68
9,130,54,73
17,123,58,77
30,124,56,73
41,121,51,71
44,124,57,64
43,126,56,61
52,126,56,57
57,112,56,70
65,114,53,62
64,116,59,56
63,116,59,56
67,114,56,54
72,109,54,55
73,100,51,58
73,94,53,59
70,89,57,61
72,82,55,64
71,82,55,60
71,83,58,63
73,79,53,69
73,79,52,70
74,82,50,68
74,83,51,67
73,87,53,70
70,91,54,68
70,92,54,67
68,94,54,66
61,93,61,69
55,95,60,68
48,96,64,68
52,96,60,69
45,97,66,65
48,97,61,65
44,93,64,63
45,91,62,62
46,92,63,61
46,89,67,65
63,91,57,64
71,93,57,67
80,99,50,63
80,100,50,61
84,102,45,61
84,107,41,60
81,109,43,60
78,109,44,66
75,109,47,67
73,113,47,71
72,122,43,68
70,128,47,68
72,133,43,68
72,136,43,63
72,139,46,62
72,139,44,61
73,140,44,61
74,141,44,60
74,143,44,60
73,142,44,60
73,144,43,58
73,144,43,59
75,144,40,58
74,144,42,59
76,144,38,61
75,143,41,60
76,145,40,57
75,144,42,59
76,145,40,57
74,144,42,59
76,144,40,58
74,144,42,59
75,144,40,59
75,144,42,58
75,144,41,58
76,145,41,58
75,144,41,59
76,144,39,58
75,143,42,60
76,144,40,59
75,144,41,58
76,144,41,58
75,143,42,59
75,144,40,59
75,144,42,58
75,144,41,58
75,144,40,58
75,143,42,59
76,144,39,58
74,143,43,60
75,144,41,58
