377,202,64,80
378,197,63,85
379,194,62,86
380,193,62,88
379,191,61,91
378,191,60,91
379,193,63,88
377,195,63,86
380,192,60,89
379,191,61,90
378,193,60,88
380,192,61,89
378,192,62,89
378,191,62,90
376,193,64,88
378,191,63,90
378,192,62,89
378,192,62,89
378,192,63,87
377,193,64,88
377,192,63,89
379,191,62,90
378,190,62,91
378,193,63,89
379,191,63,88
379,191,60,91
379,192,62,89
379,195,60,85
377,194,65,87
378,193,61,89
378,191,63,89
378,194,61,86
378,195,62,86
378,194,62,87
377,193,64,89
379,192,62,89
379,193,60,87
380,193,60,87
379,193,59,88
377,193,65,87
378,195,63,87
378,192,61,91
379,193,62,88
378,192,62,90
377,192,62,89
379,193,61,86
380,192,61,89
379,192,60,89
379,193,62,88
378,193,62,89
380,192,59,89
379,194,61,88
379,193,61,89
378,193,62,88
379,193,61,90
380,192,61,90
378,196,62,84
377,193,63,88
379,192,61,88
377,194,64,89
378,193,63,89
377,194,63,88
378,193,62,87
380,194,59,87
378,194,61,87
378,194,61,88
378,192,62,89
378,192,61,88
381,192,59,88
380,197,62,83
380,199,63,82
381,193,62,88
380,196,62,87
382,193,60,88
381,196,61,86
379,194,61,88
379,193,63,89
377,192,63,92
376,190,65,92
375,197,66,88
372,193,67,92
363,193,75,92
347,196,89,95
339,192,96,94
340,195,92,99
343,197,82,97
339,198,76,94
337,198,79,99
330,198,81,100
324,199,79,101
319,201,78,100
317,195,71,105
313,199,72,100
308,200,74,99
297,199,80,100
294,199,77,106
294,200,74,99
291,199,74,98
292,201,72,100
289,202,72,96
290,202,69,97
291,200,71,98
284,198,73,100
286,198,73,102
281,195,79,107
288,196,71,102
287,200,74,97
285,200,75,98
290,201,70,97
291,197,67,101
291,197,71,102
293,201,66,98
290,200,69,98
291,200,71,98
291,200,70,98
287,203,74,94
286,207,75,91
285,206,74,89
286,203,74,97
282,206,79,92
284,205,77,93
289,207,71,90
285,204,76,94
285,202,76,94
279,203,82,95
278,198,84,99
281,196,83,103
281,194,83,101
281,195,80,101
281,192,80,104
283,195,75,101
280,197,76,101
279,194,76,107
275,192,81,111
269,192,82,113
272,192,80,110
266,193,85,109
265,198,82,107
262,197,85,108
256,194,99,113
251,197,108,108
249,195,113,108
247,196,117,110
243,198,121,106
245,199,121,104
240,199,128,103
244,200,123,102
240,202,125,100
242,203,122,100
238,200,126,99
238,207,126,93
236,206,130,96
236,208,129,98
233,206,132,96
230,205,137,98
228,204,138,94
226,204,139,95
223,203,143,95
224,200,141,94
219,199,149,98
215,197,151,99
215,194,156,97
214,194,155,98
212,190,154,106
211,192,154,106
207,189,158,114
206,187,160,101
205,190,161,104
197,191,169,89
207,193,156,96
207,192,160,104
211,192,157,105
215,195,153,102
227,192,136,103
224,194,139,101
223,192,138,104
228,189,133,107
229,189,130,107
232,187,127,108
234,189,132,106
234,191,128,100
234,192,132,100
233,192,132,107
237,193,123,108
240,195,125,102
237,200,129,99
239,200,127,100
240,201,127,105
237,201,130,115
242,201,120,113
240,202,128,108
233,203,137,107
234,203,134,108
236,203,132,108
236,201,132,105
232,205,138,96
231,206,137,101
232,209,134,90
232,212,129,85
231,214,127,83
229,211,111,71
229,213,110,66
229,209,113,69
229,206,124,70
230,205,130,79
227,203,130,88
229,202,136,95
229,200,135,95
227,197,137,95
228,196,133,97
228,194,131,97
226,193,135,101
230,189,131,105
229,187,136,106
226,183,141,114
220,177,150,121
229,169,136,138
228,162,141,146
221,160,145,155
204,145,160,173
192,150,167,163
182,145,186,165
173,157,190,147
165,136,204,168
148,141,227,167
124,156,258,151
194,144,200,168
187,188,212,126
184,197,198,108
218,198,160,115
244,206,130,102
10,155,106,107
5,159,96,101
4,155,80,106
0,158,72,99
7,153,55,107
0,154,55,108
0,160,47,102
0,159,45,104
0,164,36,97
0,170,29,88
0,173,29,85
1,164,27,79
0,164,24,87
0,173,26,84
0,164,27,90
0,159,27,87
-1,167,26,85
0,156,28,81
0,163,26,85
0,152,33,95
0,152,33,94
0,152,38,95
0,155,48,90
3,149,49,93
3,145,58,94
1,145,69,92
3,142,77,94
14,142,77,92
23,142,79,89
35,139,77,88
49,136,71,90
60,132,69,92
68,132,71,91
78,128,69,91
90,126,70,94
98,127,68,92
107,126,67,94
115,127,68,93
126,128,66,107
128,127,75,109
133,130,76,106
142,129,73,105
154,131,70,98
162,131,73,95
165,133,81,91
178,134,76,89
196,137,64,86
208,137,58,87
218,138,64,88
224,140,74,89
238,137,87,108
238,133,94,111
241,133,98,118
257,124,97,116
244,129,103,124
251,109,109,141
265,127,99,130
299,99,92,116
316,99,81,107
333,96,66,107
341,101,67,97
345,99,72,94
355,103,77,82
370,99,71,80
382,97,69,80
390,93,67,82
399,91,66,79
404,89,70,79
403,88,75,76
408,87,74,78
410,87,74,76
418,86,73,72
427,87,71,78
432,86,76,76
446,83,69,76
452,80,70,79
461,75,69,79
476,72,66,81
483,66,65,86
498,65,54,84
504,62,58,85
505,61,64,85
506,59,69,86
508,60,73,84
514,62,86,78
510,59,95,86
517,57,94,86
522,58,97,83
527,59,105,83
529,59,107,84
534,62,105,81
534,66,103,75
535,68,101,76
539,67,100,91
539,67,97,84
558,73,77,78
544,73,93,81
556,76,90,93
547,74,90,84
541,74,95,97
559,74,84,105
540,67,95,111
535,69,101,104
533,69,105,103
531,69,109,97
525,63,113,85
524,60,106,92
520,63,110,74
517,64,98,75
518,59,92,75
511,58,94,81
506,56,102,100
504,53,108,108
498,53,112,111
493,51,117,111
488,54,114,101
479,54,92,101
481,50,80,100
476,48,78,101
472,46,78,101
468,44,78,106
455,36,79,80
444,38,85,62
439,38,78,56
430,33,76,55
423,30,68,54
419,25,66,56
410,17,78,62
400,14,84,64
393,14,84,62
382,15,87,66
378,14,87,61
376,12,83,68
371,14,83,65
365,13,85,69
363,15,84,69
356,12,87,75
354,14,85,73
347,16,84,73
343,20,84,72
340,25,77,71
338,33,75,67
334,43,69,64
327,52,68,65
323,61,68,73
314,72,77,71
301,83,79,72
293,89,75,76
285,98,80,77
278,97,81,89
275,106,79,87
272,111,79,91
268,117,83,87
265,122,84,89
263,127,83,87
261,133,85,81
259,143,83,74
245,150,95,78
239,153,101,97
241,153,100,101
240,159,100,90
236,161,104,89
237,164,101,87
232,169,107,79
231,167,112,81
230,170,109,81
230,169,104,79
231,167,108,82
230,170,109,83
232,168,107,78
235,170,100,77
233,168,103,80
233,169,102,79
231,168,106,79
232,167,104,84
230,167,105,80
229,175,105,77
229,179,108,73
229,183,108,69
228,185,117,78
228,188,119,74
231,185,119,78
228,188,122,72
231,189,123,70
236,189,118,71
236,190,124,73
240,191,120,77
237,189,125,92
238,191,127,100
246,195,120,104
248,195,120,106
254,196,113,104
253,198,112,99
251,200,116,105
252,200,109,106
251,202,106,105
251,201,108,106
264,205,92,102
265,210,89,97
264,209,89,101
266,209,87,105
262,214,89,95
261,214,90,102
260,213,89,102
259,217,91,96
263,215,85,104
261,215,85,108
261,216,88,110
259,221,91,104
259,217,94,116
259,217,95,118
264,215,87,120
266,206,84,133
265,206,85,136
267,202,84,145
270,197,82,157
273,197,80,153
271,195,84,160
273,201,86,156
276,207,85,150
282,202,77,156
277,204,81,154
277,202,81,154
278,208,79,147
272,207,84,148
273,202,83,153
272,207,85,148
272,217,87,136
273,228,86,129
275,228,86,127
266,220,94,134
260,211,106,143
259,208,104,143
265,203,99,147
270,205,94,145
270,207,94,147
271,207,89,146
273,209,92,144
267,208,91,145
274,206,89,145
272,206,86,142
273,207,85,144
271,209,83,141
269,211,82,136
267,208,82,146
269,209,75,143
263,203,77,149
261,203,74,149
251,205,80,141
241,205,81,138
238,205,76,137
230,202,74,134
226,202,73,137
220,197,74,143
220,202,71,137
220,210,69,128
224,217,66,120
225,221,63,113
223,222,65,111
221,222,68,112
220,220,68,114
223,221,67,113
223,222,64,110
222,220,66,111
222,221,67,113
224,221,64,107
221,221,67,110
223,219,67,115
224,221,63,110
222,218,66,115
225,218,63,116
225,218,64,112
221,221,67,113
220,221,71,111
222,218,65,115
221,220,69,113
222,221,67,109
221,221,67,111
224,219,64,113
224,219,63,113
222,220,68,109
220,221,69,110
225,219,63,116
224,218,65,115
221,221,67,110
223,222,67,111
223,220,64,113
222,220,67,111
223,220,66,115
223,219,64,114
228,215,59,121
223,213,65,122
224,214,62,122
226,219,63,117
223,221,64,117
224,220,65,119
223,223,66,111
221,222,67,113
222,223,66,112
226,223,61,110
224,225,66,109
224,222,66,113
226,221,65,113
224,220,67,116
222,218,69,115
222,218,68,117
221,220,72,108
221,221,68,109
219,223,70,108
221,221,70,109
221,221,67,112
222,223,65,107
222,224,69,106
219,225,72,108
221,224,71,106
219,225,71,104
221,223,68,115
224,224,64,112
225,223,64,113
224,224,63,111
222,224,67,108
223,226,70,108
220,227,71,106
218,225,75,110
218,228,73,104
212,226,82,105
210,225,80,112
215,224,76,106
213,227,78,105
208,227,82,106
220,228,70,110
221,225,68,108
209,225,85,106
206,223,87,110
202,227,91,101
198,225,96,108
197,224,96,100
193,225,98,103
193,226,95,97
189,222,97,100
185,225,97,93
188,222,92,96
185,222,92,94
186,222,91,95
179,223,95,93
180,221,95,93
178,222,93,93
176,222,95,92
169,221,99,94
175,223,90,93
170,222,91,94
173,220,84,94
179,222,73,90
180,220,73,91
177,223,75,89
177,221,76,89
180,221,71,89
178,223,74,92
183,219,71,91
184,216,74,95
186,218,76,91
191,218,76,92
201,220,68,87
203,218,74,86
210,218,73,88
215,220,71,85
215,218,76,86
218,222,76,86
221,219,75,86
225,220,71,86
225,219,73,85
226,221,74,87
231,220,70,87
233,218,67,87
225,218,77,90
221,217,85,89
224,218,82,90
216,213,94,90
218,219,92,88
219,215,94,85
222,216,89,89
225,216,85,92
225,216,84,88
229,213,75,93
228,214,77,94
233,211,72,96
229,212,74,93
229,211,75,94
229,211,74,94
224,212,79,90
225,209,78,92
222,212,83,90
230,207,74,93
227,209,75,89
226,207,77,92
215,206,87,91
221,210,82,84
218,207,84,85
220,206,82,85
217,206,84,83
219,206,80,84
220,204,75,82
219,208,75,81
219,207,76,80
219,204,74,81
219,208,73,78
222,205,69,78
223,205,67,77
227,206,63,80
224,205,65,79
228,204,62,77
228,204,61,79
229,205,59,79
229,204,59,80
227,205,61,79
228,204,61,79
227,203,63,79
230,204,57,81
231,206,58,77
230,206,58,78
232,203,54,80
227,204,60,80
229,203,59,79
227,203,59,79
228,203,59,81
229,203,58,80
229,204,57,80
226,202,63,78
230,205,58,76
232,205,55,77
227,206,62,77
224,204,65,78
224,205,64,82
220,205,70,77
220,201,70,82
219,206,71,78
223,204,68,78
223,205,67,79
227,207,63,79
229,206,59,79
229,207,61,76
221,207,67,80
214,204,77,80
215,205,75,82
208,205,84,83
209,205,84,79
207,203,83,82
212,205,81,79
213,201,80,83
213,204,82,79
213,202,83,78
213,200,84,81
216,201,80,82
216,201,79,81
222,202,73,80
224,202,69,81
228,201,65,82
228,200,66,82
232,201,59,84
230,199,66,82
236,197,61,84
238,202,61,79
234,198,67,80
239,200,63,78
239,201,64,77
238,197,66,81
242,201,61,74
242,199,64,77
242,198,65,78
243,200,60,78
243,198,63,79
242,198,65,78
242,197,66,80
242,197,66,80
240,195,66,81
241,200,67,74
240,197,68,77
242,197,64,79
242,197,67,79
241,200,66,76
241,200,67,77
240,199,68,77
241,199,68,76
241,197,70,78
243,197,69,80
243,199,70,78
244,200,66,77
243,200,70,78
243,199,76,79
244,201,74,76
244,198,73,79
244,199,75,80
243,199,78,78
245,200,74,77
244,200,73,79
244,201,75,77
244,200,78,78
242,199,81,77
247,200,65,79
245,204,70,73
247,203,65,74
246,200,65,76
245,202,69,76
245,202,67,76
247,201,64,76
247,200,64,77
245,200,67,77
247,201,65,77
248,202,61,75
247,203,63,74
246,202,64,74
246,202,65,77
243,198,72,80
244,200,74,80
244,199,68,79
244,200,66,81
244,198,67,82
242,197,68,82
244,200,65,81
243,203,66,76
244,201,66,81
246,201,62,78
244,199,64,83
242,200,68,83
240,199,72,81
239,200,72,79
242,202,69,77
241,202,69,77
241,202,68,77
244,201,66,77
242,204,68,78
243,201,67,80
242,203,70,80
243,202,67,80
244,203,66,83
243,200,68,81
243,201,65,85
243,200,67,85
241,201,71,79
240,201,74,80
241,202,80,78
240,202,87,77
238,202,88,75
239,203,79,76
242,202,71,77
243,201,68,79
245,203,65,80
244,200,68,83
243,202,67,83
243,200,69,82
243,202,75,84
241,200,70,81
241,202,70,82
243,199,68,85
241,200,69,83
242,200,69,81
241,201,69,83
242,199,69,80
241,202,70,82
245,200,66,82
243,200,69,80
243,201,68,83
245,201,67,80
243,200,68,71
244,202,69,79
245,199,66,83
246,199,63,82
245,199,67,83
246,199,65,82
244,200,67,81
245,197,67,81
245,198,71,82
244,194,90,83
242,199,92,78
241,199,90,78
242,202,87,75
239,203,89,77
236,203,90,81
237,205,84,81
235,204,84,84
234,207,83,82
233,205,85,87
233,207,83,92
232,207,85,94
232,211,84,91
232,210,91,92
231,212,96,95
232,211,91,97
233,214,91,97
236,213,92,101
238,216,94,97
243,216,91,95
250,215,88,99
261,217,83,98
270,216,81,99
283,216,78,95
296,217,77,96
312,215,75,98
320,212,78,96
330,214,79,95
339,211,80,97
348,212,81,95
354,208,81,95
362,211,79,91
368,208,80,90
370,208,82,88
369,204,85,91
373,204,82,82
366,205,88,85
371,206,82,82
376,205,76,82
379,201,73,85
371,207,78,76
369,205,78,79
374,199,71,80
372,197,69,87
362,195,78,85
363,196,73,81
361,194,72,79
361,201,68,79
360,197,65,77
356,196,66,81
350,198,70,77
344,196,75,80
343,194,71,80
340,197,70,75
335,198,64,76
330,196,65,75
322,194,68,83
316,199,67,75
308,201,65,74
304,200,63,74
294,200,64,74
285,204,64,71
277,199,61,74
267,200,68,76
247,196,87,82
244,195,90,79
234,196,99,76
219,201,106,74
212,197,98,81
209,201,112,74
194,201,109,77
191,200,98,78
186,199,87,81
178,197,87,85
173,198,83,85
167,201,84,82
163,199,83,83
159,197,86,85
156,195,90,89
152,197,96,82
151,200,95,80
151,200,82,79
149,202,74,79
149,199,71,82
149,199,71,81
148,196,71,85
148,199,70,83
148,199,70,82
147,199,71,83
150,200,67,81
146,202,70,79
143,198,76,83
140,201,78,81
144,201,73,78
144,201,72,79
143,201,76,78
143,203,77,78
145,204,73,76
147,202,70,78
145,203,71,77
143,203,74,77
142,204,74,76
144,201,73,77
140,203,77,78
141,203,76,77
141,202,74,78
142,201,76,81
143,204,73,75
144,202,73,79
141,202,75,79
140,200,77,78
143,197,76,82
137,201,80,78
142,196,78,85
144,195,75,85
145,193,75,88
141,191,82,91
144,191,80,91
152,195,71,89
147,199,76,87
145,194,82,90
154,200,73,85
151,196,80,91
160,207,75,82
169,206,70,83
173,203,69,83
177,199,67,95
185,187,61,108
190,182,61,119
197,190,62,114
202,187,65,117
209,192,64,114
207,194,70,111
212,197,70,106
216,191,69,109
218,184,72,111
232,184,81,93
228,183,95,96
228,169,112,102
229,164,117,100
237,159,111,97
236,151,110,97
237,157,112,91
239,153,107,94
238,151,107,103
245,117,96,122
237,130,114,123
246,95,108,134
246,92,112,151
233,90,133,145
237,95,125,155
229,92,134,151
225,93,138,152
224,93,139,152
232,92,125,158
223,92,134,161
241,96,117,151
236,95,122,160
222,94,138,158
228,90,131,161
242,93,118,159
251,93,109,155
242,95,115,154
247,102,109,149
248,112,109,137
249,115,102,133
240,117,107,133
242,119,97,133
244,117,93,132
248,118,88,133
253,101,84,146
251,119,85,130
247,120,87,128
243,120,94,130
239,120,96,131
244,119,91,132
242,121,93,131
243,122,95,130
239,123,97,130
239,125,96,124
238,126,99,130
236,124,99,120
232,131,108,121
241,127,94,125
241,127,93,122
239,130,96,122
236,128,102,122
238,129,96,119
234,135,100,120
232,133,106,116
234,140,100,112
233,134,100,114
235,138,89,113
233,138,93,112
233,137,91,111
232,139,93,111
228,140,100,109
228,142,98,107
224,144,104,104
220,144,107,103
216,149,118,101
213,152,123,95
205,149,137,100
202,153,140,96
194,157,151,92
185,163,162,86
177,167,174,82
165,168,190,81
174,181,182,68
125,175,178,79
106,167,145,92
122,165,116,93
102,174,89,87
98,171,83,89
91,172,84,86
68,177,88,80
62,179,74,87
63,180,67,89
58,182,72,86
59,183,71,85
63,185,73,83
73,184,73,83
83,183,90,83
96,184,81,83
118,184,66,84
128,185,71,81
135,182,78,89
154,177,74,88
159,177,73,91
188,177,62,86
210,174,64,85
225,173,70,84
244,178,89,76
251,170,93,82
265,170,100,76
294,161,85,82
305,157,82,83
317,159,79,76
326,154,75,75
328,152,76,74
326,146,74,78
320,136,77,84
314,136,74,79
308,134,69,82
308,134,60,79
280,131,75,78
276,129,75,70
250,125,84,71
243,119,78,71
237,110,72,71
224,85,77,79
241,173,94,75
202,59,80,75
210,37,70,68
217,19,54,67
222,10,45,63
216,3,46,61
211,2,45,63
207,4,43,66
202,12,44,67
199,24,40,59
194,42,42,66
196,64,42,54
184,83,50,55
183,95,53,60
183,109,50,57
184,121,47,53
183,128,48,53
187,131,45,57
189,134,45,57
191,134,44,56
190,134,46,49
190,135,43,44
190,134,46,46
190,135,45,42
192,134,41,49
190,135,48,46
193,136,49,52
192,145,50,64
192,140,60,60
193,140,58,60
194,141,53,61
192,143,54,64
190,143,54,74
189,143,52,71
189,141,51,69
190,140,47,68
188,138,51,71
185,136,49,74
182,134,50,76
182,133,50,68
182,131,53,63
188,131,54,64
187,130,61,65
196,130,59,65
198,130,63,67
202,130,65,69
206,126,68,76
210,125,71,84
212,125,76,87
220,128,71,89
221,130,75,89
219,135,82,87
222,140,83,82
232,156,76,89
231,158,81,85
235,163,82,83
237,168,86,82
238,178,82,77
241,179,84,79
241,185,85,79
239,187,92,78
240,189,92,78
240,193,93,74
239,198,94,70
241,198,91,73
241,200,86,77
242,203,90,79
221,206,89,84
225,201,79,93
228,200,73,93
236,203,64,89
240,198,57,94
243,201,55,91
244,201,56,90
243,203,56,88
239,205,59,85
235,206,61,84
231,207,65,83
225,207,71,86
230,210,65,81
231,207,62,87
232,208,59,86
232,207,61,89
231,205,57,93
233,206,56,92
234,206,52,89
