377,202,64,80
380,197,61,79
378,194,61,83
381,195,62,82
379,194,63,84
376,196,65,81
378,195,64,82
383,195,60,80
378,195,64,81
378,195,62,82
379,195,62,80
380,195,63,82
378,194,63,81
378,196,65,80
379,197,63,81
379,196,64,84
378,196,63,80
378,195,64,82
378,194,61,83
379,194,62,83
377,195,62,81
380,193,61,83
377,194,65,84
380,193,62,85
376,194,63,81
381,194,60,82
379,196,62,84
379,195,63,81
381,194,60,82
379,194,63,81
377,193,63,86
380,193,60,83
380,194,62,83
378,195,64,81
380,195,63,81
377,195,62,83
383,195,58,82
380,194,62,84
381,194,60,82
378,192,62,84
380,194,60,83
378,196,64,80
378,194,63,84
380,193,62,83
381,194,61,84
381,194,60,84
378,193,61,85
377,194,63,87
381,195,62,84
379,194,63,83
377,195,61,82
381,196,62,83
378,198,61,77
379,195,61,84
378,195,63,84
379,195,63,86
380,194,64,84
378,195,64,85
380,193,61,85
379,196,62,83
380,196,60,85
379,194,63,84
377,195,64,83
381,196,59,82
380,194,62,85
379,193,63,84
378,193,65,83
379,192,62,86
381,196,60,81
381,200,62,74
381,198,62,78
380,198,61,75
381,194,61,82
384,195,57,82
382,194,58,87
383,194,57,83
384,192,57,85
382,192,58,87
382,193,56,85
382,191,59,88
380,194,57,85
376,194,59,86
371,197,63,87
365,196,68,90
356,194,71,95
347,191,73,101
338,195,79,97
337,194,76,100
328,194,85,102
314,197,89,98
317,203,76,96
315,203,71,92
306,204,79,99
306,206,76,91
298,202,76,97
297,199,73,98
291,197,72,99
294,193,70,104
287,192,76,105
286,193,72,103
288,193,74,103
289,195,71,99
288,201,72,96
286,208,73,89
288,209,71,90
291,202,69,95
288,203,71,94
284,204,77,91
285,206,76,89
284,203,77,95
287,198,74,101
288,197,72,98
290,199,70,96
294,199,67,97
293,199,69,94
286,200,77,98
283,203,79,92
288,206,73,88
288,203,73,92
286,204,74,90
286,203,74,92
284,202,78,94
287,207,73,89
290,205,69,92
288,203,71,93
287,204,74,92
282,193,80,104
284,191,79,101
282,193,76,101
284,189,77,106
282,188,77,105
282,190,74,105
277,189,78,104
275,189,77,109
267,191,85,110
263,192,92,111
265,195,84,112
259,196,88,108
249,194,102,109
252,198,102,101
247,194,116,108
243,195,122,104
243,195,120,105
240,197,122,103
239,196,123,101
237,198,128,103
235,195,128,99
230,198,130,98
231,198,129,100
232,203,128,96
231,204,128,96
231,203,133,101
231,201,121,102
224,202,132,98
225,202,135,99
222,201,140,100
221,198,142,101
218,195,151,106
213,193,155,108
212,193,155,105
208,195,161,107
215,193,153,109
213,190,155,110
208,190,161,116
209,189,159,114
212,189,145,119
209,186,155,113
208,188,155,102
205,189,159,101
211,188,152,104
204,190,161,108
207,192,154,111
220,193,142,105
220,189,144,109
221,191,146,106
227,190,140,102
228,190,128,105
235,187,118,105
236,190,126,105
235,191,134,100
238,193,133,96
237,190,127,99
236,195,128,97
236,193,132,99
238,197,121,99
240,195,128,102
241,196,126,101
243,202,121,96
247,199,115,100
248,199,117,98
249,201,116,96
244,201,124,97
241,204,121,96
238,200,131,101
239,203,134,98
237,202,129,99
236,204,128,99
234,206,135,92
236,209,124,88
228,212,129,86
229,209,128,90
229,209,123,89
232,207,122,93
230,203,118,100
226,199,135,106
227,199,142,99
225,200,139,104
231,196,137,96
218,196,148,103
220,193,147,102
221,193,144,103
223,189,145,108
223,189,140,109
229,186,136,110
224,178,142,113
223,173,138,116
227,167,137,126
230,163,136,137
209,162,151,142
198,154,163,160
187,149,176,161
188,124,183,185
172,123,190,183
164,114,209,193
152,120,212,183
179,115,198,188
180,120,189,179
209,120,162,183
70,142,135,178
228,115,141,188
28,151,147,195
235,112,130,190
242,117,125,185
233,122,137,186
236,118,130,187
239,115,128,192
233,114,134,193
230,121,141,191
236,110,131,194
233,108,134,199
235,116,136,189
234,112,138,193
243,103,124,202
239,111,128,199
236,107,132,204
236,103,133,194
235,102,131,202
234,105,130,197
233,110,132,190
237,109,130,191
229,106,134,191
227,99,134,193
230,99,138,200
237,94,133,191
227,102,138,195
241,101,124,185
249,106,113,182
236,104,128,184
240,95,124,182
233,98,128,182
250,88,106,193
252,99,107,176
249,96,108,168
246,97,116,171
256,97,104,168
252,97,107,159
250,94,108,160
242,91,113,158
249,88,110,163
244,89,115,164
239,97,124,160
242,91,123,161
240,90,124,162
245,92,118,168
244,93,124,161
242,93,129,164
256,97,119,152
237,93,134,160
249,97,125,154
232,93,143,146
235,98,145,135
237,97,145,143
232,96,150,137
235,94,163,136
238,90,168,147
236,89,176,153
236,91,180,145
241,89,178,151
240,87,181,161
239,84,181,165
242,81,184,172
239,82,185,185
244,79,193,188
240,81,199,174
246,85,203,171
237,87,214,170
246,85,208,181
239,85,221,152
242,82,226,162
244,86,229,153
244,85,236,156
243,86,237,155
244,88,246,146
246,91,256,144
242,90,244,152
245,79,266,162
243,79,277,171
243,71,297,176
250,72,289,172
248,74,303,171
246,68,314,178
247,62,330,178
250,62,348,190
249,57,347,186
247,61,354,183
253,59,366,183
246,62,357,184
239,51,387,196
240,42,389,206
247,62,368,189
250,58,374,189
244,73,380,176
246,74,363,168
251,80,382,162
248,95,382,150
238,93,386,148
243,95,388,149
231,94,395,143
221,93,410,149
234,92,398,150
221,98,402,142
221,96,420,140
215,94,413,150
216,89,413,151
218,95,415,148
207,86,418,151
210,84,422,162
210,75,413,164
198,63,431,188
202,82,415,168
207,74,408,173
211,56,413,192
210,51,414,198
208,60,404,180
212,56,394,179
210,51,397,186
208,45,401,188
210,57,395,186
209,60,378,182
205,38,365,199
211,39,350,199
214,31,325,206
201,37,340,202
211,23,321,219
209,16,316,222
212,20,308,231
208,17,302,226
210,14,293,236
212,9,269,243
209,12,268,228
203,13,273,228
203,11,270,241
209,15,246,229
203,10,258,239
199,11,248,246
205,5,236,250
206,11,234,235
204,10,232,225
207,13,225,224
202,12,227,224
208,15,216,237
204,16,213,230
201,28,210,200
204,38,196,197
202,39,190,199
204,39,183,195
208,66,176,183
199,72,187,179
207,82,175,162
211,86,170,143
207,87,164,167
221,89,152,163
235,92,137,146
210,81,157,174
219,91,149,153
220,81,146,169
212,77,146,184
213,80,141,171
209,75,144,185
212,71,138,190
209,72,142,186
203,70,144,190
222,78,129,181
207,77,142,176
203,80,148,174
208,78,138,188
209,80,142,180
207,79,139,180
204,84,142,174
218,83,128,174
212,80,137,179
208,78,139,174
209,74,145,175
204,81,144,175
205,77,145,184
215,85,139,180
214,77,135,194
212,81,138,179
215,84,141,175
211,79,146,191
210,91,140,181
208,90,149,188
209,84,158,199
211,88,147,198
209,86,150,205
206,89,159,199
206,85,156,199
212,89,160,206
211,89,156,210
209,92,162,205
221,86,154,216
212,88,155,206
212,98,163,206
211,93,164,211
208,86,163,225
211,78,162,219
214,86,154,229
213,91,157,225
209,83,156,232
203,87,162,221
207,92,158,230
228,89,139,227
216,97,147,225
205,84,163,229
217,93,150,227
209,88,159,232
209,96,159,231
210,92,156,227
212,95,155,237
212,96,155,236
206,95,155,247
208,90,154,254
212,94,147,240
208,92,160,250
208,96,157,257
205,87,167,268
217,99,145,244
210,89,164,266
214,93,154,251
217,91,161,261
210,90,162,279
217,93,157,274
215,83,157,262
213,97,157,259
215,84,158,271
218,85,152,276
213,95,165,271
218,83,156,260
214,98,156,256
220,94,153,261
220,95,147,251
229,98,143,251
226,92,144,261
224,80,150,271
235,96,142,250
226,86,152,263
234,77,145,275
230,86,149,270
239,94,136,253
239,88,133,262
236,88,137,262
238,86,138,261
236,85,141,263
235,78,150,273
230,86,152,263
233,92,151,256
226,86,170,251
226,88,155,263
226,85,154,256
213,88,170,256
215,79,171,262
208,82,174,258
211,45,188,278
201,56,198,258
203,58,196,264
180,64,211,259
188,104,206,225
194,118,196,203
189,93,200,239
195,79,203,238
155,85,242,256
186,24,210,293
183,20,216,309
190,16,201,314
189,17,209,306
192,19,201,308
198,17,191,312
199,16,193,313
172,18,215,320
176,17,222,320
189,15,202,322
194,15,194,308
189,17,195,316
189,13,199,318
191,15,198,317
174,14,207,311
192,15,199,313
181,12,203,317
177,14,214,319
184,11,204,325
177,13,214,317
180,8,216,328
170,9,231,321
181,8,216,320
193,11,204,325
189,11,217,326
207,9,193,322
198,12,198,306
202,10,197,322
208,9,197,308
201,15,193,308
201,9,196,320
204,11,196,303
213,11,187,311
216,7,184,310
218,6,180,335
214,0,182,334
223,7,174,313
226,-1,166,313
229,-3,159,279
233,6,153,270
232,4,152,266
235,8,147,273
240,2,138,276
229,3,143,287
232,2,138,316
227,2,140,325
223,31,140,315
224,4,151,309
222,20,147,330
220,0,155,327
219,-3,153,335
225,3,153,325
217,20,159,303
219,52,164,271
219,84,172,242
219,92,179,230
216,97,188,211
215,89,186,234
211,84,193,245
207,83,203,247
206,83,208,252
204,87,208,254
199,91,217,243
200,89,226,251
196,95,227,247
198,92,233,243
197,93,233,251
192,100,236,235
197,91,237,240
193,93,246,245
198,84,235,252
196,83,244,251
194,83,238,246
200,83,235,253
193,67,249,253
190,76,245,241
189,82,233,236
191,58,256,255
176,52,268,270
185,68,248,254
178,53,272,260
176,82,254,232
176,62,274,241
168,44,284,265
173,11,299,291
172,13,285,298
166,10,297,308
159,8,315,304
164,2,303,317
158,13,312,306
153,0,334,313
156,3,317,313
153,11,314,302
153,7,324,305
162,38,295,281
153,83,290,229
161,49,295,258
160,83,288,226
161,73,290,236
169,43,291,253
159,76,297,221
168,48,305,252
180,41,303,265
187,66,271,241
185,52,287,243
190,69,280,231
184,64,302,238
187,82,280,220
191,64,291,239
191,65,285,244
193,72,275,230
192,65,295,233
197,75,287,223
199,74,287,209
199,75,280,218
204,69,287,225
203,78,265,219
207,77,261,224
203,76,279,226
207,70,272,224
213,71,279,222
208,62,271,234
217,53,280,233
208,71,247,225
216,65,242,227
220,71,219,224
218,73,206,224
220,77,201,220
220,77,199,215
219,78,203,217
214,79,204,207
218,76,241,201
208,70,265,211
202,83,260,202
209,75,253,206
203,80,267,195
199,77,267,203
195,56,272,221
193,78,267,207
190,61,266,221
185,37,291,241
182,3,300,273
189,11,280,261
186,32,274,243
184,8,288,270
191,8,282,274
180,0,286,275
188,8,277,256
191,12,270,253
188,12,269,253
193,9,279,247
195,4,252,269
193,5,264,256
196,6,262,265
185,4,284,268
191,35,257,247
191,7,274,263
189,57,266,226
195,23,256,246
197,62,251,228
194,10,262,267
196,14,273,263
198,0,242,273
195,1,273,282
199,5,288,272
189,12,275,266
196,5,286,260
202,10,267,265
203,24,254,244
202,42,247,230
207,33,232,237
204,72,230,202
200,53,249,212
204,59,213,219
203,68,229,207
207,62,240,205
201,75,224,202
200,57,227,212
208,30,232,249
206,9,265,261
205,-1,285,275
200,5,262,264
208,4,264,285
202,-7,249,278
203,7,278,263
199,2,279,281
205,-3,260,287
205,-4,257,276
205,0,261,286
209,-5,260,283
208,-2,246,266
210,-3,250,281
215,-11,244,278
212,0,245,270
217,-2,245,276
216,-7,253,275
215,0,263,276
217,-6,260,281
216,-6,259,279
214,-4,266,272
216,3,255,264
221,-10,274,273
218,-4,268,276
218,-9,259,287
219,0,261,274
222,-10,261,283
215,4,256,266
222,0,248,274
221,-2,243,278
219,-9,225,292
218,-7,233,296
216,-5,234,284
217,-6,228,290
217,-8,227,290
212,-4,215,286
212,1,223,271
215,-6,219,280
208,-7,226,285
209,2,226,274
213,0,222,273
215,-2,217,284
212,-4,221,283
204,-4,225,287
204,-8,221,280
203,-3,225,285
213,-9,209,289
208,-3,191,287
209,-1,205,273
204,0,193,270
203,-3,215,275
206,-4,217,282
204,-7,217,286
204,-6,203,298
202,-9,220,290
203,-7,216,282
210,-7,190,286
208,-8,219,289
209,2,220,284
201,-6,228,291
210,-2,217,292
203,-3,209,286
204,-3,219,282
211,-2,195,291
198,0,196,276
203,0,225,289
196,-6,219,286
195,-11,222,276
199,-14,223,290
204,-4,196,289
200,-4,206,288
207,-2,204,292
200,-1,212,301
197,-4,217,286
202,-3,223,301
198,-2,228,307
195,-5,236,299
199,0,237,303
194,-4,241,287
194,-2,238,277
200,-4,221,296
197,-1,218,294
200,-5,195,299
199,10,193,289
191,0,196,285
199,3,177,289
199,15,155,280
198,6,161,283
203,5,143,290
200,2,152,279
198,3,159,273
192,5,180,281
191,6,164,286
196,13,143,283
197,3,152,285
193,2,152,277
191,6,166,277
193,4,183,275
193,9,171,287
192,14,164,271
193,29,168,260
197,27,155,263
200,7,126,286
203,29,126,259
195,39,143,247
194,54,167,231
193,76,171,211
199,83,150,207
196,81,160,194
202,84,153,208
198,83,148,215
194,82,151,214
198,80,147,207
199,89,144,218
196,74,150,227
194,81,150,213
193,83,154,223
197,82,151,222
191,79,150,211
192,80,155,215
192,84,154,208
194,86,152,210
192,87,151,209
193,84,154,229
202,80,147,206
198,89,152,203
195,86,157,201
194,88,159,195
195,86,165,187
197,88,163,186
196,83,160,198
197,87,158,193
196,84,158,200
195,83,153,204
190,84,151,202
194,89,148,196
203,88,143,193
201,87,145,200
199,82,140,205
194,82,148,206
195,83,145,204
196,85,145,205
194,82,149,215
195,80,145,216
191,84,142,214
198,81,140,220
191,90,135,207
191,78,138,219
190,85,140,215
190,80,136,221
191,84,136,221
193,80,138,228
189,83,143,228
189,89,147,219
187,86,152,242
192,82,157,257
188,84,164,260
188,74,177,265
190,80,185,255
182,88,213,236
183,92,220,232
185,83,229,225
178,83,228,186
171,79,208,162
180,85,190,155
179,86,189,154
174,84,216,162
169,82,218,169
173,85,216,165
171,85,231,175
168,86,271,192
167,82,263,189
169,86,278,194
164,87,283,195
169,81,273,203
167,81,276,207
164,82,261,191
166,84,269,200
162,85,259,181
163,86,231,176
167,75,217,188
170,83,208,170
165,82,201,160
167,85,210,170
171,80,198,179
168,85,224,178
167,78,234,197
165,82,245,192
162,78,223,189
174,81,196,190
171,83,189,179
174,87,185,182
171,87,183,185
171,87,179,185
173,85,172,188
171,81,164,193
172,85,160,198
176,91,154,184
173,87,157,186
173,91,158,189
174,80,155,198
175,94,162,181
176,85,151,194
173,82,150,193
176,88,148,191
176,88,150,192
175,88,151,195
173,88,163,194
171,81,154,194
169,89,161,194
162,88,170,189
162,88,168,184
161,89,169,180
160,92,171,182
154,87,178,191
156,80,171,194
155,94,178,179
155,89,174,184
147,79,187,201
159,84,176,190
153,88,180,175
164,84,180,186
155,86,176,174
185,88,163,173
180,91,171,166
168,82,185,181
163,85,193,159
145,87,213,178
148,88,205,180
153,88,209,180
153,86,206,174
151,86,205,173
152,86,202,187
145,89,213,181
138,89,219,184
152,88,208,171
144,89,214,180
158,86,200,180
171,84,182,177
181,83,167,166
186,84,175,170
178,89,179,167
189,87,162,168
194,88,165,163
195,89,163,167
197,90,158,163
198,86,159,158
205,89,158,132
206,88,157,150
207,89,156,138
207,89,162,139
206,87,163,170
209,88,157,169
210,86,158,168
214,88,153,166
208,85,158,164
214,89,153,163
210,85,159,149
218,86,151,152
212,83,155,172
216,86,154,160
193,97,178,186
208,84,160,177
204,90,165,200
205,86,170,211
211,90,166,198
215,93,165,204
209,81,162,215
217,87,149,198
219,89,152,197
221,88,149,202
218,87,154,197
225,92,137,180
221,92,152,166
217,100,154,151
225,115,154,131
218,105,157,134
215,95,158,143
223,90,147,150
212,88,155,149
210,89,146,139
212,89,155,142
208,86,153,132
216,87,141,162
215,87,149,160
213,88,150,152
211,89,146,155
213,91,145,156
214,90,151,151
213,89,141,154
217,91,140,153
215,89,137,159
214,88,138,157
210,89,138,157
206,90,142,154
211,94,145,152
211,101,139,147
210,100,143,149
211,111,142,143
214,110,142,137
213,113,137,133
209,113,140,134
211,107,140,145
213,106,136,138
221,122,122,126
213,106,143,132
214,120,131,132
213,123,132,127
216,116,130,136
210,104,141,144
217,121,123,129
212,126,129,120
214,126,129,121
210,123,130,121
208,125,134,124
206,123,140,122
203,121,144,127
207,118,147,126
204,126,142,122
215,126,135,122
230,129,105,115
231,133,107,117
212,134,122,112
208,136,125,110
205,136,128,110
206,138,125,110
211,137,120,110
208,141,133,109
207,140,132,114
206,138,122,112
213,143,127,106
206,140,114,102
207,146,106,99
199,143,104,100
204,147,107,99
197,146,101,97
193,150,101,96
192,151,95,91
186,154,95,94
177,156,91,80
168,157,79,75
158,156,79,61
149,163,79,54
137,165,78,53
124,168,75,51
112,171,77,58
96,177,86,72
84,174,97,78
69,177,106,79
59,178,113,87
55,197,126,76
54,183,125,83
54,183,119,84
57,184,120,83
61,183,122,82
76,189,105,77
88,189,95,74
103,182,80,84
124,178,79,86
132,180,78,87
145,177,83,89
158,181,75,83
185,177,63,83
211,175,66,81
223,172,72,82
245,163,86,87
260,164,84,85
280,164,78,79
293,162,84,77
308,162,76,77
317,154,77,73
328,162,74,64
332,160,70,63
332,159,69,62
323,144,72,75
319,136,73,79
298,134,76,79
289,131,72,80
269,128,81,80
256,126,88,70
227,113,105,67
225,114,96,71
213,103,97,55
206,86,97,69
209,80,87,68
207,64,75,73
207,40,66,75
208,20,63,84
213,7,54,67
211,4,50,60
210,3,47,63
205,2,44,64
200,10,43,61
197,26,40,49
197,26,40,49
197,26,40,49
183,84,46,53
183,97,54,55
183,119,70,65
183,122,72,73
184,128,74,71
183,130,69,64
186,134,67,58
188,135,67,58
188,135,64,56
188,135,66,57
189,135,55,51
188,136,63,52
189,136,65,53
189,137,66,54
190,135,67,56
190,138,70,74
191,138,69,79
191,137,66,74
190,141,61,76
189,144,68,64
189,144,60,61
188,145,53,63
189,141,48,63
190,140,46,60
187,137,47,58
184,137,49,57
184,135,46,55
183,135,48,57
183,133,50,57
185,131,53,60
191,131,60,58
195,130,65,63
199,130,61,64
206,129,60,64
216,125,56,73
219,123,62,79
218,123,74,86
219,126,76,92
220,131,77,91
222,131,77,92
222,136,82,91
228,143,85,100
230,149,103,96
228,143,95,103
233,163,97,88
240,170,96,80
245,180,88,74
241,182,91,76
239,185,95,75
242,189,89,76
240,189,91,75
237,195,98,75
239,197,97,78
237,198,95,77
232,201,97,77
224,204,89,85
220,204,80,90
222,203,78,90
213,204,86,88
219,201,79,91
213,206,85,89
214,205,84,91
212,205,84,90
210,207,84,88
212,204,82,90
209,207,84,89
208,207,87,85
212,207,83,83
223,207,69,86
230,202,59,87
232,202,59,87
230,205,60,85
230,206,59,86
231,203,55,87
