259,304,29,30
236,297,29,32
208,290,31,33
193,281,31,30
197,269,31,30
211,264,31,30
210,261,32,30
168,254,37,32
140,246,38,31
105,236,40,28
80,226,37,31
85,227,38,29
79,230,39,28
109,219,37,30
140,207,36,27
129,189,36,29
111,170,36,30
135,157,37,31
150,148,38,29
159,140,38,29
170,131,38,28
182,122,39,28
205,119,39,28
215,118,40,29
210,116,39,29
219,125,39,29
238,131,39,29
251,126,37,28
248,132,38,29
245,144,40,30
244,144,42,32
252,149,42,29
258,154,39,31
266,154,38,31
281,151,36,33
286,142,36,36
305,142,34,36
324,147,30,37
330,145,29,38
325,145,28,38
309,149,26,38
305,146,28,39
306,150,29,39
304,147,30,37
305,137,32,35
302,118,32,31
299,101,34,31
305,88,36,29
304,85,39,28
302,73,41,26
296,67,42,24
290,65,42,23
277,64,42,24
268,61,41,26
268,61,41,29
250,68,39,31
248,76,35,34
243,84,33,35
217,96,30,34
193,103,29,34
160,109,31,36
144,119,31,35
180,116,29,30
223,107,26,26
201,96,30,26
173,119,30,28
179,134,33,24
206,111,35,24
223,107,37,25
243,126,36,26
253,132,37,26
265,119,37,28
261,108,34,30
255,98,34,33
271,90,34,38
291,91,32,39
294,92,30,39
305,99,33,36
315,106,31,35
327,114,33,32
337,132,31,28
356,146,28,27
367,156,28,28
372,167,26,31
374,181,25,32
372,183,25,38
389,186,24,44
390,195,23,43
386,201,25,42
396,202,23,43
398,200,24,43
403,199,26,43
410,194,26,43
414,191,27,42
410,188,29,37
409,180,31,31
409,168,30,26
407,153,28,26
406,137,31,30
408,118,30,37
408,102,31,43
407,94,33,40
408,88,33,33
408,83,34,31
406,79,33,34
402,80,34,39
403,76,31,45
401,75,32,42
408,75,32,38
416,82,32,35
413,92,31,33
417,99,31,38
417,107,32,47
411,119,36,47
409,125,35,43
410,135,32,45
406,144,34,46
402,155,36,45
400,163,32,44
398,172,30,42
400,180,27,39
395,190,28,36
394,200,29,32
397,208,27,31
394,218,29,27
393,225,27,24
395,232,26,23
394,237,26,23
393,245,26,24
392,251,25,23
394,257,26,25
393,262,26,25
391,266,26,25
389,267,27,24
387,264,26,24
385,263,27,24
380,256,31,27
380,249,28,24
378,239,27,26
377,227,29,27
372,209,28,29
371,187,26,33
374,162,28,35
374,140,27,39
379,119,27,39
382,101,29,39
382,84,29,41
385,66,30,41
386,54,33,39
387,42,35,39
388,40,36,37
388,31,39,38
389,22,40,37
389,17,43,35
389,10,45,34
389,8,45,33
388,7,48,32
391,7,47,32
394,13,46,33
393,19,44,31
393,25,46,32
397,31,44,32
396,42,42,33
400,51,40,37
401,61,38,39
404,77,36,39
407,89,33,43
410,106,32,46
409,126,31,42
415,139,31,45
419,151,34,45
418,161,35,41
417,172,32,35
415,184,33,38
414,195,30,34
412,203,31,29
405,209,30,26
398,211,29,25
395,212,27,27
389,210,24,29
380,208,26,30
373,209,25,27
368,208,26,27
362,207,26,27
358,205,27,27
357,203,28,25
357,199,27,25
359,196,29,26
367,191,27,25
375,183,28,26
388,176,27,27
402,172,28,26
414,167,28,26
432,163,28,26
446,159,29,26
459,158,32,27
470,157,28,28
477,158,31,28
484,160,31,29
487,165,33,28
489,169,32,27
492,171,35,30
489,175,34,29
489,181,34,29
486,187,32,30
481,193,31,30
478,195,30,30
466,197,31,29
458,196,32,29
444,192,30,26
423,188,29,25
409,180,30,26
397,175,31,25
384,171,33,26
378,167,31,26
372,164,32,27
370,161,29,28
365,161,29,29
365,159,29,30
368,155,29,29
371,155,29,28
383,153,32,28
393,153,33,27
404,150,33,27
415,149,33,26
423,151,34,28
433,150,34,28
441,152,33,28
450,154,33,29
456,159,32,29
463,165,34,28
468,169,33,28
474,175,31,28
478,182,32,28
480,188,32,30
481,193,32,30
479,195,31,32
475,198,31,35
471,199,29,36
467,198,26,37
461,199,24,37
456,196,24,38
456,196,24,38
456,196,24,38
456,196,24,38
456,196,24,38
456,196,24,38
456,196,24,38
456,196,24,38
456,196,24,38
456,196,24,38
393,195,22,35
386,198,25,33
380,200,27,32
377,202,29,32
378,204,29,30
378,204,29,28
382,204,29,27
389,203,28,27
396,199,29,27
408,196,28,27
420,186,30,27
436,177,30,30
452,169,28,32
467,161,31,35
482,158,36,39
496,154,35,42
510,155,35,41
520,156,36,41
519,159,40,42
528,164,43,40
537,167,43,38
540,170,43,38
546,172,43,37
550,172,39,37
555,170,36,37
558,169,35,38
556,167,33,38
555,166,34,36
550,164,34,37
542,162,35,37
535,154,35,38
522,148,39,37
510,142,42,36
497,137,43,33
485,133,43,30
474,133,43,28
465,134,42,26
452,137,39,27
439,141,36,25
436,143,32,27
426,147,31,29
423,150,30,30
416,156,31,30
412,160,31,31
408,165,30,31
404,169,29,31
402,174,28,31
401,178,28,29
401,183,27,29
407,185,27,30
408,188,28,29
414,186,28,30
419,182,29,31
426,176,29,33
441,171,28,31
452,164,27,30
467,157,28,31
481,152,28,29
488,148,34,27
498,142,41,28
504,139,43,27
511,139,41,27
518,138,38,28
520,142,40,30
523,147,39,29
527,153,35,28
527,156,32,29
527,164,32,30
522,173,31,30
518,181,30,32
514,187,30,34
508,194,29,35
502,196,31,36
493,198,33,34
485,197,34,32
478,194,32,30
467,191,34,27
461,183,31,26
453,180,32,27
449,176,30,26
443,174,32,26
441,172,31,27
439,168,31,29
441,168,28,28
443,170,29,31
446,172,30,33
447,175,29,36
450,179,28,38
452,180,29,41
452,184,30,44
454,186,29,46
456,189,27,48
454,193,30,46
457,196,27,48
456,197,29,46
457,198,27,47
456,195,28,46
450,194,31,43
448,190,31,37
443,182,33,33
434,174,34,27
432,158,34,26
430,139,32,31
429,121,32,39
426,105,36,45
427,95,35,46
424,92,34,38
427,88,33,33
425,86,32,33
425,80,31,41
422,80,33,45
417,82,34,51
415,86,34,50
413,87,35,49
409,113,37,37
415,123,33,38
411,134,32,46
411,147,36,45
409,153,37,44
407,160,36,42
401,170,37,42
394,176,39,39
387,182,37,36
382,184,32,33
378,185,29,31
374,185,29,29
371,183,30,28
365,184,32,27
364,181,35,27
361,178,36,27
359,175,37,28
357,176,40,30
351,176,44,29
350,176,45,30
350,175,45,30
350,175,46,30
352,173,47,30
353,171,49,31
355,172,47,30
360,169,46,31
359,170,47,31
360,167,49,31
364,164,50,30
367,164,46,30
368,158,47,32
371,157,50,33
374,153,50,31
381,153,46,32
381,152,47,31
382,151,47,32
376,147,49,34
373,143,51,35
370,137,50,37
365,131,48,37
358,122,49,38
347,114,46,41
340,108,43,39
328,103,40,39
319,100,36,37
306,99,33,39
294,99,32,37
280,101,34,36
268,105,36,33
258,109,37,32
247,117,40,32
242,122,45,32
241,127,45,32
236,135,46,32
247,142,42,33
249,152,40,35
250,164,38,36
260,174,34,36
266,186,32,38
277,196,28,39
290,206,26,40
301,218,24,42
317,228,24,38
327,234,23,39
327,234,23,39
327,234,23,39
327,234,23,39
327,234,23,39
327,234,23,39
327,234,23,39
327,234,23,39
327,234,23,39
327,234,23,39
327,234,23,39
327,234,23,39
327,234,23,39
327,234,23,39
327,234,23,39
327,234,23,39
327,234,23,39
327,234,23,39
327,234,23,39
327,234,23,39
327,234,23,39
327,234,23,39
327,234,23,39
327,234,23,39
327,234,23,39
327,234,23,39
351,233,17,35
338,236,22,39
324,234,25,41
309,230,27,43
297,225,29,44
291,221,31,40
284,214,32,40
283,210,33,38
282,202,34,37
285,195,31,35
294,184,30,34
308,175,31,33
321,168,34,32
334,161,40,33
347,153,46,31
362,149,49,30
371,151,53,32
379,152,52,31
385,153,49,29
387,153,50,30
389,154,49,31
390,157,45,30
392,157,42,30
392,159,41,30
391,164,40,32
387,163,36,32
384,164,36,34
384,168,32,31
382,168,31,32
385,169,30,31
385,170,29,32
384,169,32,32
387,173,33,32
388,177,35,33
392,184,34,32
399,192,34,32
401,204,33,31
407,209,34,34
409,218,33,36
411,228,35,39
412,235,33,41
413,238,33,46
406,241,33,48
403,245,31,44
403,243,30,39
400,243,25,33
400,243,25,33
400,243,25,33
400,243,25,33
400,243,25,33
400,243,25,33
400,243,25,33
400,243,25,33
400,243,25,33
409,248,26,33
413,251,30,37
427,250,29,43
428,248,30,43
437,251,29,48
444,250,30,51
451,249,33,54
454,247,35,54
454,240,36,52
452,232,37,47
450,220,35,43
441,208,38,38
434,192,36,36
424,179,38,34
413,163,38,34
403,148,39,34
392,135,41,35
379,125,41,35
373,118,40,33
364,116,37,35
354,113,37,38
348,111,37,38
338,114,36,38
330,116,35,43
323,118,37,42
316,119,35,44
310,114,36,41
302,115,36,40
297,117,37,41
292,119,38,41
288,120,37,38
283,121,38,34
277,122,40,32
277,128,41,30
278,136,45,31
281,146,44,30
284,152,45,29
293,153,42,28
292,157,43,28
292,159,43,28
292,161,42,28
291,160,43,29
287,161,45,29
282,165,43,28
280,164,44,30
278,163,45,29
277,161,45,30
278,157,44,31
281,153,43,33
285,147,41,33
291,142,41,35
299,136,39,36
307,129,37,37
320,123,36,39
334,120,36,38
348,118,35,36
363,119,34,36
374,122,36,33
381,122,35,33
386,128,39,36
394,135,36,39
399,142,36,40
407,144,37,41
413,148,36,38
415,151,36,41
419,156,37,39
417,163,37,37
416,173,38,35
411,179,37,33
405,187,34,33
402,190,34,34
396,194,34,37
392,201,31,40
384,205,32,44
376,205,35,46
375,204,33,46
375,204,33,46
375,204,33,46
375,204,33,46
375,204,33,46
375,204,33,46
375,204,33,46
375,204,33,46
375,204,33,46
375,204,33,46
294,169,24,42
288,174,28,35
279,176,35,32
273,175,38,33
265,175,39,32
259,172,37,34
252,168,38,33
248,167,43,33
244,165,46,32
247,159,44,33
252,150,44,31
258,142,43,34
267,131,43,34
277,121,44,40
295,110,38,40
313,103,37,43
329,105,35,43
342,105,34,47
353,108,38,47
360,106,44,49
371,103,42,54
375,108,41,54
375,119,41,50
378,126,40,47
375,139,40,40
372,151,40,41
369,158,40,37
364,162,39,35
359,157,41,37
354,151,41,36
346,140,39,37
340,128,40,40
334,115,38,47
326,109,33,50
320,103,30,51
310,103,34,47
301,105,39,44
291,109,42,39
290,110,45,36
285,111,48,37
285,111,46,36
277,115,48,34
276,122,48,34
274,131,48,35
270,140,49,34
269,151,47,35
266,158,49,34
263,168,46,33
266,176,47,33
266,182,48,34
269,185,44,35
268,185,45,35
269,185,44,32
271,180,43,31
268,173,44,32
267,164,44,33
267,152,45,34
273,140,40,40
279,130,36,43
283,121,36,49
290,118,34,40
293,114,35,36
299,114,38,32
304,115,40,34
314,116,38,40
318,116,36,46
325,119,33,46
333,124,31,45
336,130,32,43
339,138,31,38
342,144,31,32
344,150,32,30
348,162,31,31
350,170,33,30
355,175,33,31
356,177,33,36
358,179,33,41
359,181,32,46
361,181,32,48
361,185,30,47
363,187,30,48
364,189,27,47
365,190,26,48
365,188,25,45
364,186,24,44
368,186,25,44
370,186,24,43
372,187,25,45
379,186,27,49
387,186,29,46
396,182,31,41
404,175,31,37
409,165,33,34
414,151,36,32
417,137,36,31
422,111,36,39
425,93,34,49
423,84,35,47
416,80,39,42
415,68,42,33
416,52,41,41
416,43,36,48
419,39,30,44
419,41,32,34
417,40,36,35
416,40,37,45
417,43,33,52
418,54,31,44
411,74,34,34
407,87,39,30
406,92,37,37
409,96,29,40
409,115,30,39
403,141,35,34
401,158,33,30
399,164,32,30
393,173,34,29
388,179,35,31
385,186,34,30
381,193,34,31
369,196,39,31
359,200,40,30
355,202,39,32
346,207,37,32
340,208,37,31
338,207,34,34
334,208,37,33
335,209,33,33
336,209,32,32
335,206,35,33
337,202,31,31
338,196,32,31
337,185,32,31
340,172,31,28
341,159,31,29
345,144,31,30
347,127,32,32
349,117,33,36
351,107,34,39
353,100,35,40
358,94,36,43
360,89,37,46
363,87,34,45
365,92,33,44
368,98,32,42
370,103,30,39
376,108,27,37
377,118,28,36
380,128,28,35
383,139,30,34
381,144,34,37
379,153,35,35
375,161,39,34
373,165,40,34
371,167,42,30
370,173,43,29
368,179,42,28
371,182,39,28
369,184,43,30
374,182,42,30
378,176,43,30
379,178,44,28
382,171,46,29
386,161,45,30
382,154,46,31
381,143,45,31
378,131,43,32
375,124,41,34
367,117,41,34
362,112,39,37
359,105,38,36
352,103,34,36
347,107,35,37
339,108,37,42
339,110,37,36
338,114,33,37
331,123,34,38
325,135,33,37
319,142,32,37
321,145,31,36
323,152,31,35
316,158,31,34
319,158,31,33
321,156,30,35
327,151,30,34
330,147,33,35
336,135,36,36
345,126,35,33
354,123,34,32
363,117,36,33
376,116,36,33
386,113,37,33
402,115,39,31
414,119,41,33
429,127,42,36
443,128,40,39
454,137,40,37
459,144,40,36
469,147,42,34
475,154,47,34
470,168,47,33
462,178,48,31
460,180,50,31
455,183,49,31
448,192,48,30
448,199,48,31
444,206,45,33
439,218,44,32
434,223,45,36
429,233,44,37
418,240,40,39
411,243,38,41
404,242,35,42
393,248,34,46
376,250,33,45
363,252,34,46
344,253,35,44
330,249,36,41
314,246,37,38
299,238,42,35
290,222,43,33
280,206,45,31
275,191,43,29
276,170,47,33
282,152,43,34
289,136,43,27
296,122,43,28
302,110,44,29
309,99,42,29
314,90,41,31
317,84,40,32
323,77,39,32
322,81,35,31
318,86,34,32
320,87,31,32
321,89,32,33
324,93,30,33
320,102,31,33
322,112,30,34
325,120,28,33
320,134,29,33
324,147,28,32
329,155,28,31
335,160,28,31
342,164,30,31
346,170,31,32
351,173,32,31
356,174,33,32
362,180,35,33
367,184,38,32
368,186,40,32
373,186,41,30
381,182,44,29
390,173,42,33
402,168,43,31
413,163,42,31
426,155,40,30
443,145,39,29
451,137,35,29
460,130,37,29
466,125,36,30
469,122,39,31
471,120,35,30
468,121,35,31
467,119,34,32
461,121,34,29
456,127,34,31
448,137,33,31
438,147,33,31
427,157,33,30
412,170,32,27
396,181,31,26
383,192,30,25
366,200,28,24
354,202,27,25
342,203,27,24
328,200,27,26
318,197,26,26
307,193,27,25
295,190,29,25
284,182,31,25
284,182,33,25
275,175,34,24
268,166,35,25
266,157,33,26
264,149,32,26
264,138,33,28
262,134,31,28
262,130,29,28
261,128,29,28
264,129,29,28
263,128,30,27
261,130,30,26
265,131,30,26
262,134,31,25
262,137,31,25
263,143,33,24
263,151,35,24
263,159,34,23
267,167,34,22
271,175,35,22
276,184,36,22
287,194,34,25
295,204,33,25
309,206,30,27
324,209,28,29
338,213,26,27
351,209,26,27
362,201,26,27
370,189,27,27
377,173,27,26
380,154,27,26
382,134,27,26
381,116,28,27
380,101,28,29
381,87,28,28
380,76,30,29
380,64,30,27
381,57,30,27
380,52,33,27
377,47,32,26
377,43,33,26
378,43,33,25
377,43,33,25
376,45,32,24
376,47,32,26
373,54,31,27
376,63,30,28
373,73,30,30
372,86,29,30
371,97,28,31
371,112,27,33
369,129,26,35
368,147,25,37
368,161,26,38
363,173,25,37
359,179,27,37
353,185,29,37
351,188,27,35
349,189,28,37
344,190,31,38
337,193,31,39
332,194,30,39
330,199,25,37
326,202,26,35
324,204,26,33
322,206,24,30
322,207,24,27
321,208,23,26
318,207,24,25
316,203,24,24
314,197,24,30
309,189,26,34
308,182,25,37
306,170,25,41
302,159,28,43
304,146,27,41
297,132,31,37
297,123,32,30
306,107,27,26
306,90,28,31
307,77,31,39
312,67,30,38
313,62,30,30
316,56,30,28
321,51,29,33
323,46,28,38
327,43,27,44
330,48,27,37
331,54,28,30
332,58,27,30
336,59,26,36
334,67,26,43
334,79,28,43
334,95,28,37
335,114,29,27
337,129,26,24
335,139,28,29
336,147,27,33
331,152,28,35
329,160,27,31
325,165,28,31
318,173,27,28
311,179,27,24
305,181,28,24
294,184,32,24
287,186,30,25
279,186,28,25
269,185,28,26
261,184,26,25
253,182,25,26
244,180,27,27
237,177,26,25
230,172,26,25
223,166,28,24
218,160,27,23
215,154,29,23
212,150,30,23
212,148,31,22
210,145,32,23
208,144,34,23
207,145,34,22
207,147,34,21
207,151,34,22
210,156,35,22
209,161,35,23
212,168,36,24
218,173,34,25
224,181,31,27
233,189,28,27
244,196,26,28
255,200,25,28
266,201,25,27
276,201,25,27
289,197,26,27
297,190,28,28
302,180,32,27
308,166,31,25
312,150,31,28
312,132,31,29
311,118,30,28
306,105,31,32
304,94,31,32
298,87,32,32
296,81,32,33
293,79,32,35
286,78,33,35
286,82,32,34
281,85,32,33
275,90,31,33
274,95,32,34
270,100,32,34
268,105,32,33
262,113,33,33
261,119,33,33
259,128,33,31
257,138,31,30
255,148,31,30
252,161,33,32
252,173,35,30
253,176,35,27
257,178,36,28
259,175,39,29
265,169,38,30
272,162,37,31
276,159,36,29
283,154,34,26
291,149,34,25
294,148,34,24
301,148,34,25
307,146,33,27
313,148,31,29
316,154,30,29
322,158,28,30
332,157,26,31
337,157,25,30
343,157,28,30
352,156,28,26
361,153,31,27
367,151,32,27
374,145,34,26
381,142,36,26
390,136,36,26
395,132,38,27
401,131,38,27
405,130,41,28
406,129,42,27
406,131,44,27
403,133,46,30
403,140,43,30
400,146,44,29
394,159,43,32
387,167,40,33
374,176,37,36
359,188,36,36
340,195,33,39
318,204,37,37
298,199,34,40
278,201,34,36
258,200,39,32
247,190,39,29
233,179,42,28
226,165,42,30
226,145,41,26
228,130,39,21
226,115,38,22
227,103,39,23
225,92,40,23
224,83,42,24
227,76,39,22
227,72,40,23
225,71,39,22
228,70,38,23
228,69,39,22
229,71,38,22
228,75,37,22
229,80,38,22
228,90,35,20
228,97,34,22
225,110,33,20
224,121,33,20
222,131,32,22
220,138,33,23
217,142,34,26
220,144,33,26
221,146,33,25
225,147,32,27
226,147,33,27
230,147,31,30
233,148,32,28
231,149,33,30
230,151,33,31
233,155,31,29
231,159,35,30
230,163,34,29
228,169,36,27
229,176,37,26
232,179,38,26
237,183,36,24
245,187,42,24
254,187,39,28
265,189,38,27
265,189,37,28
276,185,38,27
285,185,39,27
293,187,38,29
304,185,36,27
313,188,34,27
320,190,31,27
330,195,29,27
341,198,30,29
350,203,28,29
361,207,28,31
366,212,28,34
370,214,28,34
370,214,30,38
369,216,32,39
364,220,30,39
357,225,30,40
351,229,28,41
341,234,27,41
328,238,26,43
314,243,28,40
300,244,29,40
283,242,32,39
270,238,31,39
258,233,36,32
246,224,35,31
235,214,38,27
228,203,40,26
221,196,42,25
218,189,41,26
212,186,39,25
209,180,41,25
207,177,39,26
202,177,41,24
199,173,40,24
196,174,40,24
194,174,41,25
193,177,40,24
195,177,39,25
195,178,40,25
199,180,39,25
206,184,37,24
214,186,36,25
222,186,35,26
237,185,34,25
251,183,37,26
262,181,35,26
273,181,37,26
284,179,37,25
296,177,34,25
307,175,35,25
318,177,30,26
324,177,30,26
331,179,31,26
337,183,32,26
341,187,31,27
343,190,29,27
345,196,27,28
344,198,27,31
342,199,26,33
339,198,26,36
332,200,28,35
329,203,25,34
329,203,25,34
329,203,25,34
329,203,25,34
329,203,25,34
329,203,25,34
329,203,25,34
329,203,25,34
329,203,25,34
329,203,25,34
329,203,25,34
329,203,25,34
329,203,25,34
329,203,25,34
329,203,25,34
329,203,25,34
329,203,25,34
329,203,25,34
329,203,25,34
329,203,25,34
261,178,27,34
259,187,34,38
270,200,45,35
283,219,54,34
300,238,61,39
321,267,61,40
344,300,71,51
435,218,72,47
436,217,67,46
431,214,70,47
425,212,70,46
423,212,69,46
413,210,71,47
402,208,70,45
394,205,66,43
381,201,69,44
369,198,63,41
353,191,64,41
336,181,66,43
323,170,64,40
309,160,62,41
296,150,63,40
284,141,63,40
268,130,64,41
258,119,64,40
250,111,68,43
240,105,65,42
228,96,66,44
218,88,66,43
204,78,67,43
193,65,70,45
180,56,70,44
168,47,71,46
155,38,71,44
140,32,73,45
128,25,75,48
117,24,69,48
101,21,75,48
89,20,75,47
85,21,75,46
71,20,77,46
58,24,78,47
45,25,79,48
34,27,81,48
21,26,81,51
12,30,81,50
1,31,86,51
-4,34,77,48
-3,38,72,48
-3,35,71,48
-6,34,62,45
-2,38,54,42
-2,38,54,42
-14,32,53,46
-9,28,45,48
-17,35,48,41
-14,36,43,40
-14,36,43,40
-8,44,37,41
-1,48,31,43
0,51,27,46
2,57,30,44
1,65,30,45
1,69,31,43
1,70,30,43
2,74,31,43
3,78,31,42
2,79,36,42
0,79,44,43
1,83,48,45
0,85,55,47
2,91,59,41
2,93,67,41
0,93,74,45
10,99,73,42
13,104,71,41
20,107,73,41
29,111,69,40
31,114,68,40
35,118,66,39
36,118,67,40
37,121,68,39
42,123,66,39
41,127,67,39
46,128,64,39
47,131,63,39
49,132,65,38
54,134,65,37
56,135,61,38
62,139,64,38
61,143,63,37
67,147,62,37
70,148,61,35
75,152,62,34
76,155,60,37
81,155,59,36
87,158,60,35
88,162,59,35
93,165,60,34
95,167,59,35
100,171,59,35
103,176,57,34
107,180,57,34
110,181,57,35
115,185,57,36
116,190,59,34
123,190,58,37
126,194,55,35
133,195,57,33
138,196,56,33
144,197,55,34
148,197,55,35
154,199,54,36
162,199,52,34
169,197,53,33
177,198,51,33
183,197,53,34
188,197,52,33
194,197,52,34
195,196,53,33
203,197,51,33
205,197,51,35
212,197,51,34
217,197,52,34
220,196,51,34
222,196,52,34
228,195,51,34
229,194,53,33
235,194,52,34
236,194,51,34
240,195,51,35
246,196,51,33
248,196,52,32
249,196,54,32
256,193,55,32
259,190,56,33
263,189,53,32
264,186,53,34
267,185,53,31
269,183,51,32
271,180,54,33
273,179,52,32
276,176,54,32
275,177,54,33
277,175,53,32
278,174,53,34
280,174,54,33
278,174,55,34
278,175,55,33
281,173,52,34
281,172,54,32
278,171,52,33
279,167,55,33
280,168,53,32
280,165,53,32
279,163,54,32
280,162,52,32
281,161,52,32
278,159,55,35
280,160,53,33
280,160,54,33
279,161,53,33
279,160,53,33
279,159,56,34
281,160,54,31
280,159,54,33
284,157,50,32
283,158,52,33
281,158,53,34
282,158,54,34
281,158,53,35
285,160,53,35
284,162,54,35
291,164,54,35
291,165,54,33
293,167,55,33
294,165,55,35
298,167,54,36
298,168,54,36
303,171,53,34
304,171,55,35
308,171,54,35
309,172,53,34
315,173,53,35
312,172,56,35
316,173,56,35
318,173,56,35
317,175,55,36
318,175,55,36
324,175,54,34
323,173,54,33
323,170,54,37
326,170,54,34
329,169,54,35
327,169,55,34
326,168,54,35
328,166,54,34
327,168,55,35
329,166,55,35
332,165,54,35
334,166,54,35
334,165,53,35
337,164,54,36
337,164,54,35
339,164,55,36
343,165,54,36
343,163,57,37
345,165,56,36
346,164,57,37
351,163,56,34
351,165,56,34
355,162,57,36
354,162,56,35
354,162,58,36
357,160,56,35
357,160,54,35
358,158,58,34
357,160,55,36
357,160,54,34
361,158,56,35
359,159,55,35
358,160,57,35
357,161,59,37
359,162,55,35
359,162,56,35
357,163,57,34
359,164,57,35
359,164,55,34
358,165,55,36
358,167,55,35
358,165,53,36
359,163,56,36
356,164,57,36
356,163,55,36
358,163,56,35
359,161,55,33
360,161,55,34
362,161,55,34
361,160,54,34
360,161,56,36
358,160,55,37
359,161,56,34
360,162,57,35
359,162,56,35
360,163,56,34
359,163,55,34
361,162,55,35
362,162,55,34
360,162,57,36
360,162,54,35
361,162,54,34
355,162,55,35
359,162,55,36
356,162,57,36
355,162,56,34
358,162,55,34
357,161,54,34
355,163,55,35
358,161,55,33
358,161,56,36
356,162,54,34
360,160,55,34
359,161,54,33
355,160,55,35
360,160,53,34
360,158,54,34
358,159,55,35
359,159,54,34
356,161,55,36
360,160,53,36
357,159,55,35
360,160,55,33
360,158,55,34
356,159,56,35
361,156,55,35
359,157,55,34
357,156,55,36
360,156,57,36
357,158,56,35
358,158,55,35
360,159,55,35
363,158,54,34
362,159,53,33
364,160,55,33
364,158,55,35
362,159,55,34
363,159,55,34
364,159,55,37
364,162,54,34
364,163,53,34
363,161,56,33
363,162,55,33
364,163,55,37
360,164,55,36
364,164,55,33
363,166,55,34
362,166,56,34
362,167,55,33
361,166,56,35
358,167,54,35
360,166,56,36
358,165,56,36
358,164,56,33
359,164,54,33
356,166,56,33
354,165,55,33
357,162,55,35
356,163,56,34
356,162,55,34
357,161,54,35
352,160,54,36
354,162,57,34
352,158,56,38
355,160,55,35
356,160,54,36
354,157,55,38
357,158,53,35
357,157,56,34
358,156,57,36
356,158,55,35
360,154,56,36
360,154,56,34
359,154,56,36
361,157,55,36
360,157,56,34
359,155,56,34
359,155,59,36
360,156,56,35
358,157,55,34
361,156,55,35
359,156,54,34
358,156,56,35
356,156,57,36
359,157,54,35
356,158,56,34
355,157,57,36
354,158,57,37
356,155,57,37
357,157,55,35
356,156,55,36
356,156,56,35
355,155,54,35
355,156,56,35
355,156,55,36
353,157,53,36
351,157,55,35
349,157,55,36
348,157,56,34
349,157,56,35
349,158,55,34
348,154,57,36
347,155,55,36
345,156,55,35
345,158,55,35
350,156,54,32
349,157,53,33
347,159,55,35
348,159,55,34
347,161,55,34
350,160,53,36
350,161,53,34
351,161,56,34
352,161,54,34
354,162,56,35
354,162,57,35
357,164,55,36
357,166,55,35
365,169,53,35
386,174,53,35
406,176,52,36
445,188,53,37
487,202,54,38
523,224,64,43
553,249,65,45
595,282,52,52
482,247,45,53
482,247,45,53
482,247,45,53
482,247,45,53
