283,272,117,73
280,275,115,71
283,276,121,71
282,274,119,73
287,275,113,73
274,272,118,75
282,274,117,71
279,273,113,75
284,274,114,74
284,272,113,71
284,275,109,71
283,273,112,73
282,272,114,73
284,276,113,72
284,274,110,74
285,273,116,73
285,275,112,74
286,273,110,74
286,273,112,76
281,275,117,71
281,274,114,74
285,273,115,73
282,277,110,70
282,275,113,73
282,271,115,77
284,274,111,76
283,273,114,75
283,273,114,72
284,275,112,70
281,274,119,74
282,273,116,72
280,275,113,73
282,272,120,76
277,274,117,69
288,275,108,73
290,274,109,73
282,274,118,73
283,270,113,79
284,277,120,69
286,273,111,73
285,273,116,69
284,272,113,75
286,273,110,73
283,272,118,78
283,258,114,89
282,261,117,82
282,266,115,79
285,259,112,87
283,263,112,86
289,264,109,80
288,265,111,83
288,263,111,87
287,266,111,82
293,267,109,83
299,264,102,88
299,257,102,92
295,256,103,93
297,246,98,99
299,250,92,97
293,238,90,103
295,231,83,107
291,228,90,105
291,219,100,110
290,216,104,107
294,214,100,101
290,208,111,105
293,216,107,97
293,202,110,106
297,210,109,101
292,204,114,108
293,204,116,101
293,208,111,96
292,206,110,97
292,208,111,94
360,215,114,96
288,204,114,97
286,201,119,98
286,203,111,99
286,203,104,93
281,207,113,90
280,200,115,95
281,196,108,97
278,196,111,95
276,200,108,91
275,194,109,100
278,194,110,96
280,193,105,96
281,197,106,93
283,196,107,92
284,193,101,93
284,197,96,90
288,191,92,97
287,192,91,94
287,192,88,95
289,196,82,94
296,191,81,97
291,201,76,89
294,200,76,92
294,203,75,90
295,193,73,103
302,202,65,94
298,203,72,94
297,207,71,90
295,203,76,96
290,203,83,91
287,210,94,84
284,213,102,77
281,218,112,70
283,224,111,65
278,225,116,63
274,226,119,65
277,225,117,69
280,227,116,71
277,228,120,70
275,229,124,69
277,231,119,70
274,224,120,72
275,226,119,70
276,230,118,66
277,222,121,71
274,222,126,72
278,224,123,70
277,217,124,78
278,216,126,76
278,213,126,77
276,208,125,80
275,213,130,75
273,207,135,79
270,209,128,78
267,201,127,82
267,197,146,92
273,176,138,107
267,170,145,118
276,163,138,124
243,162,172,126
234,163,182,125
224,165,194,122
215,167,207,121
197,173,221,114
193,174,231,114
197,166,233,120
187,164,237,122
195,169,240,114
176,171,247,112
154,174,275,109
180,164,292,118
183,165,301,119
148,164,328,123
149,170,315,119
135,178,303,113
165,171,315,117
167,167,323,119
152,166,323,120
135,181,313,113
131,183,322,106
134,188,333,105
131,172,356,114
133,187,334,110
135,185,337,102
139,187,341,107
140,191,339,102
142,189,334,104
147,184,339,114
151,180,347,119
149,181,348,118
150,183,347,117
151,176,352,125
152,179,352,125
152,173,353,131
160,172,351,138
162,174,342,134
162,171,346,137
161,169,351,143
166,170,343,137
173,173,336,127
170,169,338,130
174,169,337,130
176,171,335,137
177,175,333,129
177,171,333,138
182,169,327,139
185,170,321,133
182,170,326,136
182,171,324,126
191,169,312,125
185,169,313,122
196,171,307,119
190,170,311,128
197,167,303,135
195,167,309,125
194,166,302,121
195,167,300,121
195,164,299,126
198,163,295,128
202,160,294,129
195,157,298,128
194,159,301,131
204,158,295,131
204,155,276,136
206,157,265,136
206,158,268,136
204,154,270,136
210,150,250,147
209,156,246,140
212,152,239,144
208,157,232,137
214,154,228,139
212,162,227,127
207,162,227,126
216,150,221,138
227,156,201,128
229,151,205,142
222,148,210,136
240,151,188,143
225,148,211,148
235,153,196,136
247,151,183,138
257,158,165,133
262,162,162,129
261,160,163,130
254,165,167,124
257,166,163,124
254,171,171,118
263,168,161,123
258,172,167,115
264,174,161,110
265,173,156,118
264,175,160,119
264,172,163,115
262,175,163,114
262,174,163,115
263,168,170,124
263,173,172,119
255,171,170,117
243,171,181,109
216,163,208,113
201,168,227,101
198,164,228,112
203,169,221,100
211,165,215,113
202,170,225,110
202,167,225,107
202,171,224,109
197,174,226,102
197,177,225,103
206,177,211,105
200,174,224,108
196,170,233,109
202,173,224,115
201,172,229,112
192,175,240,106
201,173,226,114
208,172,227,109
211,174,218,108
207,174,223,108
219,170,213,112
220,172,208,109
211,174,211,104
222,174,205,108
218,168,211,117
222,164,206,121
227,166,204,121
226,164,200,119
231,164,204,122
232,160,200,124
231,157,202,133
224,157,211,128
234,158,195,133
235,157,192,132
237,154,191,130
234,152,194,134
231,154,196,130
233,151,194,135
230,152,193,140
229,149,194,140
225,149,197,144
232,148,201,139
233,148,198,140
233,145,205,145
221,143,206,143
226,137,210,150
214,142,210,145
212,140,218,153
208,144,216,140
215,143,222,146
213,137,223,152
209,144,220,145
208,146,222,133
217,152,222,132
210,146,221,138
215,147,216,136
216,143,212,149
217,138,221,154
218,140,221,148
213,141,222,147
208,137,215,150
209,142,219,142
207,141,222,145
205,126,220,162
210,123,228,174
219,127,218,168
219,132,216,155
218,137,210,149
238,130,201,166
229,133,197,161
236,136,185,156
245,130,187,167
245,133,187,158
248,137,181,148
246,133,180,159
246,134,185,158
251,126,185,170
253,126,184,173
240,134,191,157
241,134,186,162
244,140,188,147
246,136,182,162
234,139,195,154
235,139,206,156
229,140,202,153
231,146,198,143
222,145,199,138
227,144,206,135
227,144,202,145
221,141,210,145
217,137,211,152
222,135,208,154
240,143,203,135
226,139,206,147
239,135,198,160
231,136,198,150
238,145,191,124
239,145,196,148
244,140,183,162
244,142,191,151
246,143,190,169
237,138,185,161
252,138,191,173
263,151,166,156
265,149,173,151
269,146,177,153
268,147,172,161
272,151,166,164
268,152,169,141
286,145,160,159
266,145,174,162
274,152,150,138
259,148,170,127
263,158,170,149
246,141,202,135
247,142,200,129
273,148,172,148
258,143,192,169
265,143,184,157
257,145,179,135
258,147,177,141
260,141,174,148
261,146,174,159
258,144,170,146
259,145,172,150
255,146,168,148
248,151,179,111
248,152,171,113
254,153,162,126
250,157,164,131
249,156,163,134
257,154,152,138
252,156,151,143
260,154,149,154
254,151,153,143
273,156,134,154
273,155,131,139
274,153,139,145
262,152,145,143
269,154,133,129
268,157,134,126
283,159,120,123
283,160,128,130
287,162,117,123
291,163,112,128
278,163,132,124
278,162,130,128
273,163,133,126
259,159,147,128
265,158,141,127
260,161,149,128
266,161,146,127
270,161,140,131
276,162,136,125
278,165,133,127
274,163,134,127
281,162,129,129
277,161,131,133
286,162,121,133
293,163,114,133
281,161,125,129
292,162,117,134
286,160,123,132
285,166,122,128
289,160,119,135
284,158,122,133
285,158,121,127
278,157,130,133
281,151,130,136
280,148,127,123
278,140,134,146
278,131,129,131
280,127,126,136
281,125,131,146
281,121,134,174
284,120,135,179
284,111,136,197
283,105,132,200
288,106,123,198
282,111,133,205
278,104,142,214
282,99,135,218
277,103,138,207
277,120,136,189
274,124,135,186
273,129,139,164
275,139,137,147
267,138,142,161
262,139,147,157
260,140,151,167
255,144,158,155
254,140,161,156
253,140,161,155
259,137,160,156
262,139,154,155
260,141,151,148
264,141,154,151
260,141,157,152
262,146,153,147
265,154,150,139
265,158,152,141
261,152,152,148
262,151,156,151
263,154,154,144
261,153,152,145
263,155,153,144
262,147,155,151
261,152,149,148
265,150,147,152
272,145,140,158
272,145,139,156
269,145,140,151
270,149,135,152
268,147,145,148
267,149,142,146
267,150,149,142
270,149,140,145
263,150,147,138
262,152,149,138
268,150,143,138
272,150,139,145
273,150,139,148
273,150,135,146
271,150,139,147
267,147,142,148
265,149,143,150
267,152,142,141
264,150,157,147
263,150,157,147
262,153,155,145
265,151,148,146
266,150,158,147
270,151,158,147
264,148,162,147
266,147,169,158
263,148,168,151
260,146,173,147
255,143,179,152
254,137,184,155
251,132,185,161
242,133,193,158
238,134,198,153
235,137,203,154
235,134,209,168
229,136,210,151
228,130,214,173
223,134,220,165
225,133,221,158
221,130,224,172
222,134,223,159
224,136,225,167
217,132,235,171
222,130,231,169
225,137,229,164
219,132,240,177
215,136,235,177
213,139,245,165
215,142,244,161
217,146,241,154
211,142,248,157
210,140,251,163
206,144,255,155
208,143,251,159
212,142,242,164
213,143,247,157
211,143,246,159
209,145,244,157
210,146,243,153
212,147,244,159
212,149,240,154
214,143,233,165
213,144,236,158
216,143,236,175
215,139,237,172
215,139,232,173
228,143,225,167
218,145,232,164
216,140,231,164
224,142,223,156
220,141,226,164
220,138,227,172
238,143,210,164
221,145,226,155
215,143,233,161
223,139,228,170
218,139,236,163
222,139,223,161
220,134,230,177
218,133,240,173
220,135,233,166
213,135,241,166
215,134,239,166
217,141,235,167
216,142,226,160
213,143,225,161
212,144,221,163
221,146,210,151
213,147,216,159
220,152,208,142
221,149,204,143
221,151,205,139
216,150,207,141
220,150,208,145
221,146,205,148
226,149,195,146
229,150,193,143
228,148,190,144
237,150,191,147
236,148,187,139
235,151,192,144
235,149,185,140
238,149,190,145
243,154,178,141
243,149,188,141
250,155,178,139
267,157,156,134
264,158,161,127
259,158,166,131
257,160,149,127
262,162,154,137
260,160,156,132
266,162,147,139
269,163,145,135
266,159,148,136
263,159,156,135
264,159,156,134
262,160,165,131
262,157,174,137
252,146,189,151
242,137,203,164
240,118,210,178
233,94,214,198
237,81,213,213
225,82,231,214
213,85,248,214
216,80,239,216
224,80,240,222
217,78,243,223
225,82,230,218
223,84,225,211
225,86,231,210
225,85,235,212
229,87,225,211
228,88,229,209
227,87,240,210
236,84,229,217
234,89,231,213
235,89,236,209
234,87,247,210
239,86,229,219
243,85,222,214
243,84,222,216
248,86,221,222
251,86,215,219
249,81,213,226
250,88,222,218
250,90,203,211
254,87,215,217
251,85,211,220
251,85,208,219
251,91,208,210
249,88,199,212
250,85,182,210
247,92,190,210
248,81,201,230
251,94,197,223
256,85,189,229
276,84,162,241
288,89,145,234
291,85,146,233
287,85,143,229
286,87,143,230
279,88,150,225
281,86,140,230
283,88,142,224
279,90,156,232
280,80,142,235
278,87,144,214
273,91,155,220
274,89,166,228
275,87,157,216
279,93,167,234
281,85,172,253
277,82,163,251
277,86,172,243
276,88,176,240
278,86,171,240
278,87,164,234
276,87,167,227
280,84,161,235
279,84,153,226
286,85,155,232
287,85,154,241
282,78,157,241
289,78,154,247
285,80,154,227
290,75,154,254
294,82,152,242
290,77,159,246
295,77,148,248
305,78,151,240
299,79,159,230
305,78,151,236
310,78,147,250
310,79,144,247
316,79,145,238
318,81,139,229
320,90,141,220
323,90,140,210
324,83,136,212
326,90,140,207
333,97,131,197
334,95,135,203
327,109,133,184
338,112,120,178
327,135,128,158
332,136,109,154
339,104,107,186
333,101,114,187
319,98,121,186
315,98,127,193
315,98,126,191
312,112,132,180
311,99,128,194
310,110,127,184
311,99,128,196
313,93,125,198
323,97,110,195
314,95,121,200
308,99,117,196
325,92,113,198
324,95,104,201
323,94,105,197
322,98,105,193
317,97,109,199
308,96,112,197
307,96,114,197
307,97,111,193
301,97,120,192
300,96,118,196
302,97,117,196
291,92,120,197
288,93,122,196
284,93,128,195
283,87,128,200
280,93,127,197
275,90,138,203
266,90,150,197
262,90,148,201
254,91,156,201
247,91,166,199
255,84,161,201
258,92,151,207
264,89,145,212
253,87,168,207
257,90,159,206
254,86,162,210
259,86,153,207
249,82,159,207
252,88,158,206
267,84,144,206
258,86,155,206
267,87,142,207
262,87,157,203
251,84,154,206
254,85,157,202
249,89,164,204
258,84,150,209
263,87,150,204
255,84,153,211
267,85,146,206
264,85,151,210
258,89,161,199
269,88,156,200
258,87,157,204
270,92,147,200
268,85,150,205
265,88,151,206
270,94,148,194
272,93,152,196
270,92,149,199
280,93,140,202
289,94,129,198
294,95,127,198
298,95,116,195
304,104,116,186
299,102,117,188
309,103,108,188
314,101,102,182
304,104,108,183
307,104,107,181
304,100,109,184
309,102,108,181
298,104,117,187
297,101,119,187
298,101,119,183
300,100,121,182
296,99,132,180
299,100,131,180
298,101,132,182
295,99,140,183
290,98,147,189
289,102,150,181
287,102,151,188
292,102,151,182
288,117,154,176
290,103,147,185
283,102,160,191
283,108,154,187
277,101,162,187
263,104,165,190
264,110,165,186
261,112,156,183
251,109,171,185
250,114,171,184
251,131,154,166
238,121,172,172
240,132,172,162
217,120,192,168
219,121,192,171
208,131,198,162
202,133,211,156
199,131,208,160
201,136,205,156
203,132,198,158
208,128,188,163
210,141,191,148
201,129,203,162
204,127,190,170
202,123,199,166
209,123,195,165
215,124,181,165
224,118,186,169
227,115,183,172
237,114,161,174
243,111,161,177
246,107,155,185
246,107,157,186
259,102,138,186
265,102,137,191
271,98,132,197
275,100,131,202
270,96,137,200
272,97,143,198
295,93,125,200
285,95,136,199
283,93,141,198
290,95,138,200
285,90,144,206
287,88,152,202
287,96,149,200
283,91,151,200
287,95,152,197
294,102,158,193
299,104,157,196
304,102,152,197
302,97,163,205
302,100,167,199
306,104,166,194
307,103,161,197
306,104,170,198
308,103,164,192
311,108,169,194
316,109,169,200
316,109,172,192
319,112,168,205
316,101,172,197
319,111,169,197
318,106,170,206
319,105,166,209
318,106,166,201
319,103,165,216
315,100,169,210
312,97,166,214
312,100,167,214
315,97,160,218
311,97,157,219
316,99,148,216
310,98,149,215
313,98,149,215
311,96,150,218
305,93,151,219
301,94,153,215
298,95,155,216
301,91,151,210
300,91,155,214
303,94,156,208
297,95,160,212
297,96,156,200
293,97,159,205
295,96,155,201
295,96,156,203
291,98,164,195
291,93,164,199
288,97,167,200
284,97,172,205
290,100,169,204
287,98,169,207
283,100,174,203
281,94,173,209
270,97,177,205
268,100,180,194
265,96,186,207
264,97,181,198
269,97,175,200
261,93,183,207
265,92,173,209
265,86,173,210
266,91,166,209
268,88,161,210
275,89,138,209
278,87,127,208
276,82,132,214
269,87,146,207
266,86,147,209
273,84,138,212
268,88,138,213
269,90,137,213
268,92,138,213
265,92,138,209
263,90,138,212
262,94,140,210
263,93,137,202
261,94,134,204
261,96,140,203
254,98,147,204
260,96,141,204
257,100,144,202
256,101,150,209
261,101,151,211
262,96,143,214
270,99,130,206
267,101,139,208
265,96,141,217
268,94,141,218
271,99,137,210
272,97,129,210
271,97,134,210
270,96,123,209
272,92,96,212
270,92,103,214
272,94,119,216
268,92,99,219
270,97,107,212
273,95,124,212
265,92,121,222
271,100,135,209
268,93,137,214
273,94,136,218
269,92,133,218
268,86,133,227
274,88,125,217
272,88,132,214
277,86,127,218
274,84,129,217
278,85,124,219
275,82,128,221
270,85,133,216
272,86,127,219
274,89,130,211
272,90,136,211
276,81,132,223
272,87,139,222
268,83,150,221
268,82,154,221
262,89,165,218
268,88,165,218
268,87,167,219
260,86,177,229
263,87,175,222
261,86,177,216
260,88,181,220
257,97,184,215
256,98,183,207
257,89,188,224
259,89,189,222
257,87,197,223
256,84,192,229
256,90,177,209
254,87,169,207
250,92,180,206
250,86,190,215
251,88,188,207
253,89,188,216
250,92,188,218
249,86,196,230
249,93,180,212
247,92,182,211
250,90,183,209
255,92,183,213
257,91,167,211
259,93,170,216
264,95,173,228
260,95,162,206
259,105,170,202
255,102,182,206
253,107,187,197
252,111,182,186
245,107,190,192
249,116,188,183
248,114,185,186
246,117,188,182
246,113,185,185
245,120,184,177
251,116,181,180
246,117,186,180
248,113,183,185
253,113,181,186
245,116,195,188
248,114,191,186
245,114,187,184
246,115,183,179
248,116,182,183
244,117,187,175
253,114,179,189
255,117,180,183
252,109,180,187
248,114,192,188
247,116,188,183
248,111,186,186
251,114,182,187
254,110,179,188
250,108,173,187
253,104,177,189
254,107,179,192
250,102,185,196
257,94,179,211
256,98,195,215
263,94,212,245
264,92,208,241
265,91,199,233
257,92,191,226
256,85,189,250
248,89,185,238
255,85,170,230
252,88,172,222
263,87,161,224
253,89,166,222
265,86,147,223
264,85,132,218
263,88,144,214
260,86,147,215
260,86,147,211
258,84,150,212
258,81,147,218
250,85,159,216
264,81,137,223
276,78,122,214
289,87,105,210
276,114,119,185
290,86,105,209
290,83,109,215
286,79,112,219
293,77,108,218
275,77,127,215
282,81,128,211
288,79,125,213
279,79,132,218
285,77,140,218
291,81,136,222
279,85,145,217
286,82,145,224
297,78,139,231
299,82,139,226
291,76,144,236
299,76,145,235
305,75,143,230
299,75,150,229
300,75,146,228
297,75,151,228
289,78,155,232
301,80,144,230
297,76,147,247
286,73,156,228
299,73,143,231
303,74,134,228
307,81,125,225
302,73,134,224
304,82,128,216
306,79,119,221
297,81,124,214
293,77,126,214
273,81,143,212
284,84,132,214
263,82,145,214
280,80,130,219
273,83,129,212
256,90,147,205
249,91,150,206
244,91,154,202
238,96,158,200
231,89,168,211
219,85,171,208
215,77,187,226
211,71,181,222
214,64,175,231
210,59,169,235
208,45,159,247
206,41,164,244
207,23,161,267
206,19,148,268
201,13,154,277
201,3,149,286
209,3,142,285
196,0,152,292
201,7,163,282
193,21,156,270
200,48,160,242
196,49,162,240
192,39,168,256
190,39,212,253
183,22,203,277
177,22,202,275
176,34,261,284
184,39,252,289
179,20,260,319
176,22,235,311
165,24,234,309
163,40,281,294
174,33,269,284
186,26,256,308
135,32,218,274
158,24,276,298
166,18,265,321
83,20,230,283
133,17,200,281
134,36,269,296
128,25,293,311
110,22,302,306
97,19,327,319
94,17,312,317
99,27,303,311
76,9,322,334
72,17,293,316
91,11,282,327
70,7,274,342
68,7,278,322
34,5,307,336
14,7,320,320
34,10,294,304
33,12,298,320
10,4,312,328
13,5,305,318
3,9,314,326
-1,8,317,328
10,11,309,285
12,11,307,311
-2,11,307,331
2,2,304,338
3,6,301,326
2,2,302,300
10,6,307,337
7,1,302,310
4,12,311,305
12,13,300,283
