328,106,23,41
325,103,24,41
327,104,25,41
324,102,26,42
327,103,24,41
326,103,23,41
328,105,23,40
327,104,24,42
329,105,23,42
331,105,23,42
330,108,24,41
331,105,24,42
332,108,25,41
332,106,24,42
334,107,25,42
334,105,24,42
336,105,25,44
336,103,26,43
337,102,26,42
337,99,26,42
340,99,26,41
340,96,27,41
342,94,25,42
343,93,26,42
344,91,26,42
344,89,26,41
345,91,26,42
346,91,27,42
347,90,27,41
346,90,29,42
349,92,26,43
347,94,29,41
350,95,28,41
351,97,27,41
351,98,27,43
353,100,26,41
351,99,27,41
351,101,29,42
351,103,30,43
351,103,31,43
350,106,30,41
350,105,29,41
348,105,28,42
346,104,28,42
345,106,26,42
342,106,28,43
340,106,28,43
339,106,27,43
335,105,26,42
333,107,25,42
331,107,24,42
328,108,25,42
324,108,25,43
321,108,26,44
319,111,26,42
316,108,26,39
316,111,27,41
313,112,28,40
313,113,28,41
311,112,29,40
310,113,30,42
308,113,33,40
309,110,33,41
309,114,33,40
310,113,32,41
310,111,34,42
311,112,33,44
312,114,33,40
316,112,31,40
319,112,29,42
318,110,32,42
321,109,32,41
322,106,33,40
321,102,32,41
324,100,30,43
325,94,30,43
325,91,29,44
326,89,27,45
327,87,25,45
327,87,25,45
324,86,25,45
322,85,25,47
320,85,26,46
313,84,29,46
310,83,28,46
307,80,29,47
304,79,27,47
299,79,28,48
293,76,30,49
291,75,30,50
287,72,29,51
285,73,27,51
282,70,30,52
280,67,29,53
280,65,30,53
282,64,27,53
282,63,28,54
283,61,29,54
285,62,32,54
290,64,32,54
293,63,32,54
298,65,31,53
302,67,30,53
307,70,31,51
312,76,29,51
313,79,29,50
318,85,28,47
320,90,26,46
321,91,26,46
324,98,25,45
323,96,26,45
325,100,27,44
324,104,26,43
323,107,26,42
322,107,27,41
320,108,27,40
318,108,25,40
313,110,25,38
311,109,25,40
307,108,28,39
304,109,26,38
300,107,27,38
294,108,28,38
291,107,30,37
287,105,32,37
283,105,31,37
280,103,31,39
277,102,29,40
274,101,29,39
273,98,29,39
272,94,32,40
272,92,31,41
273,87,30,42
272,84,31,40
274,80,31,42
278,77,29,43
281,74,29,44
287,70,26,43
290,67,26,45
295,65,28,44
299,63,27,45
301,63,28,44
306,65,30,45
308,66,32,45
312,69,33,45
314,71,33,46
316,74,33,45
318,75,32,45
319,78,33,45
322,82,32,42
322,86,32,44
323,89,31,44
322,93,30,44
321,98,29,43
320,104,30,43
317,110,29,41
316,116,28,39
314,122,27,38
312,128,25,37
310,133,24,37
308,137,22,38
306,141,23,40
304,147,23,39
302,149,22,40
300,152,23,40
298,156,23,40
297,159,23,40
296,160,23,40
294,162,25,41
292,163,25,40
294,164,26,39
293,163,26,42
293,163,26,42
293,163,26,42
293,163,26,42
293,163,26,42
293,163,26,42
293,163,26,42
293,163,26,42
293,163,26,42
293,163,26,42
293,163,26,42
293,163,26,42
293,163,26,42
293,163,26,42
293,163,26,42
293,163,26,42
293,163,26,42
293,163,26,42
293,163,26,42
293,163,26,42
293,163,26,42
293,163,26,42
293,163,26,42
293,163,26,42
293,163,26,42
293,163,26,42
293,163,26,42
293,163,26,42
293,163,26,42
293,163,26,42
293,163,26,42
276,184,24,43
279,178,24,32
280,174,24,33
281,169,25,36
282,161,26,43
284,152,27,43
284,144,31,45
285,136,33,47
287,128,32,47
288,120,31,46
287,119,32,44
291,115,28,45
292,115,29,43
294,109,26,42
297,105,25,42
297,99,23,42
299,96,24,41
297,90,25,42
298,84,26,42
299,80,27,43
297,74,29,41
298,68,29,42
298,62,28,43
299,58,28,43
300,58,26,42
301,58,24,43
300,60,26,47
298,68,27,47
300,74,24,43
298,70,29,42
298,64,35,45
296,62,40,42
297,57,42,41
298,56,41,41
302,52,39,43
307,51,35,44
312,50,28,45
313,46,34,43
318,42,36,45
319,41,39,46
323,40,38,46
328,37,32,47
334,36,28,49
337,38,30,49
337,36,35,50
341,29,35,50
345,28,35,51
347,29,36,51
352,31,31,50
356,34,30,52
359,42,29,52
358,42,31,49
357,36,35,50
353,34,40,49
348,31,46,48
348,30,44,46
343,27,43,49
342,25,38,52
340,19,32,53
330,12,39,54
318,4,45,54
307,1,51,53
297,0,52,49
290,0,44,45
284,2,40,39
275,0,38,35
267,1,39,29
254,1,39,22
242,2,40,17
236,0,32,15
236,0,32,15
236,0,32,15
236,0,32,15
236,0,32,15
236,0,32,15
236,0,32,15
236,0,32,15
236,0,32,15
236,0,32,15
236,0,32,15
236,0,32,15
236,0,32,15
236,0,32,15
236,0,32,15
236,0,32,15
236,0,32,15
236,0,32,15
236,0,32,15
236,0,32,15
236,0,32,15
236,0,32,15
236,0,32,15
236,0,32,15
236,0,32,15
236,0,32,15
236,0,32,15
236,0,32,15
236,0,32,15
236,0,32,15
236,0,32,15
236,0,32,15
236,0,32,15
236,0,32,15
236,0,32,15
236,0,32,15
236,0,32,15
236,0,32,15
236,0,32,15
282,17,33,21
263,54,38,24
275,24,41,31
264,24,45,37
258,30,48,49
255,35,44,59
255,37,44,63
251,43,50,67
250,47,56,67
256,49,56,64
261,45,55,66
262,45,58,67
270,50,53,65
279,50,42,64
286,54,41,66
290,56,47,62
292,56,52,61
297,58,56,59
304,61,52,59
310,64,49,58
319,62,43,60
329,60,36,59
333,59,37,61
336,61,38,61
337,60,37,61
339,60,35,60
341,60,34,61
341,62,37,60
340,61,41,62
337,57,46,65
339,57,44,63
342,54,41,65
342,54,36,62
338,54,39,64
332,54,45,63
326,57,49,62
320,57,51,60
316,63,51,60
311,65,47,60
305,70,43,61
303,73,39,60
300,77,36,59
296,79,33,58
287,78,38,57
283,78,40,57
277,75,43,59
273,73,44,58
273,72,40,57
271,72,38,56
272,70,33,58
268,71,32,57
266,70,37,60
266,72,38,58
264,70,40,62
265,71,39,63
268,69,36,65
271,68,39,67
276,71,42,65
279,69,46,64
286,69,47,65
298,66,47,64
306,63,49,64
322,62,49,64
337,61,44,65
352,59,41,64
364,60,39,63
375,58,40,62
384,63,40,57
390,66,39,55
395,68,38,53
399,69,36,54
397,70,34,53
393,72,33,51
384,75,35,52
376,79,37,49
362,83,41,47
351,84,46,45
340,84,46,44
329,76,44,43
318,73,36,41
306,69,33,42
292,64,32,44
277,58,35,45
262,56,39,44
250,51,44,43
240,48,44,43
230,46,46,42
224,42,44,43
224,37,43,43
225,33,48,41
229,30,48,39
233,30,49,34
240,30,48,34
246,31,50,36
258,31,45,42
267,30,45,50
282,30,43,51
300,31,38,54
314,33,39,51
327,36,45,54
341,37,48,54
354,38,49,52
367,38,46,53
385,41,36,53
396,38,34,50
405,38,35,50
411,36,33,51
414,36,35,48
418,36,34,47
422,38,32,48
424,41,30,47
421,46,28,44
419,49,30,47
412,51,33,48
407,54,36,44
400,57,37,45
394,62,36,46
388,65,33,46
381,69,30,45
371,73,30,45
362,78,31,44
350,82,32,46
339,88,31,44
331,91,32,44
319,92,35,44
311,94,32,43
302,93,30,44
291,92,36,47
284,91,40,46
277,91,47,43
272,92,47,40
271,91,46,42
270,90,47,43
272,89,45,46
275,90,46,47
280,93,43,49
285,94,38,50
292,101,37,46
303,108,32,42
309,113,33,41
322,116,30,41
331,119,29,43
339,126,31,44
347,128,29,46
354,136,31,42
355,135,30,42
360,137,31,43
363,137,29,40
369,138,30,41
374,139,31,40
379,137,30,40
382,134,29,39
385,131,26,39
387,130,27,40
390,127,24,40
390,127,22,39
389,127,24,39
386,126,28,37
381,127,31,37
380,129,30,37
378,131,29,38
372,133,31,37
370,132,27,37
367,131,26,38
362,133,26,38
358,131,27,39
352,132,29,40
347,134,34,39
342,133,38,40
340,130,35,41
337,127,37,42
338,123,34,42
339,118,32,43
343,113,29,43
348,109,27,42
351,105,27,43
354,101,29,43
358,100,30,44
364,98,32,44
369,97,31,44
374,96,31,46
382,97,31,47
388,100,30,47
394,101,31,48
396,103,35,51
401,109,39,47
402,115,41,46
409,115,39,46
415,113,33,47
421,106,29,45
426,104,29,45
429,99,30,45
431,97,30,45
431,98,31,47
432,95,37,47
430,95,40,48
430,93,41,48
431,94,42,48
430,94,45,50
433,98,40,51
435,99,35,51
436,100,32,51
431,96,37,55
432,93,37,57
429,95,36,57
426,95,35,58
423,92,35,59
418,92,37,57
413,91,40,58
408,93,38,59
406,96,35,58
398,98,37,56
391,100,42,53
386,104,46,53
383,108,45,52
380,116,43,53
378,120,39,51
378,122,33,49
378,125,28,47
377,123,28,43
373,120,30,43
372,121,31,43
368,122,36,41
368,123,35,41
367,123,33,38
367,121,32,39
366,120,29,38
368,118,25,38
368,118,25,36
367,115,25,37
366,114,28,36
365,116,29,36
363,117,33,36
363,115,34,35
365,115,34,34
365,115,33,36
367,116,33,36
369,117,33,38
371,116,31,41
374,113,28,42
377,114,28,41
378,114,32,42
382,110,32,42
383,107,36,45
385,101,39,46
388,98,42,47
393,92,39,49
398,86,40,50
403,79,37,51
407,71,36,54
412,64,35,57
413,58,37,60
415,57,36,55
415,57,37,54
413,59,40,51
412,62,41,51
411,64,41,48
406,67,43,50
405,71,38,51
402,77,37,52
397,81,35,53
394,87,33,53
388,93,32,51
384,100,33,49
377,107,34,45
374,110,34,42
368,115,35,41
367,115,35,41
366,118,32,40
365,118,35,39
364,118,32,39
361,115,29,38
358,113,28,38
358,110,29,39
355,106,27,37
354,103,27,36
354,100,27,36
351,96,28,35
350,95,29,35
350,93,30,35
349,92,32,36
348,92,30,36
348,92,30,36
349,94,28,37
348,96,29,39
350,100,28,39
351,105,28,39
352,106,32,38
352,106,36,40
356,105,38,41
360,103,37,41
364,98,41,43
370,94,43,45
378,87,42,47
388,81,40,47
399,76,40,47
408,70,42,47
419,63,43,45
429,59,45,45
438,56,45,43
451,57,44,44
460,59,41,45
468,61,40,50
477,65,37,50
487,75,33,49
491,80,31,52
493,87,32,55
491,97,33,51
488,104,34,53
483,114,32,50
479,123,31,47
471,129,30,45
464,135,29,42
453,141,28,39
443,145,27,37
431,147,29,38
422,151,26,36
412,151,26,35
401,152,27,34
388,150,32,33
378,148,31,33
369,147,32,33
359,146,35,32
353,142,32,32
344,138,32,33
339,137,31,32
331,133,31,33
328,132,31,32
323,129,30,33
321,128,31,32
316,125,34,33
316,124,35,31
315,121,38,33
317,118,37,34
323,118,35,35
328,114,36,36
332,111,39,39
341,109,42,40
351,110,42,41
361,107,45,41
376,106,44,41
393,105,44,42
409,103,43,43
427,102,40,46
445,102,37,46
459,100,36,49
472,101,34,49
482,105,36,49
491,107,36,48
496,109,36,47
497,114,34,45
497,116,32,46
497,121,30,43
491,125,31,41
484,125,30,41
472,127,32,40
462,128,31,39
452,132,31,38
441,132,30,37
428,132,31,37
418,134,27,35
404,135,26,35
391,136,28,34
378,135,29,32
362,134,31,33
350,132,30,31
338,130,28,32
325,127,28,33
316,125,31,34
302,121,32,34
295,119,33,35
286,115,35,35
279,114,35,35
275,110,34,37
274,106,30,40
271,106,32,39
272,104,30,42
275,103,32,41
280,101,33,41
286,100,38,44
298,101,38,45
309,101,39,43
332,98,29,47
345,97,33,48
364,94,34,48
384,92,44,50
401,88,53,51
419,87,56,52
437,85,56,50
441,84,53,51
452,82,57,51
455,83,57,50
469,80,56,51
480,80,55,50
491,79,53,50
496,81,55,48
500,84,53,48
502,88,54,48
502,90,53,47
502,94,52,48
498,97,50,47
492,102,48,48
487,105,44,51
481,111,39,48
472,115,36,50
461,120,33,48
450,126,34,48
439,128,35,47
427,130,34,46
415,134,34,45
400,135,36,45
389,136,36,46
378,137,36,44
368,140,36,43
359,140,39,42
351,144,40,42
345,145,38,41
337,148,39,44
333,151,36,43
329,156,35,43
324,159,36,42
321,165,35,39
319,170,35,37
318,177,33,32
319,178,34,31
322,183,31,26
325,188,30,23
325,188,30,23
325,188,30,23
325,188,30,23
325,188,30,23
325,188,30,23
325,188,30,23
325,188,30,23
325,188,30,23
325,188,30,23
325,188,30,23
325,188,30,23
325,188,30,23
325,188,30,23
325,188,30,23
325,188,30,23
325,188,30,23
325,188,30,23
325,188,30,23
325,188,30,23
325,188,30,23
352,202,24,18
352,202,22,16
352,202,22,16
352,202,22,16
352,202,22,16
352,202,22,16
352,202,22,16
352,202,22,16
352,202,22,16
352,202,22,16
352,202,22,16
352,202,22,16
352,202,22,16
352,202,22,16
352,202,22,16
352,202,22,16
352,202,22,16
352,202,22,16
352,202,22,16
352,202,22,16
352,202,22,16
352,202,22,16
352,202,22,16
352,202,22,16
352,202,22,16
352,202,22,16
352,202,22,16
352,202,22,16
352,202,22,16
352,202,22,16
352,202,22,16
352,202,22,16
352,202,22,16
352,202,22,16
352,202,22,16
352,202,22,16
352,202,22,16
352,202,22,16
352,202,22,16
352,202,22,16
352,202,22,16
352,202,22,16
352,202,22,16
352,202,22,16
352,202,22,16
352,202,22,16
352,202,22,16
352,202,22,16
352,202,22,16
352,202,22,16
352,202,22,16
352,202,22,16
352,202,22,16
352,202,22,16
352,202,22,16
352,202,22,16
352,202,22,16
352,202,22,16
352,202,22,16
352,202,22,16
352,202,22,16
352,202,22,16
352,202,22,16
352,202,22,16
352,202,22,16
352,202,22,16
352,202,22,16
352,202,22,16
352,202,22,16
352,202,22,16
352,202,22,16
352,202,22,16
352,202,22,16
352,202,22,16
352,202,22,16
352,202,22,16
352,202,22,16
352,202,22,16
352,202,22,16
352,202,22,16
350,207,20,14
351,207,20,12
353,206,21,12
354,206,21,13
356,206,22,14
359,206,22,14
363,206,23,15
366,207,24,15
372,206,24,15
374,205,25,17
379,205,25,17
381,205,23,18
382,206,24,20
384,206,23,19
384,208,24,19
385,210,25,21
385,208,22,23
386,212,23,21
389,213,22,20
392,215,21,19
397,217,19,21
397,218,19,22
398,217,19,20
398,219,19,20
397,219,19,20
395,218,19,20
398,220,17,18
398,219,16,19
398,220,16,18
398,220,18,19
398,219,20,20
399,218,21,20
398,218,23,21
399,219,23,24
400,218,23,21
398,218,24,22
397,217,23,20
398,218,23,19
398,215,24,20
399,217,25,20
400,216,24,21
399,218,26,20
402,218,28,21
401,218,29,28
401,218,30,31
402,218,29,35
402,217,28,44
403,215,30,48
404,214,29,48
405,213,30,49
406,211,29,48
407,213,30,49
409,214,31,48
407,213,35,48
407,212,36,47
410,215,37,47
412,214,36,48
411,216,37,48
415,218,36,49
419,220,31,51
420,224,29,51
421,228,31,52
424,232,29,51
425,234,32,51
427,237,35,49
427,239,35,52
428,239,38,53
430,238,37,51
434,238,34,53
437,239,31,54
438,243,32,54
439,242,32,56
441,246,31,57
443,248,31,54
442,249,33,55
443,251,34,54
442,253,35,57
442,254,34,56
442,256,33,58
441,258,34,58
441,257,35,57
439,260,38,57
439,259,39,57
440,261,37,54
440,260,36,56
439,262,34,54
439,262,33,57
438,261,32,57
436,259,31,57
432,259,35,58
431,260,40,54
428,257,42,55
424,255,44,55
424,254,42,56
425,254,38,54
425,256,35,55
425,255,37,58
425,251,35,57
426,251,33,58
426,250,33,59
426,249,32,57
424,247,33,58
425,245,34,59
423,242,37,59
424,242,41,57
423,237,44,59
429,237,39,61
430,238,36,63
432,235,36,62
437,233,38,63
438,237,40,65
441,233,41,66
443,233,42,66
448,232,41,67
452,229,43,68
454,225,41,70
458,222,45,73
460,219,43,75
462,218,46,75
464,215,50,74
466,215,53,74
465,214,56,73
465,213,58,77
469,210,51,78
471,211,51,77
469,210,53,77
473,207,52,80
471,205,51,79
469,201,54,76
467,196,60,80
462,195,61,76
462,193,59,76
460,186,60,73
459,180,59,73
457,174,55,72
456,173,54,72
454,163,52,72
455,156,47,69
450,153,52,69
447,148,54,66
444,141,51,67
442,132,51,68
440,123,49,70
438,117,46,69
438,110,44,66
435,103,42,65
434,96,39,62
431,90,38,61
428,82,39,62
424,75,39,61
420,69,39,61
417,65,38,61
412,56,39,63
410,53,36,61
407,49,37,61
404,47,37,59
399,45,38,60
395,42,39,61
391,42,39,63
386,41,38,61
383,42,40,63
379,42,40,63
376,45,39,59
372,46,37,58
368,46,39,59
363,48,38,55
361,50,37,55
358,52,34,55
354,55,33,59
351,60,32,58
348,63,31,56
345,68,32,55
344,72,31,52
338,74,31,52
335,74,33,52
334,76,33,53
329,75,35,52
324,73,38,52
323,74,39,52
319,74,42,54
314,71,45,54
313,68,44,51
309,67,47,52
309,67,45,52
307,67,44,54
306,68,41,53
305,67,40,53
306,67,39,54
306,69,41,54
309,69,40,53
308,67,44,53
315,70,43,53
318,70,44,57
326,68,37,56
334,70,38,54
342,67,36,52
350,70,41,55
358,71,40,55
366,75,39,55
374,76,39,57
387,77,37,59
398,81,36,59
411,79,36,58
419,79,40,60
426,82,43,62
435,86,49,59
440,91,52,56
446,92,52,56
451,96,53,55
455,99,51,52
459,100,48,55
461,103,44,54
460,101,41,54
462,105,42,52
460,106,38,52
460,105,37,50
461,106,36,50
461,106,37,50
461,106,37,50
461,106,37,50
461,106,37,50
461,106,37,50
461,106,37,50
461,106,37,50
461,106,37,50
461,106,37,50
461,106,37,50
461,106,37,50
461,106,37,50
461,106,37,50
461,106,37,50
461,106,37,50
461,106,37,50
461,106,37,50
461,106,37,50
461,106,37,50
461,106,37,50
461,106,37,50
461,106,37,50
461,106,37,50
461,106,37,50
461,106,37,50
461,106,37,50
365,58,28,55
350,50,36,62
357,50,47,63
365,52,48,60
377,56,47,59
384,60,49,57
393,67,50,53
400,75,49,51
407,78,45,50
409,84,45,51
411,89,41,52
415,91,36,51
414,97,35,51
415,102,31,50
412,109,30,49
409,111,27,49
402,114,28,47
399,116,26,43
395,115,24,40
393,114,21,39
395,113,15,37
395,113,15,37
395,113,15,37
395,113,15,37
395,113,15,37
395,113,15,37
348,78,15,33
335,82,20,33
331,78,25,36
322,75,31,38
314,74,35,37
309,74,30,38
306,74,29,37
305,74,24,39
298,73,27,42
297,72,28,42
294,71,29,45
292,69,31,45
293,67,32,47
292,64,32,49
297,61,31,51
300,53,32,52
305,48,33,50
311,38,38,59
317,33,44,58
327,26,46,61
337,24,47,57
347,21,46,55
358,19,47,54
368,21,47,52
379,19,47,53
388,21,49,51
390,25,53,52
396,30,52,53
402,41,50,54
409,50,44,53
416,58,37,54
414,64,33,55
414,71,31,54
411,79,32,53
409,86,33,53
405,93,32,51
401,97,30,50
397,103,26,46
393,107,27,45
386,110,25,42
381,109,26,41
379,108,25,42
376,106,23,38
372,106,21,35
373,104,15,30
373,104,15,30
373,104,15,30
345,85,21,26
336,80,27,23
334,75,24,22
329,69,25,26
327,64,24,29
323,60,26,32
320,52,29,40
320,44,28,43
321,32,28,46
325,25,29,46
327,14,30,49
331,5,34,48
337,2,36,45
338,2,37,45
345,2,37,42
346,0,37,41
355,0,41,39
363,2,43,37
375,1,44,39
389,3,50,43
402,2,54,51
419,3,55,55
439,2,59,65
460,8,57,66
481,18,62,65
508,25,62,66
537,29,53,80
564,56,67,70
589,64,50,71
611,73,38,74
611,73,38,74
611,73,38,74
611,73,38,74
611,73,38,74
611,73,38,74
611,73,38,74
611,73,38,74
611,73,38,74
611,73,38,74
611,73,38,74
611,73,38,74
611,73,38,74
611,73,38,74
611,73,38,74
611,73,38,74
611,73,38,74
611,73,38,74
611,73,38,74
611,73,38,74
611,73,38,74
611,73,38,74
611,73,38,74
611,73,38,74
611,73,38,74
611,73,38,74
611,73,38,74
611,73,38,74
611,73,38,74
611,73,38,74
611,73,38,74
611,73,38,74
611,73,38,74
611,73,38,74
611,73,38,74
611,73,38,74
611,73,38,74
611,73,38,74
611,73,38,74
611,73,38,74
611,73,38,74
611,73,38,74
611,73,38,74
611,73,38,74
611,73,38,74
611,73,38,74
611,73,38,74
611,73,38,74
611,73,38,74
611,73,38,74
611,73,38,74
611,73,38,74
611,73,38,74
611,73,38,74
611,73,38,74
611,73,38,74
611,73,38,74
611,73,38,74
611,73,38,74
611,73,38,74
611,73,38,74
611,73,38,74
611,73,38,74
611,73,38,74
611,73,38,74
611,73,38,74
611,73,38,74
611,73,38,74
611,73,38,74
611,73,38,74
611,73,38,74
611,73,38,74
611,73,38,74
611,73,38,74
611,73,38,74
611,73,38,74
611,73,38,74
611,73,38,74
611,73,38,74
611,73,38,74
611,73,38,74
611,73,38,74
611,73,38,74
611,73,38,74
611,73,38,74
611,73,38,74
611,73,38,74
611,73,38,74
611,73,38,74
611,73,38,74
611,73,38,74
611,73,38,74
611,73,38,74
611,73,38,74
611,73,38,74
611,73,38,74
611,73,38,74
611,73,38,74
611,73,38,74
611,73,38,74
611,73,38,74
611,73,38,74
611,73,38,74
611,73,38,74
611,73,38,74
611,73,38,74
611,73,38,74
611,73,38,74
611,73,38,74
611,73,38,74
611,73,38,74
611,73,38,74
611,73,38,74
611,73,38,74
611,73,38,74
611,73,38,74
611,73,38,74
611,73,38,74
611,73,38,74
611,73,38,74
611,73,38,74
611,73,38,74
611,73,38,74
611,73,38,74
611,73,38,74
611,73,38,74
611,73,38,74
611,73,38,74
611,73,38,74
611,73,38,74
611,73,38,74
611,73,38,74
611,73,38,74
611,73,38,74
611,73,38,74
611,73,38,74
611,73,38,74
611,73,38,74
611,73,38,74
611,73,38,74
611,73,38,74
611,73,38,74
611,73,38,74
611,73,38,74
611,73,38,74
611,73,38,74
611,73,38,74
611,73,38,74
611,73,38,74
611,73,38,74
611,73,38,74
611,73,38,74
611,73,38,74
611,73,38,74
611,73,38,74
611,73,38,74
611,73,38,74
611,73,38,74
611,73,38,74
611,73,38,74
611,73,38,74
611,73,38,74
611,73,38,74
613,63,35,67
603,57,35,66
584,50,44,62
566,39,56,66
551,30,53,65
534,20,54,65
519,12,55,68
518,11,51,66
390,20,46,64
321,35,46,66
317,31,46,67
312,33,48,67
312,33,48,66
311,32,44,66
309,34,44,65
311,38,42,65
309,37,44,67
308,41,44,66
311,40,44,65
313,43,47,68
315,45,47,67
317,45,46,67
321,44,44,65
326,45,42,69
326,45,42,67
330,44,41,68
334,45,42,68
335,46,42,67
335,49,43,67
339,52,43,70
339,56,46,69
340,56,46,70
338,60,47,68
339,61,48,68
339,64,44,67
338,65,43,70
338,66,41,66
335,69,43,66
333,70,45,64
329,73,44,65
327,75,48,66
324,79,48,65
323,83,45,63
320,86,44,63
319,89,44,59
316,93,47,59
313,98,46,61
309,97,46,60
311,100,43,59
306,101,45,61
307,107,45,57
306,106,45,58
305,113,44,58
303,116,43,58
302,118,41,57
304,122,40,57
304,125,38,57
303,131,36,58
302,135,37,57
303,140,35,57
301,142,36,60
300,146,36,58
301,151,36,55
301,156,35,53
299,158,34,50
299,164,32,47
297,166,33,45
294,170,32,42
291,174,31,35
288,178,32,32
285,181,31,28
282,185,30,24
279,186,31,24
276,189,32,22
274,189,30,21
274,189,29,20
274,190,29,19
274,189,28,19
274,190,29,19
274,191,28,18
276,193,28,17
276,193,28,17
276,193,28,17
276,193,28,17
276,193,28,17
276,193,28,17
276,193,28,17
276,193,28,17
276,193,28,17
276,193,28,17
276,193,28,17
276,193,28,17
276,193,28,17
276,193,28,17
276,193,28,17
276,193,28,17
276,193,28,17
276,193,28,17
276,193,28,17
276,193,28,17
276,193,28,17
276,193,28,17
276,193,28,17
276,193,28,17
276,193,28,17
276,193,28,17
276,193,28,17
276,193,28,17
276,193,28,17
276,193,28,17
276,193,28,17
276,193,28,17
276,193,28,17
276,193,28,17
276,193,28,17
276,193,28,17
276,193,28,17
276,193,28,17
276,193,28,17
276,193,28,17
276,193,28,17
276,193,28,17
276,193,28,17
276,193,28,17
276,193,28,17
276,193,28,17
276,193,28,17
276,193,28,17
276,193,28,17
276,193,28,17
276,193,28,17
276,193,28,17
276,193,28,17
276,193,28,17
276,193,28,17
276,193,28,17
276,193,28,17
276,193,28,17
276,193,28,17
276,193,28,17
276,193,28,17
276,193,28,17
276,193,28,17
276,193,28,17
276,193,28,17
276,193,28,17
276,193,28,17
276,193,28,17
276,193,28,17
276,193,28,17
276,193,28,17
276,193,28,17
276,193,28,17
276,193,28,17
276,193,28,17
276,193,28,17
276,193,28,17
276,193,28,17
276,193,28,17
276,193,28,17
276,193,28,17
276,193,28,17
276,193,28,17
276,193,28,17
276,193,28,17
276,193,28,17
276,193,28,17
276,193,28,17
276,193,28,17
276,193,28,17
276,193,28,17
276,193,28,17
276,193,28,17
276,193,28,17
276,193,28,17
276,193,28,17
276,193,28,17
276,193,28,17
279,195,28,15
285,188,32,21
286,181,35,24
288,167,37,26
291,158,37,33
296,146,36,44
301,130,38,55
304,117,40,55
306,100,51,54
309,92,50,50
312,83,51,52
315,73,50,55
322,64,47,63
329,55,40,61
335,45,36,63
340,37,36,65
342,28,33,66
344,21,33,67
345,16,37,66
342,10,43,68
338,8,51,64
336,3,55,66
335,1,54,62
335,3,53,59
336,3,51,56
339,4,42,49
334,2,40,44
329,1,39,41
324,0,39,38
321,2,40,33
319,0,39,34
318,1,40,33
313,1,42,33
309,3,44,33
305,0,44,37
306,1,38,41
302,2,36,43
298,3,37,46
298,2,41,51
300,3,39,55
302,3,35,60
303,4,34,62
307,8,33,61
308,13,37,60
309,16,38,57
312,21,36,54
317,25,33,53
322,27,32,56
326,31,29,54
327,34,30,54
333,39,28,52
335,42,28,52
332,45,33,53
333,45,34,52
334,45,36,53
334,44,34,53
336,43,31,55
338,40,30,55
338,38,30,56
335,36,30,57
334,32,30,56
330,31,34,59
327,26,35,60
322,22,36,60
318,18,37,61
314,16,37,62
309,9,38,64
304,3,40,67
297,2,47,63
290,0,51,58
285,2,50,55
283,1,44,49
282,5,42,42
279,6,41,40
277,4,42,41
275,5,45,43
274,6,43,43
274,9,46,49
273,13,55,54
276,18,52,60
280,27,50,65
287,37,42,64
292,46,40,66
296,58,37,62
300,71,35,59
304,81,32,60
305,91,36,57
309,95,35,54
311,98,37,52
313,102,38,49
315,103,40,47
310,102,40,49
308,102,39,48
307,103,39,48
306,101,36,49
303,99,34,48
305,99,32,49
304,92,31,51
302,87,34,51
300,81,37,52
297,78,39,51
296,75,41,48
293,70,45,50
292,63,46,53
291,55,46,55
292,49,46,58
293,41,43,62
292,35,44,63
295,27,46,67
294,20,47,67
295,10,50,71
296,4,53,73
295,1,53,73
295,2,55,71
295,0,53,70
296,2,51,66
296,1,51,67
300,1,46,63
306,2,41,60
308,0,42,64
308,0,42,67
307,1,44,70
308,0,41,72
307,1,43,73
308,4,41,79
308,12,41,75
309,22,41,75
307,31,40,74
307,44,35,71
306,51,37,68
307,61,37,62
304,69,38,62
304,78,33,57
306,80,32,55
307,83,31,53
306,83,31,53
308,82,30,52
308,82,29,48
308,77,31,46
307,74,32,47
309,71,33,46
308,66,33,47
308,62,32,47
309,58,33,46
309,56,30,48
311,52,29,49
309,50,31,50
309,50,29,51
308,51,31,53
305,52,32,55
304,50,37,54
301,48,38,57
299,44,39,60
296,41,40,61
297,33,39,67
296,22,40,73
294,12,42,77
293,4,43,77
291,2,44,73
291,4,45,63
291,1,50,56
293,4,48,47
293,4,51,44
292,4,55,45
292,3,54,55
291,2,54,62
291,1,51,71
292,3,52,80
288,2,58,90
285,6,57,101
284,17,61,108
278,36,64,103
281,49,65,99
279,68,65,92
278,75,67,94
280,86,58,90
282,93,54,83
285,95,48,87
285,94,46,81
281,94,48,76
278,85,47,81
274,74,51,84
270,63,57,82
269,53,57,87
268,48,56,80
268,38,56,83
268,33,51,83
271,27,45,80
269,23,46,81
267,17,46,84
267,15,48,85
261,9,47,85
263,6,47,83
262,6,52,75
260,3,55,67
260,1,58,63
264,3,56,63
267,2,48,63
270,1,43,63
271,2,44,62
272,2,49,64
273,2,50,68
275,3,49,72
282,7,43,72
289,15,35,67
290,20,39,62
288,25,42,61
292,28,44,61
294,33,39,57
299,36,36,58
307,38,30,55
309,40,31,56
309,45,32,53
309,47,35,54
311,49,31,53
311,53,31,51
312,55,34,51
313,57,33,48
313,59,29,50
316,63,28,47
316,64,25,47
317,68,27,46
317,69,31,46
317,69,33,45
319,68,32,45
323,70,25,45
324,69,25,47
324,69,25,47
324,69,25,47
324,69,25,47
324,69,25,47
324,69,25,47
324,69,25,47
324,69,25,47
324,69,25,47
324,69,25,47
324,69,25,47
324,69,25,47
324,69,25,47
324,69,25,47
324,69,25,47
324,69,25,47
324,69,25,47
324,69,25,47
324,69,25,47
324,69,25,47
324,69,25,47
324,69,25,47
324,69,25,47
324,69,25,47
324,69,25,47
324,69,25,47
324,69,25,47
324,69,25,47
324,69,25,47
324,69,25,47
324,69,25,47
324,69,25,47
324,69,25,47
324,69,25,47
324,69,25,47
324,69,25,47
324,69,25,47
324,69,25,47
324,69,25,47
324,69,25,47
324,69,25,47
324,69,25,47
324,69,25,47
324,69,25,47
324,69,25,47
324,69,25,47
324,69,25,47
324,69,25,47
324,69,25,47
324,69,25,47
324,69,25,47
324,69,25,47
324,69,25,47
324,69,25,47
324,69,25,47
324,69,25,47
324,69,25,47
324,69,25,47
324,69,25,47
324,69,25,47
324,69,25,47
324,69,25,47
324,69,25,47
324,69,25,47
324,69,25,47
324,69,25,47
324,69,25,47
324,69,25,47
324,69,25,47
324,69,25,47
324,69,25,47
324,69,25,47
324,69,25,47
324,69,25,47
324,69,25,47
324,69,25,47
324,69,25,47
324,69,25,47
324,69,25,47
324,69,25,47
324,69,25,47
324,69,25,47
324,69,25,47
324,69,25,47
324,69,25,47
324,69,25,47
324,69,25,47
324,69,25,47
324,69,25,47
324,69,25,47
324,69,25,47
324,69,25,47
324,69,25,47
324,69,25,47
324,69,25,47
324,69,25,47
324,69,25,47
324,69,25,47
324,69,25,47
324,69,25,47
324,69,25,47
324,69,25,47
324,69,25,47
324,69,25,47
324,69,25,47
324,69,25,47
324,69,25,47
324,69,25,47
324,69,25,47
324,69,25,47
324,69,25,47
324,69,25,47
324,69,25,47
324,69,25,47
324,69,25,47
324,69,25,47
324,69,25,47
324,69,25,47
324,69,25,47
324,69,25,47
324,69,25,47
324,69,25,47
324,69,25,47
324,69,25,47
324,69,25,47
324,69,25,47
324,69,25,47
324,69,25,47
324,69,25,47
324,69,25,47
324,69,25,47
324,69,25,47
324,69,25,47
324,69,25,47
324,69,25,47
324,69,25,47
324,69,25,47
324,69,25,47
324,69,25,47
324,69,25,47
324,69,25,47
324,69,25,47
324,69,25,47
324,69,25,47
324,69,25,47
324,69,25,47
324,69,25,47
324,69,25,47
324,69,25,47
340,102,34,45
340,102,34,45
340,102,34,45
338,84,41,45
335,73,48,51
335,73,48,51
335,73,48,51
335,73,48,51
335,73,48,51
335,73,48,51
335,73,48,51
335,73,48,51
335,73,48,51
335,73,48,51
335,73,48,51
335,73,48,51
335,73,48,51
335,73,48,51
335,73,48,51
335,73,48,51
335,73,48,51
335,73,48,51
335,73,48,51
335,73,48,51
335,73,48,51
335,73,48,51
335,73,48,51
335,73,48,51
335,73,48,51
335,73,48,51
335,73,48,51
335,73,48,51
335,73,48,51
415,42,44,45
418,47,36,39
425,55,34,43
427,61,40,45
432,69,42,46
445,77,40,45
459,84,39,45
473,89,39,47
490,94,35,46
504,96,35,46
513,97,36,45
525,95,31,47
534,95,33,45
537,92,35,45
541,90,34,45
541,87,35,43
541,84,34,45
538,85,34,44
530,84,36,45
523,85,35,45
513,87,37,45
499,90,35,44
486,91,33,45
468,95,39,46
451,98,39,45
434,101,39,44
416,103,38,43
398,103,39,43
386,105,31,42
386,105,31,42
386,105,31,42
386,105,31,42
386,105,31,42
386,105,31,42
386,105,31,42
386,105,31,42
386,105,31,42
386,105,31,42
386,105,31,42
386,105,31,42
386,105,31,42
386,105,31,42
386,105,31,42
386,105,31,42
386,105,31,42
386,105,31,42
396,96,29,39
406,90,31,42
422,85,33,44
438,81,32,43
452,79,33,43
467,77,35,41
480,74,33,44
495,74,33,44
507,76,37,46
521,76,33,47
532,77,34,47
544,78,33,49
556,79,32,51
564,81,33,50
569,77,37,53
572,76,43,55
578,71,42,55
582,64,41,56
588,58,41,58
589,49,44,61
592,37,44,66
591,25,50,71
593,12,46,73
595,3,44,75
598,0,42,72
597,2,41,71
597,0,40,65
598,0,40,66
601,-1,37,60
601,-1,37,60
601,-1,37,60
610,12,31,54
610,12,31,54
610,12,31,54
629,47,27,53
628,56,31,50
630,72,38,44
630,72,38,44
630,90,37,34
629,89,40,28
628,90,42,22
623,93,44,25
616,94,40,31
613,104,30,29
607,84,31,30
598,94,39,33
589,102,39,36
579,102,38,28
570,108,42,30
561,114,43,37
553,118,37,48
542,119,41,58
531,119,42,61
522,120,44,61
512,120,47,63
505,115,44,66
497,111,47,70
493,107,47,71
487,107,48,76
487,104,46,77
482,103,54,78
481,103,57,76
481,99,58,78
485,100,60,80
492,99,54,80
496,105,51,78
500,113,50,77
500,122,56,75
499,128,61,76
502,136,61,71
505,142,58,70
509,148,49,66
511,147,44,69
508,148,43,69
504,147,44,68
498,150,46,63
489,146,51,64
483,146,51,65
479,145,48,65
474,146,45,64
470,143,41,65
465,144,41,63
459,141,48,66
453,141,51,66
448,142,52,66
444,147,52,69
441,150,55,73
441,161,52,76
443,171,56,77
449,181,63,82
459,188,74,86
476,194,78,93
503,202,84,98
541,210,96,120
579,215,91,123
579,215,91,123
579,215,91,123
579,215,91,123
579,215,91,123
