234,240,70,74
235,239,70,73
237,240,68,72
239,238,63,74
241,239,61,74
243,240,60,74
244,240,59,73
247,240,57,73
248,243,57,70
251,244,51,70
252,247,49,69
255,246,47,71
258,247,43,73
263,248,37,72
262,246,39,74
265,249,34,73
267,248,30,77
268,247,25,77
270,250,22,77
268,246,21,79
266,248,22,77
263,249,23,76
259,248,24,74
255,251,25,74
249,253,28,72
243,252,27,72
237,248,29,74
230,246,31,77
224,243,30,77
217,246,33,69
212,245,33,67
204,244,38,62
197,244,40,60
191,244,43,57
188,245,47,55
186,245,48,54
185,246,49,54
188,247,49,55
189,248,53,56
191,247,56,58
201,250,51,57
210,252,52,56
221,253,53,55
232,254,56,54
242,254,66,55
254,254,66,57
274,251,62,57
289,246,73,63
310,242,77,69
334,237,82,74
353,230,84,74
392,228,69,71
420,221,64,77
434,217,73,81
458,215,70,83
477,217,68,76
501,215,67,70
518,214,66,72
534,212,63,75
546,212,58,75
551,213,57,75
554,215,58,72
548,220,59,71
542,222,61,75
536,228,55,75
528,232,56,72
514,238,55,73
487,250,64,65
461,250,59,67
449,252,50,68
416,258,59,63
398,264,43,66
377,265,40,66
370,268,45,63
343,269,50,63
322,268,42,68
299,261,35,69
286,264,26,57
261,260,29,56
240,257,34,55
225,247,30,60
208,238,34,60
194,233,33,59
185,226,33,57
176,220,37,56
172,216,36,59
169,213,36,61
166,212,39,59
168,214,38,60
167,216,40,60
172,220,40,59
176,224,43,60
184,231,45,62
192,238,50,64
208,246,51,63
223,252,54,65
242,263,61,61
265,269,53,60
292,274,50,68
318,280,57,71
346,284,55,69
376,280,57,74
420,283,52,73
457,282,42,71
482,279,41,75
501,274,51,71
524,267,57,73
546,255,60,76
558,247,68,76
572,241,64,76
583,234,53,80
592,231,43,79
595,229,40,80
597,230,37,85
593,232,40,88
589,240,44,83
580,251,52,84
560,258,66,88
528,268,85,88
505,277,84,85
485,290,71,70
462,300,61,59
424,308,66,51
389,315,59,45
360,320,55,38
332,315,50,43
306,308,43,46
280,306,38,51
260,294,44,61
237,283,40,62
215,268,47,60
199,259,47,59
187,245,49,66
179,236,49,64
172,228,49,61
170,220,46,60
170,218,44,55
170,216,47,51
172,215,45,48
176,217,44,47
181,221,44,45
189,226,39,42
198,232,37,39
211,239,30,36
228,244,23,35
228,244,23,35
250,269,25,39
263,281,28,38
280,287,32,45
297,296,35,46
319,296,41,54
343,296,52,58
365,297,62,58
400,296,68,56
433,288,63,63
457,281,60,72
478,274,68,79
498,265,71,80
525,259,68,78
549,251,71,72
563,244,69,63
572,239,63,59
571,233,65,53
572,231,64,52
571,232,65,54
566,233,67,58
556,238,79,60
548,245,78,61
534,252,86,71
516,266,102,67
486,275,110,72
464,284,113,72
438,292,98,66
418,301,85,57
387,308,82,51
352,308,71,49
330,309,62,50
307,306,51,52
278,308,51,48
264,307,43,49
240,280,34,44
228,282,33,37
217,271,33,42
202,264,39,40
191,256,46,40
181,247,52,42
174,241,55,45
171,238,56,43
171,237,57,39
174,236,53,40
177,237,52,40
181,237,50,42
184,238,48,44
191,240,45,42
196,241,42,44
202,239,36,45
216,240,32,43
229,245,24,46
235,251,32,49
241,255,38,52
251,257,42,56
260,262,51,55
273,265,48,55
285,268,48,55
296,268,54,57
307,272,51,58
317,271,53,66
330,279,50,56
343,283,43,53
352,284,38,53
363,284,31,58
370,284,28,60
376,285,25,62
378,284,27,67
377,286,32,65
373,286,39,68
366,289,48,64
361,289,50,66
350,290,61,66
344,292,60,66
336,293,64,64
325,296,68,60
323,297,63,59
313,303,61,54
301,301,64,56
297,302,59,55
291,302,52,54
288,299,44,57
284,300,37,55
280,298,33,55
271,298,35,57
270,295,31,60
267,295,24,59
266,293,21,60
261,291,23,61
256,287,27,66
250,287,36,65
247,284,42,68
243,283,49,66
242,281,51,67
241,281,56,62
243,277,55,67
243,274,60,64
242,272,62,59
245,269,62,58
249,269,60,56
253,267,58,57
259,267,54,56
267,265,47,56
274,264,42,56
281,266,35,56
289,264,29,56
294,264,27,59
298,267,24,57
307,264,19,57
309,264,19,60
310,266,23,62
312,268,31,64
310,271,38,64
310,271,47,66
309,270,55,74
308,269,60,78
307,274,63,74
307,275,66,77
306,276,68,76
305,275,68,76
304,274,66,78
303,276,64,76
302,276,61,73
301,273,56,76
299,273,56,73
299,274,50,72
297,277,44,68
298,275,37,67
297,277,31,62
296,277,27,62
295,279,22,59
293,274,20,63
292,273,19,59
290,275,19,61
285,274,24,65
281,276,27,61
274,275,33,63
269,272,40,66
266,272,42,62
260,274,49,58
259,275,51,58
257,274,52,55
256,272,54,58
255,272,55,59
256,273,55,58
256,273,55,55
260,273,49,56
261,275,51,56
263,278,51,52
265,280,49,51
269,280,45,50
274,282,41,50
278,284,36,51
280,283,36,55
285,284,30,56
291,285,26,56
294,285,23,60
298,286,20,62
309,217,17,56
303,278,22,57
301,282,24,63
300,282,31,64
294,282,40,66
292,282,47,67
290,283,50,64
288,281,55,67
285,286,56,61
283,285,56,62
279,285,59,63
278,284,58,65
276,283,58,67
273,284,59,68
269,284,57,67
266,287,57,61
265,287,48,62
262,289,52,62
260,287,50,67
259,289,48,65
257,290,49,62
256,291,46,63
255,289,40,64
254,292,36,60
253,289,32,65
254,293,27,62
254,296,23,56
254,294,20,59
254,296,19,58
256,299,18,55
257,296,20,54
257,291,22,61
258,289,26,64
259,288,32,64
259,287,43,67
261,285,43,71
264,284,43,69
269,284,44,66
273,289,47,60
275,290,53,59
280,291,55,60
286,293,57,58
292,293,59,60
295,293,61,61
300,296,63,61
305,295,62,61
311,295,59,61
313,294,59,62
317,295,60,62
321,293,54,62
322,293,52,63
326,296,44,59
326,297,41,58
325,298,39,56
321,301,37,55
319,303,31,50
316,307,28,46
308,308,26,47
302,310,22,42
296,309,20,43
288,309,20,43
282,309,22,44
272,310,27,44
263,313,35,43
253,313,26,43
247,316,19,39
240,314,21,40
233,313,23,39
227,313,25,36
224,310,24,34
220,305,27,36
219,300,28,36
218,296,30,38
218,293,31,37
220,291,32,38
224,285,34,42
228,284,34,41
233,283,36,41
238,280,38,39
242,280,40,38
250,278,44,39
263,275,41,40
271,272,40,43
281,271,44,45
292,268,45,49
302,265,48,51
312,259,48,55
321,254,56,56
334,246,59,61
349,239,58,62
362,234,57,56
374,228,55,57
381,223,57,55
391,218,54,53
397,216,55,53
402,214,56,54
410,211,51,58
414,211,50,57
421,214,45,55
421,214,43,55
423,212,39,57
424,213,35,59
422,213,33,58
419,215,31,56
417,215,28,54
412,215,28,54
407,216,26,51
402,213,22,54
396,213,22,51
390,214,20,48
384,211,18,50
378,210,18,52
372,210,16,51
365,211,16,50
357,211,18,49
352,210,19,48
346,209,19,47
339,207,19,46
336,207,18,42
332,205,18,43
328,200,19,43
326,195,20,43
322,190,23,46
320,188,22,46
317,186,24,48
315,186,26,48
314,189,26,49
313,194,29,49
311,202,31,48
310,212,32,47
309,226,34,41
309,238,34,44
309,248,34,50
309,262,37,51
308,263,39,50
309,275,44,53
309,286,45,59
311,293,48,61
313,301,52,58
321,298,46,56
324,293,50,62
330,293,51,61
331,291,58,63
337,293,60,61
340,293,63,59
346,294,63,61
351,289,64,65
356,291,62,63
362,292,63,63
369,292,58,61
375,289,59,64
375,288,65,63
380,286,67,64
384,286,64,58
385,280,68,58
389,279,62,54
392,274,60,58
392,276,61,56
392,271,59,58
391,272,59,57
389,266,61,55
387,260,54,54
383,254,55,54
378,246,56,54
371,235,54,51
364,224,50,46
356,213,48,51
349,204,48,49
339,200,48,47
332,195,47,49
325,193,43,48
316,190,44,51
310,187,41,52
303,184,42,55
300,185,37,50
296,183,36,50
292,181,36,51
287,179,38,50
285,178,38,53
282,184,37,50
281,194,36,47
277,202,37,49
276,223,34,43
270,241,37,42
268,267,37,43
261,302,41,41
294,226,35,37
294,226,35,37
294,226,35,37
294,226,35,37
294,226,35,37
294,226,35,37
294,226,35,37
294,226,35,37
294,226,35,37
294,226,35,37
294,226,35,37
294,226,35,37
294,226,35,37
294,226,35,37
294,226,35,37
294,226,35,37
294,226,35,37
294,226,35,37
294,226,35,37
294,226,35,37
294,226,35,37
294,226,35,37
294,226,35,37
301,219,29,43
301,219,29,43
307,224,22,41
307,224,22,41
307,227,20,35
310,231,17,33
310,228,17,33
310,213,18,39
310,213,18,39
311,225,16,38
311,225,16,38
311,225,16,38
311,227,16,36
311,230,16,32
311,230,16,32
312,228,15,32
353,217,20,34
346,215,26,39
320,197,32,42
298,176,42,41
284,162,46,36
266,149,54,33
258,135,57,41
252,128,59,44
253,123,50,45
255,122,46,43
257,121,44,43
264,121,40,47
270,120,38,50
276,121,42,53
284,122,39,54
292,121,41,57
307,121,32,56
325,126,24,51
339,129,22,42
347,125,29,45
355,121,34,46
359,120,41,46
365,121,42,44
371,121,42,41
376,121,37,41
382,122,32,39
386,125,30,39
389,127,26,40
387,130,30,42
385,133,33,39
380,135,38,38
378,136,39,37
375,142,42,34
369,148,43,30
364,152,41,30
358,154,38,32
351,157,35,34
345,160,32,37
340,163,26,37
337,166,22,40
331,173,22,35
328,177,20,33
324,182,19,32
317,185,23,33
313,190,25,36
311,197,29,32
310,203,30,29
310,206,33,29
313,209,34,30
317,213,35,30
321,218,36,30
324,224,38,30
329,230,39,31
334,235,39,32
345,239,32,30
352,245,29,24
359,250,26,21
364,257,24,15
364,257,24,15
364,257,24,15
364,257,24,15
364,257,24,15
364,257,24,15
364,257,24,15
364,257,24,15
364,257,24,15
364,257,24,15
364,257,24,15
364,257,24,15
364,257,24,15
364,257,24,15
364,257,24,15
364,257,24,15
364,257,24,15
364,257,24,15
364,257,24,15
364,257,24,15
364,257,24,15
364,257,24,15
364,257,24,15
364,257,24,15
364,257,24,15
364,257,24,15
364,257,24,15
364,257,24,15
364,257,24,15
364,257,24,15
364,257,24,15
364,257,24,15
364,257,24,15
321,238,19,20
318,236,18,22
317,233,19,23
317,229,22,26
317,224,24,32
317,219,29,35
320,214,31,37
322,210,33,38
324,209,35,38
327,207,38,38
330,207,38,37
334,206,37,37
337,205,36,36
340,205,33,37
349,206,28,36
353,207,24,38
357,209,22,37
360,210,21,38
361,212,21,40
362,217,21,40
365,222,19,42
367,229,19,40
364,237,23,34
366,248,20,30
366,248,20,30
366,248,20,30
366,248,20,30
366,248,20,30
366,248,20,30
366,248,20,30
366,248,20,30
366,248,20,30
366,248,20,30
366,248,20,30
366,248,20,30
366,248,20,30
366,248,20,30
366,248,20,30
366,248,20,30
366,248,20,30
366,248,20,30
366,248,20,30
366,248,20,30
366,248,20,30
366,248,20,30
366,248,20,30
366,248,20,30
366,248,20,30
366,248,20,30
366,248,20,30
366,248,20,30
366,248,20,30
366,248,20,30
366,248,20,30
366,248,20,30
366,248,20,30
373,252,18,25
374,253,22,20
376,249,23,20
377,249,21,19
379,249,20,20
380,250,18,20
381,252,16,17
383,254,14,14
390,255,12,15
393,253,13,17
391,250,17,18
391,247,20,21
391,244,23,24
395,243,25,26
392,239,32,30
392,236,38,33
393,234,40,35
394,230,43,39
397,226,45,42
400,222,44,46
403,222,44,42
407,217,43,46
409,214,40,48
414,213,37,48
417,214,34,47
421,217,30,44
422,215,30,44
420,215,32,42
418,217,34,41
418,217,29,43
419,215,23,47
416,213,18,48
409,210,17,49
400,209,19,49
386,208,23,50
375,211,25,48
362,210,28,50
349,214,27,48
335,217,28,47
322,220,24,44
306,225,26,43
284,228,27,47
273,230,28,46
259,232,29,47
244,234,34,45
234,235,30,41
225,237,31,41
217,241,34,37
214,244,39,31
214,244,41,27
218,243,39,29
224,240,36,33
231,241,35,34
236,244,35,33
245,249,33,31
253,253,33,27
263,254,34,27
277,256,34,29
287,258,31,34
287,258,31,34
287,258,31,34
287,258,31,34
287,258,31,34
287,258,31,34
287,258,31,34
287,258,31,34
287,258,31,34
287,258,31,34
287,258,31,34
287,258,31,34
287,258,31,34
287,258,31,34
287,258,31,34
287,258,31,34
287,258,31,34
287,258,31,34
287,258,31,34
287,258,31,34
287,258,31,34
287,258,31,34
287,258,31,34
287,258,31,34
287,258,31,34
287,258,31,34
287,258,31,34
287,258,31,34
287,258,31,34
287,258,31,34
287,258,31,34
287,258,31,34
287,258,31,34
287,258,31,34
281,268,33,34
272,256,25,29
265,249,23,32
255,241,26,37
252,230,25,37
249,225,23,33
246,213,20,28
244,208,21,26
240,200,25,30
237,196,28,30
237,192,31,32
238,190,33,33
239,188,37,35
240,188,42,38
244,190,46,40
250,193,48,44
257,199,47,42
268,203,47,40
278,204,42,43
288,207,45,43
313,211,33,43
324,212,36,42
353,212,33,44
375,215,25,43
389,214,29,44
402,214,36,47
416,212,41,48
426,211,48,45
436,210,53,46
445,210,54,44
454,211,54,41
459,211,51,39
463,214,50,36
468,216,47,35
467,218,44,35
467,217,42,38
464,217,39,40
465,215,37,41
459,215,34,43
452,219,32,42
443,224,29,40
431,228,31,37
420,231,29,35
407,233,28,34
397,238,26,30
382,237,22,30
374,235,19,30
358,231,22,31
349,226,20,30
337,222,18,27
322,215,16,28
313,183,16,29
304,198,14,27
295,194,15,29
283,192,16,26
274,191,17,26
261,189,23,26
251,185,25,29
241,188,27,26
232,187,29,27
224,190,32,29
219,194,34,31
215,196,38,36
212,202,42,36
211,209,45,39
213,219,46,36
217,229,49,36
228,234,53,42
239,239,57,41
259,244,55,43
278,249,50,49
308,259,45,48
334,264,38,48
362,267,33,49
387,268,38,51
415,268,39,46
434,266,38,48
446,265,44,46
461,263,48,45
472,263,55,45
478,262,60,44
484,263,60,42
489,263,57,42
490,264,55,42
492,263,52,44
490,266,47,42
485,266,46,42
481,268,41,40
474,269,35,39
467,271,34,36
458,274,28,32
440,277,30,28
440,277,30,28
440,277,30,28
440,277,30,28
440,277,30,28
440,277,30,28
440,277,30,28
440,277,30,28
440,277,30,28
440,277,30,28
440,277,30,28
440,277,30,28
440,277,30,28
440,277,30,28
440,277,30,28
440,277,30,28
440,277,30,28
440,277,30,28
440,277,30,28
440,277,30,28
440,277,30,28
440,277,30,28
440,277,30,28
440,277,30,28
440,277,30,28
440,277,30,28
440,277,30,28
440,277,30,28
440,277,30,28
440,277,30,28
440,277,30,28
440,277,30,28
440,277,30,28
383,286,30,29
365,285,34,34
395,283,30,43
421,281,27,43
437,279,33,47
443,275,42,50
452,272,46,52
459,271,51,52
462,270,57,52
463,270,59,48
463,268,55,48
464,269,52,44
463,270,46,41
462,268,43,41
457,268,41,39
450,270,39,37
441,270,40,37
435,272,36,35
428,273,28,36
428,273,28,36
428,273,28,36
428,273,28,36
428,273,28,36
428,273,28,36
428,273,28,36
428,273,28,36
428,273,28,36
428,273,28,36
428,273,28,36
428,273,28,36
428,273,28,36
428,273,28,36
428,273,28,36
428,273,28,36
428,273,28,36
428,273,28,36
428,273,28,36
428,273,28,36
428,273,28,36
428,273,28,36
428,273,28,36
428,273,28,36
428,273,28,36
428,273,28,36
428,273,28,36
428,273,28,36
428,273,28,36
428,273,28,36
428,273,28,36
428,273,28,36
428,273,28,36
428,273,28,36
428,273,28,36
365,290,28,44
380,296,32,48
407,291,30,53
428,295,35,56
445,290,40,61
457,292,40,58
465,294,48,57
471,293,54,57
475,297,59,51
478,297,56,52
479,298,54,48
475,300,54,43
471,298,54,42
463,300,53,38
455,297,50,40
447,295,46,38
440,294,43,38
436,289,38,40
425,293,39,38
425,293,39,38
425,293,39,38
425,293,39,38
425,293,39,38
425,293,39,38
425,293,39,38
425,293,39,38
425,293,39,38
425,293,39,38
425,293,39,38
425,293,39,38
425,293,39,38
425,293,39,38
425,293,39,38
425,293,39,38
425,293,39,38
425,293,39,38
425,293,39,38
425,293,39,38
425,293,39,38
425,293,39,38
425,293,39,38
425,293,39,38
425,293,39,38
425,293,39,38
425,293,39,38
425,293,39,38
425,293,39,38
425,293,39,38
425,293,39,38
425,293,39,38
425,293,39,38
342,288,33,43
353,287,33,51
378,285,27,48
394,282,34,49
411,277,32,50
424,274,35,53
434,276,39,50
432,275,52,50
435,273,50,49
437,275,44,45
439,277,41,44
439,275,45,47
440,273,45,49
436,275,44,49
435,273,39,49
427,276,34,44
427,276,34,44
427,276,34,44
427,276,34,44
427,276,34,44
427,276,34,44
427,276,34,44
427,276,34,44
427,276,34,44
427,276,34,44
427,276,34,44
427,276,34,44
427,276,34,44
427,276,34,44
427,276,34,44
427,276,34,44
427,276,34,44
427,276,34,44
427,276,34,44
427,276,34,44
427,276,34,44
427,276,34,44
427,276,34,44
427,276,34,44
427,276,34,44
427,276,34,44
427,276,34,44
427,276,34,44
427,276,34,44
427,276,34,44
427,276,34,44
427,276,34,44
427,276,34,44
427,276,34,44
338,275,36,49
347,272,45,52
342,269,55,55
366,267,54,58
384,263,56,57
406,260,53,56
429,258,42,57
449,254,34,57
439,249,38,52
437,245,42,45
421,251,45,37
437,252,36,34
425,254,41,33
414,257,41,30
401,260,38,25
401,260,38,25
401,260,38,25
401,260,38,25
401,260,38,25
401,260,38,25
401,260,38,25
401,260,38,25
401,260,38,25
401,260,38,25
401,260,38,25
401,260,38,25
401,260,38,25
401,260,38,25
401,260,38,25
401,260,38,25
401,260,38,25
401,260,38,25
401,260,38,25
401,260,38,25
401,260,38,25
401,260,38,25
401,260,38,25
401,260,38,25
401,260,38,25
401,260,38,25
401,260,38,25
401,260,38,25
401,260,38,25
401,260,38,25
401,260,38,25
401,260,38,25
364,310,34,35
387,307,37,38
417,303,36,44
427,305,45,44
442,297,48,47
449,290,53,53
464,284,47,53
481,281,38,46
492,274,34,47
504,264,29,49
507,252,31,50
505,242,36,49
500,234,41,46
497,227,45,41
491,221,45,39
485,216,46,37
477,210,46,37
469,205,45,34
460,198,42,35
451,195,39,35
442,190,35,37
434,192,31,37
427,190,24,40
417,191,20,39
407,190,18,37
395,189,21,36
381,188,27,32
369,185,33,33
358,179,39,36
349,172,42,39
340,166,46,39
337,161,44,37
336,153,40,37
334,145,39,37
335,137,38,33
336,132,39,31
336,128,42,28
338,127,41,27
343,126,36,30
352,126,26,33
358,124,28,36
362,123,33,39
368,125,40,38
372,129,47,37
378,137,51,35
383,144,55,37
388,147,56,43
392,148,53,49
395,149,52,50
395,154,51,49
400,160,41,49
400,167,37,45
396,176,36,38
392,179,31,39
387,178,27,42
379,176,24,42
370,176,20,40
361,176,23,41
353,177,23,42
345,182,22,38
333,184,17,36
326,187,21,35
312,186,16,38
305,188,16,37
296,195,19,36
286,200,22,35
279,202,24,34
273,206,23,30
271,207,23,28
262,208,21,28
258,207,20,30
253,202,20,34
248,199,21,36
242,198,23,34
238,199,25,31
234,198,30,30
235,196,30,30
236,192,31,30
238,189,33,31
243,185,32,34
246,181,36,37
248,180,41,37
255,180,42,37
262,179,43,41
271,179,43,42
280,179,43,46
289,181,43,47
298,182,47,48
307,182,48,49
318,182,46,48
329,182,45,45
338,181,45,43
343,178,45,44
352,176,42,43
359,172,37,47
364,174,32,44
368,172,29,47
368,174,27,49
367,178,27,48
364,183,28,44
360,188,26,41
355,193,23,40
348,196,22,40
338,202,18,39
333,203,15,43
321,209,18,44
313,218,18,42
305,226,15,43
296,246,19,44
286,240,23,44
278,238,23,44
273,236,22,42
272,229,19,42
268,222,21,45
267,217,18,42
265,210,17,43
263,204,20,42
262,193,23,42
261,182,27,43
261,175,28,43
264,169,27,43
266,168,26,44
268,167,27,46
268,170,29,48
270,174,30,48
272,176,30,45
276,174,32,46
280,171,34,46
282,172,35,45
284,174,40,50
291,185,40,46
294,192,42,48
300,199,41,47
305,201,43,50
312,203,42,51
321,203,38,51
329,204,38,51
335,206,41,52
340,212,42,48
347,215,42,47
351,216,42,48
358,219,42,47
363,220,45,46
366,220,43,50
370,223,46,49
371,226,49,49
374,227,48,52
372,226,48,51
369,224,45,52
368,221,45,49
364,217,44,48
357,216,44,47
351,215,41,45
343,215,41,42
334,213,41,43
325,212,41,45
315,211,38,50
304,208,40,52
297,208,37,53
287,206,34,53
280,204,35,55
273,208,33,51
266,209,32,51
260,208,30,51
253,208,29,47
251,207,30,47
249,207,28,47
248,211,24,45
248,214,22,45
246,215,25,49
246,218,31,48
246,222,34,49
251,226,32,45
256,228,34,48
267,232,31,48
274,239,26,43
280,243,27,41
298,247,27,42
309,249,24,45
313,261,28,43
341,248,26,41
358,251,22,39
361,267,23,39
377,265,25,46
385,257,31,53
397,256,34,54
414,254,27,57
420,254,28,52
430,253,27,53
432,252,27,54
435,252,27,52
436,250,29,56
438,251,31,56
441,251,31,56
440,252,33,58
439,253,32,60
436,253,32,62
429,257,34,60
421,259,36,58
413,262,38,57
398,268,40,54
385,271,45,53
375,270,48,54
353,270,53,55
339,272,55,53
319,269,61,58
314,266,51,66
303,265,50,57
292,266,46,49
279,265,46,48
267,262,47,45
256,259,47,43
245,258,47,38
240,256,44,37
234,253,45,35
231,251,44,33
227,248,45,34
226,247,46,35
224,245,47,36
224,244,48,38
228,243,46,39
232,245,45,40
235,248,47,41
242,252,47,44
250,257,46,41
260,262,47,42
272,264,44,43
284,268,49,41
295,268,54,46
310,266,51,52
317,266,58,59
331,267,62,57
358,269,52,55
374,270,54,53
392,269,45,54
406,265,38,57
425,262,31,51
437,258,27,58
442,256,32,54
452,253,31,54
457,251,34,53
460,250,37,54
462,247,37,55
461,246,39,56
460,248,39,56
456,249,36,57
450,251,38,56
442,256,38,56
434,258,35,53
423,263,33,50
412,269,30,47
412,269,30,47
412,269,30,47
412,269,30,47
346,277,36,44
327,275,38,50
310,273,40,48
305,268,30,49
294,266,22,44
286,266,25,40
270,259,26,43
259,252,25,45
249,248,27,43
243,244,29,42
234,240,29,40
231,236,28,42
229,231,29,44
227,231,30,42
227,230,29,41
231,228,27,44
235,230,25,43
236,229,28,45
247,230,26,45
252,228,31,47
267,228,26,44
278,225,28,45
282,225,39,46
309,225,28,46
320,228,32,42
341,228,29,40
364,228,23,40
380,225,26,42
397,220,30,48
416,210,34,51
428,199,35,52
444,188,34,52
453,179,37,48
459,168,43,45
467,154,42,46
470,141,48,45
472,133,52,45
473,132,53,40
474,130,50,42
471,133,48,44
466,133,45,49
458,143,45,46
443,148,44,49
431,157,43,48
411,165,46,47
393,170,46,52
378,176,40,51
362,185,35,52
348,193,29,53
332,209,28,50
322,221,22,46
306,229,24,42
291,229,23,44
280,229,27,45
270,233,24,46
267,231,22,47
257,233,27,42
256,233,27,43
253,232,26,41
249,228,29,43
246,227,29,45
247,226,26,46
248,227,25,44
249,229,25,45
248,230,30,46
253,233,28,44
256,237,30,42
269,237,23,42
273,241,25,40
279,239,28,43
287,242,30,44
301,243,29,45
319,234,24,42
331,241,24,47
347,236,24,50
363,234,22,50
376,233,23,49
389,231,28,50
401,229,31,48
412,225,32,53
421,223,34,54
428,221,35,55
433,218,37,57
437,217,37,56
437,217,38,54
435,221,38,54
434,226,40,54
432,239,41,53
431,250,42,58
427,267,43,59
422,278,42,62
417,286,39,66
403,294,41,60
389,302,43,54
376,306,46,49
358,309,51,47
342,308,54,47
327,304,53,50
313,303,52,53
302,304,48,52
292,302,45,49
278,301,46,51
263,300,49,52
253,297,53,55
243,293,48,47
234,287,48,50
228,285,48,46
223,285,48,42
220,282,47,37
220,277,45,37
219,268,48,41
221,262,48,42
222,261,49,41
225,260,46,45
226,263,46,47
229,268,45,46
233,276,45,43
237,281,47,42
244,283,48,44
260,283,39,49
266,292,41,48
282,286,42,57
291,292,47,53
306,295,47,56
315,300,52,54
334,302,48,53
348,300,47,55
366,299,42,56
381,298,38,56
395,295,34,55
405,290,31,58
414,282,29,58
419,281,29,52
423,267,29,54
424,257,29,55
421,245,31,59
418,237,34,59
415,229,34,56
410,226,33,55
406,225,34,54
401,226,35,55
395,226,32,53
389,229,25,49
382,228,21,51
372,233,22,52
364,235,22,50
351,237,24,47
340,246,27,47
328,258,29,43
312,275,35,42
306,279,29,42
302,291,22,42
296,298,25,45
293,288,25,52
290,286,25,51
288,283,22,54
287,281,22,54
287,276,22,50
287,269,23,51
287,265,26,50
287,259,28,53
287,256,31,51
290,253,29,52
294,252,30,53
295,253,31,52
298,254,32,53
303,257,31,52
307,259,31,54
308,264,36,52
310,266,41,56
314,268,44,56
319,268,44,53
326,270,43,56
330,271,46,54
332,270,48,57
338,271,48,61
344,275,44,55
345,274,47,58
347,273,46,64
346,273,48,62
347,272,48,66
349,271,47,68
349,272,47,68
349,275,44,64
348,277,42,65
347,277,41,65
343,275,41,69
338,275,41,70
332,276,41,69
326,275,42,73
320,275,39,73
311,274,45,77
306,273,43,80
301,275,43,76
294,277,43,70
290,277,40,69
281,279,39,64
275,280,42,59
270,280,42,58
268,279,39,61
266,276,39,57
266,275,32,55
266,273,30,57
267,271,28,58
268,270,28,60
270,272,25,54
274,273,24,55
278,271,23,56
281,273,26,51
287,272,23,51
291,270,22,51
296,267,22,51
301,267,19,51
305,266,21,50
309,264,22,51
311,266,24,51
314,264,24,53
313,267,30,52
322,267,25,58
324,272,27,57
330,277,23,56
334,277,22,60
336,278,22,60
339,279,22,65
341,283,22,63
344,288,22,62
346,290,21,61
347,294,22,61
348,298,21,58
349,303,22,53
348,306,24,49
349,310,23,46
349,306,24,48
347,303,25,52
346,299,25,55
345,292,24,61
344,288,25,67
340,285,28,70
337,281,29,73
336,277,28,79
335,277,25,79
332,275,30,81
330,278,27,77
327,279,28,76
327,281,27,73
325,283,28,74
326,286,25,69
327,286,22,70
327,289,21,66
326,290,19,63
327,289,19,63
325,289,18,62
326,287,17,63
326,278,18,65
322,270,21,64
320,265,23,58
326,257,19,55
328,246,16,53
329,240,16,49
330,233,14,51
330,227,15,51
331,224,14,47
331,224,13,46
331,224,15,43
332,224,14,44
331,229,15,44
330,233,15,46
331,238,14,48
330,244,15,49
330,255,15,49
329,264,15,50
327,269,18,56
327,275,20,59
328,282,20,62
327,286,23,65
328,285,24,70
327,287,27,67
327,286,32,70
327,284,37,70
325,277,44,76
325,270,49,86
329,263,49,91
332,244,55,99
335,233,59,101
334,221,67,96
336,213,71,92
335,208,77,92
338,206,79,92
339,208,78,89
339,214,80,89
339,222,79,92
337,233,83,97
332,243,95,105
323,256,100,99
318,267,100,93
313,269,98,87
315,269,85,91
315,278,81,81
309,279,79,77
311,283,68,73
307,284,68,74
306,284,67,73
306,280,65,76
305,275,61,78
301,269,61,78
302,266,57,76
296,255,61,68
296,260,56,58
295,257,55,53
294,256,56,50
295,254,53,48
294,254,54,47
295,256,51,48
295,260,50,46
297,262,47,47
299,266,45,46
302,268,41,48
304,274,40,47
307,275,39,51
308,280,38,54
311,279,35,63
316,281,31,67
321,283,29,66
328,282,26,69
331,281,26,71
341,275,21,75
344,266,23,76
351,256,24,82
356,242,27,87
360,231,30,87
362,223,37,85
364,213,43,85
364,205,48,86
364,199,56,85
364,199,61,86
361,199,66,86
362,202,68,88
361,210,69,88
358,219,71,87
354,230,74,86
344,240,83,98
337,250,92,105
330,260,89,94
318,266,95,86
311,267,98,87
309,268,81,87
308,267,73,87
305,267,69,86
299,269,66,80
299,267,57,73
302,266,48,61
298,263,47,51
298,258,46,48
297,252,43,46
299,246,37,47
301,238,33,47
301,236,29,46
304,235,24,45
307,238,19,41
307,235,18,45
310,235,17,47
310,237,18,48
311,235,20,50
312,235,22,55
313,234,27,57
315,234,29,59
315,235,36,60
319,235,40,61
318,234,50,64
320,234,59,65
323,229,62,62
329,219,66,56
331,205,68,61
335,194,70,55
336,178,72,61
334,165,73,54
338,154,72,52
340,141,71,54
338,133,72,50
338,125,69,49
340,123,62,49
338,122,59,52
338,124,57,53
337,128,53,56
338,133,50,56
337,141,45,55
339,148,40,54
337,154,40,52
338,159,37,51
338,164,36,49
340,169,33,47
339,174,35,47
341,185,33,42
342,188,32,40
343,190,32,38
344,191,31,37
346,192,29,35
348,191,28,34
349,188,28,35
350,186,28,33
351,184,27,34
352,182,26,35
351,180,28,37
353,182,27,35
352,181,27,35
352,181,27,35
351,184,28,36
350,187,28,36
349,189,29,38
347,189,30,39
347,189,30,41
345,190,30,42
343,190,32,42
341,189,33,44
339,187,37,44
338,185,36,45
335,184,38,45
335,181,39,46
332,180,40,46
330,178,42,47
327,178,45,48
328,175,45,49
326,175,45,50
326,174,46,51
324,172,48,51
321,171,50,53
319,171,52,52
319,171,53,52
316,170,54,51
317,169,55,51
315,169,56,50
315,169,56,49
314,170,58,51
314,171,58,52
315,173,57,54
318,177,52,52
318,181,50,52
320,185,51,50
324,186,48,50
324,190,46,49
325,193,42,50
327,196,42,49
329,202,39,47
328,204,37,48
330,209,34,47
333,209,31,47
332,210,28,48
334,209,25,46
335,207,23,48
336,207,20,45
336,205,17,44
336,203,16,44
336,199,15,46
335,197,13,46
333,194,14,46
332,193,14,45
330,189,14,44
327,185,16,46
325,183,17,44
322,176,19,46
317,173,24,46
315,170,25,45
312,165,27,45
308,160,32,46
306,158,33,43
304,154,35,42
302,149,37,40
299,145,39,40
297,138,42,42
295,134,42,41
295,126,44,44
294,120,46,44
294,115,47,44
293,110,51,43
296,108,48,40
295,104,52,38
297,98,53,41
296,95,57,43
301,96,53,41
304,91,51,42
307,89,51,43
310,88,50,45
314,88,48,47
315,87,48,48
319,89,45,47
319,90,48,47
323,92,47,46
323,91,47,48
325,91,47,48
326,95,46,46
328,97,45,47
328,101,44,47
330,105,43,47
330,109,41,47
325,136,31,46
327,143,25,44
326,145,22,46
325,146,21,46
324,146,18,48
323,148,18,48
319,150,20,47
317,150,19,50
316,149,20,51
316,153,18,51
315,156,20,51
314,158,20,51
313,159,22,51
313,162,23,49
312,163,25,50
312,165,27,50
312,164,28,52
310,167,31,52
311,168,33,52
310,168,35,52
310,170,38,53
311,172,39,52
311,175,41,51
312,179,44,49
313,182,46,51
313,184,46,49
315,188,45,49
315,191,47,50
317,193,48,49
319,198,49,46
319,200,48,48
319,202,50,49
319,203,52,49
318,206,51,50
322,208,49,48
320,210,49,47
319,212,49,46
319,214,50,47
320,214,48,50
320,217,48,47
321,217,47,51
319,218,47,49
321,219,43,48
319,218,42,50
320,220,43,49
319,219,42,52
318,221,39,50
318,225,40,50
318,226,36,49
318,231,34,49
317,235,33,50
317,235,32,52
315,238,30,55
315,240,27,51
313,242,27,54
313,242,26,56
312,243,25,56
313,246,22,53
312,247,21,56
313,250,19,53
314,255,17,52
313,254,18,51
313,254,20,53
313,255,21,53
311,256,24,52
311,256,26,54
312,256,26,55
311,257,29,56
311,260,31,56
310,266,35,52
311,266,38,57
311,265,38,58
311,267,41,59
311,267,43,61
311,268,47,62
310,272,49,61
314,274,48,57
314,275,50,58
312,272,52,61
313,269,55,65
311,267,60,73
310,266,63,82
310,267,64,85
309,267,69,87
309,267,69,88
311,267,69,89
313,267,67,91
309,267,71,89
309,266,72,90
309,265,75,91
307,268,82,89
309,268,95,90
312,268,115,87
304,268,136,95
303,267,140,92
302,266,140,91
298,270,145,89
300,264,142,89
303,271,137,88
303,265,137,92
300,270,140,88
304,266,136,90
301,269,143,90
301,266,144,89
298,270,148,91
301,267,143,88
304,269,138,90
306,263,136,93
300,268,146,95
306,261,138,91
296,269,148,88
300,267,146,92
299,263,146,94
298,271,150,93
306,267,136,93
302,263,142,95
301,267,142,94
303,264,141,92
303,270,138,87
288,268,159,89
300,268,144,91
291,266,153,91
296,269,151,92
300,263,143,93
297,268,149,89
304,262,138,89
294,269,140,89
301,267,140,88
301,268,138,89
300,268,139,89
298,269,145,86
301,267,138,87
300,269,140,86
299,269,143,89
300,268,142,88
302,268,132,87
302,267,134,88
306,270,126,86
304,268,131,86
301,266,135,89
301,267,139,86
300,265,140,87
304,268,134,88
308,269,128,89
303,263,131,89
304,270,131,90
303,268,134,88
298,270,141,86
306,269,129,87
301,266,138,93
304,267,138,89
304,266,131,87
302,267,136,85
305,268,132,89
303,265,134,91
302,268,141,89
303,265,137,89
299,268,143,87
299,266,143,88
304,267,135,90
302,265,139,88
302,269,140,88
302,264,141,88
300,268,144,89
303,261,140,92
299,268,147,88
307,264,136,91
306,265,136,91
307,264,136,92
305,262,135,90
306,271,138,93
304,262,139,92
302,269,143,93
308,262,137,91
303,266,138,93
309,261,134,94
307,268,135,86
302,268,140,93
303,267,142,86
299,269,146,90
301,265,143,86
302,269,142,87
301,265,142,86
300,269,143,87
300,269,146,86
304,269,136,86
304,268,135,85
302,264,139,87
303,270,132,89
299,267,142,87
298,269,145,91
301,266,142,89
305,271,133,86
304,268,135,87
296,269,147,88
303,266,135,87
302,269,139,88
305,265,130,88
299,266,140,88
303,269,134,89
301,263,135,88
305,268,123,87
304,266,126,91
304,266,130,89
303,267,132,90
301,267,140,86
303,263,131,95
304,266,127,89
301,268,133,88
301,265,136,90
299,264,139,89
301,268,139,87
299,268,142,85
300,265,137,91
299,267,141,92
300,265,138,89
299,268,140,88
297,267,146,92
297,262,147,93
295,260,149,96
299,261,143,96
298,261,147,97
308,262,137,95
303,270,139,93
302,264,142,96
303,268,137,93
232,182,129,80
260,180,107,67
286,177,91,70
285,173,87,65
277,164,75,62
290,165,61,59
305,165,45,58
309,168,38,58
322,171,27,56
327,173,23,55
331,177,22,53
333,179,22,53
336,179,25,54
338,180,28,55
348,182,25,56
353,183,27,58
364,185,24,58
372,186,25,60
382,190,25,59
391,189,28,61
401,188,28,63
408,190,34,62
419,187,33,66
427,191,36,64
434,193,37,62
439,193,40,64
444,193,42,63
443,194,41,62
443,194,45,60
439,195,46,58
432,197,47,56
425,202,51,52
418,203,51,54
409,206,50,53
397,211,52,51
385,215,51,53
373,220,51,51
358,223,51,50
340,226,57,51
325,229,57,51
309,228,59,52
292,228,55,51
278,223,44,51
264,220,44,51
251,216,47,55
242,214,44,52
231,208,48,52
223,204,43,54
217,202,42,50
210,202,43,54
208,199,44,51
206,199,42,51
208,200,42,51
209,203,42,51
213,206,42,51
219,209,40,56
225,216,42,53
234,221,44,55
240,226,51,53
254,232,54,51
261,234,54,53
276,237,44,49
284,238,43,56
303,243,46,55
316,246,54,57
340,246,56,57
365,247,52,50
383,244,56,52
402,241,51,54
425,238,42,54
438,231,46,54
451,228,44,53
460,221,46,52
467,218,46,49
472,214,47,50
477,212,46,51
477,210,47,52
465,218,45,54
457,224,45,59
447,231,39,59
434,237,36,59
419,244,36,56
402,247,29,56
380,253,28,53
360,237,22,47
360,237,22,47
314,267,23,49
303,265,19,44
303,265,19,44
262,256,22,46
250,254,26,46
235,249,30,42
227,243,28,38
218,238,32,38
216,231,32,38
215,227,31,39
217,223,30,38
218,222,31,36
222,222,30,35
228,223,28,33
236,225,28,32
245,230,24,28
252,230,26,29
262,237,24,25
277,240,19,22
284,244,20,23
284,244,20,23
317,244,16,21
317,244,16,21
346,249,17,17
357,249,14,15
371,251,13,15
382,252,14,16
392,252,16,18
403,253,17,18
416,252,16,19
424,256,19,22
429,252,21,28
432,248,25,32
434,245,27,35
435,242,27,40
432,241,29,43
431,241,28,44
427,242,28,48
423,241,30,51
413,243,39,47
403,246,48,40
389,247,52,41
379,248,55,43
370,251,65,36
353,251,66,36
332,251,53,39
314,249,50,49
302,245,50,49
287,241,45,52
276,237,40,47
266,238,30,42
255,229,28,43
243,218,34,46
233,213,39,46
227,207,39,46
225,204,34,46
227,202,26,43
227,202,25,36
225,204,29,31
225,205,33,27
228,204,35,27
234,206,38,30
242,210,36,29
248,214,36,29
257,219,34,28
269,219,31,31
282,220,27,33
293,229,24,37
310,237,28,31
324,239,30,27
336,244,32,26
353,248,31,21
370,249,28,23
385,249,26,22
399,249,25,22
411,246,23,25
429,244,20,31
435,234,24,37
441,224,29,39
444,213,36,43
450,206,36,44
454,201,36,44
457,195,32,45
460,191,28,47
462,186,24,50
458,184,28,51
452,183,34,52
439,188,44,45
425,190,54,40
413,190,53,39
401,188,54,40
389,189,53,41
380,187,47,44
371,186,38,47
361,187,41,46
353,186,32,50
350,185,31,50
342,186,29,48
328,186,32,47
313,185,36,48
295,183,43,45
279,180,48,45
269,178,47,41
260,175,44,40
255,175,39,35
255,167,33,37
255,165,30,35
255,161,28,37
254,157,29,40
253,156,32,42
254,155,35,45
256,157,39,47
260,160,39,51
264,171,38,48
269,182,36,49
276,191,33,49
284,197,32,49
296,203,23,50
305,212,20,48
316,224,19,43
326,232,17,47
334,243,21,45
345,244,24,50
353,248,28,51
363,255,32,49
369,256,38,56
381,259,41,55
380,258,52,58
389,258,50,59
394,257,51,57
406,256,48,52
412,252,42,56
419,249,36,54
421,247,32,60
425,243,30,61
426,240,28,61
421,232,32,62
415,223,35,60
407,219,40,55
395,209,48,59
385,202,54,58
374,198,59,57
363,191,61,57
356,187,58,57
343,187,59,55
338,183,51,49
329,180,47,47
321,176,40,46
310,168,40,48
304,167,34,43
299,158,27,46
290,145,28,50
284,140,30,51
277,137,36,47
272,135,41,42
270,131,43,40
267,128,48,34
270,125,47,33
271,121,48,35
276,118,45,37
281,118,42,36
286,117,37,39
290,120,41,39
300,122,37,41
308,126,31,43
317,129,26,42
330,136,22,40
340,140,16,39
349,141,16,41
357,141,17,44
365,143,17,45
371,146,19,44
376,146,23,43
378,149,29,42
381,153,34,37
383,155,36,37
385,156,38,37
386,157,40,38
385,159,42,39
385,163,41,39
384,168,41,36
383,173,39,34
381,177,37,34
376,180,34,34
374,182,29,36
369,183,25,37
363,182,23,39
357,182,20,40
348,179,23,41
341,181,19,38
331,182,20,34
327,174,19,38
316,171,24,42
306,176,25,40
295,182,29,41
286,189,31,42
281,191,33,43
279,195,36,35
277,193,40,36
280,192,37,36
283,193,40,36
291,192,42,35
299,191,41,36
308,189,43,35
319,187,44,35
330,187,45,34
339,187,46,30
354,186,43,31
365,184,43,33
373,180,44,37
383,177,42,39
391,174,42,39
398,174,38,38
404,172,34,37
406,169,33,36
406,165,31,34
406,164,30,34
404,160,28,33
403,159,29,33
396,154,31,33
390,151,33,30
383,147,32,30
377,144,29,29
371,142,29,28
365,140,27,26
361,139,30,22
359,132,32,26
362,128,30,31
365,130,31,25
365,130,31,25
374,137,31,22
376,145,34,20
374,150,37,15
374,150,37,15
374,150,37,15
369,157,42,19
367,162,43,17
367,162,43,17
367,162,43,17
367,162,43,17
367,162,43,17
367,162,43,17
367,162,43,17
351,136,39,19
355,129,33,22
357,126,28,24
356,126,25,20
353,129,22,20
344,129,25,25
343,130,28,27
345,128,31,28
354,124,31,31
363,118,32,35
376,118,28,37
383,125,26,35
382,136,32,34
377,138,28,33
369,137,27,35
363,130,32,42
364,129,36,42
364,130,38,39
363,128,38,40
363,123,40,41
365,120,38,41
368,115,35,42
371,111,33,40
376,108,34,39
381,101,32,39
388,95,28,39
394,90,27,39
396,87,25,40
396,86,22,40
395,85,20,39
391,84,22,38
388,83,24,37
387,81,25,36
387,78,25,37
387,74,25,38
385,71,23,39
380,69,25,39
371,69,29,36
363,70,32,33
356,76,37,34
351,84,36,28
345,84,37,32
334,89,45,40
330,99,44,48
327,111,40,53
327,133,29,49
319,158,25,48
313,191,26,44
311,224,24,41
312,228,27,41
318,215,26,47
325,199,35,46
333,190,39,39
333,178,44,33
340,174,42,31
348,166,40,39
353,160,42,46
359,159,41,48
380,172,40,43
380,176,39,38
374,181,43,36
372,186,45,32
371,190,41,35
367,194,40,41
364,195,38,45
360,195,36,44
355,192,37,46
349,193,40,45
343,193,41,46
337,194,41,47
334,196,39,45
331,197,39,42
328,197,35,40
328,196,29,39
327,198,24,38
324,200,25,40
322,201,25,43
320,203,25,46
316,203,32,48
313,205,39,49
310,208,46,47
310,208,49,45
312,211,47,41
313,212,49,39
320,214,41,37
329,213,34,35
334,212,32,34
338,213,27,34
344,212,22,35
349,212,18,35
356,210,16,37
360,207,17,41
361,207,23,42
362,205,29,42
363,205,34,41
367,203,36,41
369,204,37,42
373,204,35,38
376,202,32,40
381,202,28,36
387,200,21,34
391,198,16,33
393,194,15,33
397,191,14,32
396,190,18,31
395,190,22,29
393,185,27,32
392,185,31,29
391,184,31,29
390,183,33,29
390,184,29,29
390,184,26,31
391,185,22,33
393,191,15,32
392,195,13,34
389,198,13,37
384,202,17,36
377,204,23,39
370,208,29,39
362,210,35,43
355,212,39,42
347,211,42,45
341,209,44,43
336,205,41,45
332,199,37,47
325,195,31,47
323,185,25,49
315,176,25,49
307,167,31,48
301,155,36,48
294,147,43,43
289,139,49,39
285,136,56,33
284,135,57,31
284,131,56,38
287,130,48,44
291,131,42,49
300,139,34,51
304,149,30,51
307,163,30,48
311,183,32,41
315,190,36,48
320,201,40,47
323,209,43,47
328,217,42,47
336,222,39,42
337,223,41,37
350,220,31,35
355,218,29,36
359,216,27,38
366,218,22,37
371,220,22,38
374,221,22,36
381,221,18,31
387,217,17,28
389,213,18,27
393,209,19,26
397,206,18,26
401,206,16,25
406,206,13,24
408,205,13,25
411,202,11,27
413,199,10,30
413,197,11,31
413,196,14,32
411,196,17,31
411,197,17,28
411,195,15,28
410,195,13,28
407,194,15,29
403,194,17,29
399,194,20,34
395,194,22,39
390,192,26,42
386,189,27,44
380,182,31,45
375,178,35,44
370,172,39,46
366,166,44,49
357,161,53,47
352,154,55,45
346,147,59,46
339,143,61,46
335,142,60,36
332,142,58,32
328,142,52,30
323,143,52,33
319,144,49,39
316,148,44,46
312,156,41,49
309,165,39,47
306,173,42,47
306,181,43,50
310,187,36,55
315,197,31,53
328,202,20,52
334,203,21,56
340,204,27,55
350,201,30,54
362,200,32,53
374,198,34,55
383,198,42,57
396,198,47,57
408,200,53,57
419,202,60,56
437,206,58,52
457,207,53,50
473,210,51,48
474,210,51,49
485,211,52,49
490,211,49,50
505,209,46,53
518,206,41,58
528,202,39,59
527,200,44,59
525,200,50,54
520,198,53,50
511,191,52,52
503,185,49,57
495,178,45,64
484,174,36,68
466,173,35,66
442,168,43,66
419,164,46,65
397,159,48,63
377,153,48,61
358,146,49,60
339,140,51,59
322,140,54,47
308,139,51,46
296,141,48,40
284,140,48,39
278,137,45,43
273,139,46,39
269,140,47,39
268,140,48,41
270,141,49,40
271,142,48,40
277,145,47,40
285,148,47,40
292,154,50,39
301,163,49,40
308,172,48,43
319,186,45,45
332,198,41,48
347,207,36,52
361,213,31,54
374,219,29,52
389,222,25,50
401,223,24,48
415,224,23,47
426,227,23,48
438,231,25,55
445,233,32,58
450,235,38,60
454,234,41,60
456,231,44,59
454,228,45,62
451,225,47,62
445,223,52,63
439,224,55,61
430,224,58,60
420,222,59,61
409,221,59,59
399,221,57,58
383,220,60,56
372,219,60,55
357,215,57,54
344,210,53,57
331,206,53,56
319,202,51,53
307,196,49,52
298,189,49,55
290,184,46,53
282,176,44,53
278,168,42,53
274,163,42,48
272,157,41,49
272,154,38,45
271,154,36,44
272,156,32,42
272,160,33,41
274,162,30,43
276,164,29,44
281,166,27,47
288,170,24,49
297,176,19,49
300,182,20,50
306,197,20,44
316,207,21,43
323,219,21,40
334,229,19,35
346,236,19,35
353,242,23,37
364,245,24,38
374,246,30,34
381,244,34,39
386,252,42,42
397,244,43,47
403,238,50,54
409,233,53,57
416,227,54,59
420,223,55,57
425,216,54,58
429,208,50,58
430,204,50,56
429,194,52,58
426,188,50,55
422,180,49,56
415,173,48,56
406,165,51,55
396,163,50,50
386,158,49,49
375,153,50,46
364,149,45,43
355,143,41,46
342,139,41,45
333,134,41,46
326,130,34,45
315,127,36,43
307,128,35,38
301,127,35,37
297,126,33,38
294,122,29,43
292,127,27,43
286,134,31,43
283,143,31,44
281,152,29,49
282,165,27,52
282,174,27,55
284,185,25,50
285,186,25,54
288,197,24,50
292,208,24,51
292,221,29,48
303,232,25,51
310,239,26,53
318,246,30,49
329,250,28,46
338,250,34,50
352,249,32,49
362,250,33,52
374,249,37,53
383,248,42,58
394,246,43,52
403,243,41,55
411,237,43,57
416,235,45,53
423,228,46,52
426,222,45,50
429,213,46,53
429,205,46,55
426,195,47,56
423,189,48,54
418,182,50,54
411,179,48,49
407,174,44,47
397,169,44,46
386,165,45,44
376,158,44,45
366,151,41,45
356,147,39,47
345,142,36,45
335,140,33,45
327,138,27,46
315,140,26,47
306,146,27,44
298,151,24,46
291,152,26,46
287,151,28,47
283,152,29,49
281,156,28,48
280,166,28,44
279,176,27,43
279,188,27,43
278,200,27,46
279,214,26,47
280,225,27,49
282,232,29,49
291,243,27,50
302,251,22,49
310,262,22,46
315,276,27,47
326,283,23,42
334,287,23,45
345,286,23,47
357,294,21,45
368,293,24,45
377,290,31,53
389,286,22,55
399,283,22,57
409,286,21,55
417,283,23,53
420,280,28,53
428,271,26,53
431,260,28,54
435,249,24,54
434,235,24,61
433,223,24,59
429,211,25,59
424,200,25,55
415,188,28,56
407,177,29,55
397,168,30,51
386,159,32,47
375,149,34,45
363,138,35,44
350,133,40,40
339,129,39,40
330,130,39,37
316,129,44,37
306,131,46,37
299,132,47,41
290,135,49,43
283,139,47,46
278,149,45,44
274,161,43,46
264,174,49,51
260,198,47,47
253,213,48,49
251,231,50,46
255,243,48,41
258,257,51,42
263,267,50,44
270,273,46,47
282,280,44,45
292,279,45,47
304,278,46,48
317,277,44,61
328,274,49,74
336,271,63,83
337,271,76,86
333,269,83,91
328,266,109,91
320,266,130,90
303,265,143,91
299,270,154,91
299,263,139,91
371,269,157,85
406,283,154,65
462,287,145,69
452,289,143,64
471,291,137,63
471,287,123,72
444,291,117,63
480,293,108,65
480,295,103,60
482,296,80,60
479,293,65,63
480,287,59,67
474,278,62,74
471,275,61,63
469,268,60,70
473,263,55,60
467,256,54,55
462,247,56,51
456,240,53,49
450,231,53,52
444,226,51,51
438,223,51,51
434,219,49,55
430,213,44,60
424,209,40,64
422,203,39,68
419,200,33,67
416,193,31,70
411,188,30,70
405,181,30,69
403,173,29,69
399,164,30,72
395,159,32,72
394,154,32,75
393,149,31,78
393,147,28,78
396,141,26,78
398,138,25,72
401,128,24,74
403,120,25,76
405,117,27,77
408,115,26,76
413,111,26,81
416,111,26,79
420,108,25,82
420,112,28,81
421,114,29,82
422,120,30,81
424,127,29,80
421,133,31,79
419,137,35,78
416,141,38,76
413,147,43,75
409,153,46,74
405,160,51,72
401,168,56,68
400,181,56,62
397,193,59,59
394,205,59,61
390,214,66,63
389,222,65,67
391,225,60,74
391,224,58,73
394,222,58,73
391,220,61,74
391,217,64,77
390,214,69,80
390,210,78,82
394,203,79,81
395,197,84,83
397,194,86,82
403,191,86,83
407,189,88,82
