161,226,55,74
157,222,57,69
156,222,57,60
154,219,58,66
156,218,55,57
155,217,58,67
154,213,53,67
157,213,55,65
156,212,57,68
156,211,57,68
157,211,57,70
158,209,56,73
160,209,55,80
160,209,59,75
164,208,58,78
164,207,61,76
168,206,56,68
169,208,58,76
173,206,58,76
174,203,58,83
179,200,58,89
181,199,57,89
186,199,59,88
192,197,55,88
197,196,55,86
201,191,56,87
207,188,56,84
212,183,55,79
218,181,54,74
225,181,52,71
230,183,55,68
238,184,55,64
248,185,55,63
258,186,50,59
265,187,51,55
275,187,48,59
284,186,50,73
293,184,50,77
299,184,50,78
303,184,54,78
302,185,54,75
304,188,53,75
300,192,52,74
295,197,51,80
287,201,47,83
279,210,47,75
265,213,54,67
260,212,52,61
258,212,47,53
254,210,46,54
253,208,46,56
255,209,44,59
255,213,45,58
259,220,48,57
265,225,46,66
272,234,45,68
279,242,44,69
285,249,42,76
289,258,44,75
289,264,48,74
292,268,46,69
287,265,49,75
281,264,50,73
268,261,52,73
259,259,53,74
244,258,56,70
227,259,57,66
205,256,61,72
188,251,66,78
176,242,67,73
161,234,74,78
159,221,69,75
161,211,67,75
158,198,67,77
161,192,74,78
174,191,75,73
188,186,71,74
209,187,65,67
229,185,59,65
251,195,54,59
268,197,50,61
288,196,49,64
302,187,49,64
315,175,47,71
325,166,44,68
332,156,45,64
335,147,47,64
333,139,48,58
331,131,50,62
325,128,51,57
318,126,52,60
310,125,52,64
296,130,53,65
284,139,50,62
263,144,49,63
241,146,53,62
209,143,60,68
180,139,63,68
147,128,71,72
124,116,70,69
109,107,64,64
93,93,61,64
80,88,59,57
73,78,56,60
69,72,59,57
64,71,63,55
72,69,59,55
85,70,55,55
98,72,53,54
116,78,49,52
134,83,46,52
147,90,48,50
166,89,42,55
182,85,42,56
200,95,38,48
214,96,40,49
225,93,41,49
230,86,41,50
231,85,44,46
230,82,43,46
227,81,44,48
221,80,46,51
213,82,45,47
203,87,46,47
189,92,45,49
174,95,44,50
157,94,45,56
139,94,50,55
121,94,52,54
105,94,55,59
96,92,53,59
93,93,50,54
90,91,49,55
93,88,46,55
86,88,51,52
92,87,45,53
95,97,42,45
94,95,50,50
106,96,48,52
120,94,48,53
135,98,47,51
152,99,45,46
172,98,42,44
187,99,44,43
209,105,40,38
225,104,38,32
243,105,36,35
257,103,37,34
267,98,41,40
279,93,39,45
288,85,40,51
294,81,37,49
297,74,38,53
296,67,39,54
295,63,38,54
289,62,38,51
284,60,37,50
275,62,37,50
267,63,34,51
256,65,36,47
246,67,38,42
236,70,40,38
229,70,39,41
225,70,37,41
221,71,37,43
220,73,37,44
221,74,38,44
226,77,38,41
233,76,35,43
242,82,33,42
249,85,33,41
255,90,33,44
265,90,31,49
273,92,30,45
281,89,30,47
287,85,31,47
292,79,31,48
295,73,30,50
296,66,30,50
293,55,32,54
289,46,33,54
285,36,33,57
279,29,33,55
270,23,34,57
262,20,33,56
253,18,31,54
242,18,30,51
229,23,30,49
217,28,30,49
207,32,31,51
198,41,30,48
191,51,35,45
188,58,35,46
188,65,33,47
187,72,36,49
191,83,34,49
198,90,35,48
211,100,32,46
224,110,28,48
238,119,27,52
253,127,24,46
264,136,27,50
277,137,29,56
288,141,28,55
298,144,29,51
306,147,29,49
314,149,28,43
318,148,28,44
322,149,26,42
322,150,27,43
322,149,26,43
320,151,25,42
317,151,25,46
313,151,24,47
307,150,23,50
298,149,26,51
290,148,26,50
282,144,27,51
275,141,27,52
267,138,29,50
262,134,27,47
258,130,28,45
254,128,28,42
253,124,29,46
255,122,26,44
256,120,26,44
259,116,26,48
265,115,23,46
270,115,23,45
276,115,22,50
282,116,23,49
288,115,22,49
292,114,22,50
294,114,23,46
296,112,23,46
296,111,24,46
295,109,24,46
292,106,25,45
289,104,26,47
284,104,25,46
278,102,25,48
271,104,25,46
263,105,25,42
257,105,25,41
250,103,26,41
242,105,27,39
234,105,31,41
228,104,29,43
224,106,29,42
220,108,32,41
218,110,32,41
217,110,34,39
218,110,33,41
219,110,33,40
220,110,32,40
223,110,28,40
223,111,31,43
229,113,31,43
235,115,32,43
244,122,30,45
252,129,31,42
260,133,32,48
270,140,31,50
279,146,30,53
290,153,28,53
297,163,30,49
305,171,30,49
310,179,29,49
314,186,31,49
317,190,28,51
317,200,28,49
318,207,27,53
313,214,30,57
309,224,32,56
302,234,31,59
294,242,31,62
283,247,33,65
272,254,36,67
260,259,36,63
243,264,43,64
231,271,46,63
220,269,46,66
214,267,42,69
208,263,44,70
207,265,43,62
206,260,42,62
208,251,37,66
211,247,40,64
213,237,35,65
216,224,32,60
217,211,31,57
217,196,31,59
216,182,31,58
214,168,32,56
211,158,30,50
208,146,30,50
205,134,30,48
200,128,30,44
197,124,29,44
190,122,31,35
186,123,30,33
179,123,33,36
173,121,34,42
167,116,33,42
161,110,34,44
154,105,36,45
149,99,38,49
144,93,38,47
146,88,35,47
145,82,36,46
143,79,34,45
144,74,35,48
144,72,37,45
147,70,36,47
149,69,34,44
153,67,29,46
155,67,29,47
157,68,30,41
161,67,26,42
163,67,26,41
163,66,24,43
164,66,25,41
164,67,26,40
164,68,24,41
162,68,25,39
163,66,24,42
160,65,26,44
158,58,25,46
154,58,26,45
151,51,27,47
148,46,28,43
145,44,28,38
144,38,28,36
141,36,30,36
138,34,31,39
137,34,32,41
138,39,33,37
141,44,32,39
144,50,31,43
148,57,33,45
153,67,34,41
163,70,31,46
173,73,30,45
184,78,27,44
193,79,27,38
205,86,25,31
214,90,22,31
222,91,23,34
226,91,28,33
229,89,28,35
232,88,28,42
231,87,29,43
229,87,28,40
223,85,31,35
217,85,29,35
208,86,29,34
198,87,30,30
185,86,30,33
168,84,35,40
156,79,33,44
142,74,34,39
130,65,36,41
120,61,37,41
108,54,39,43
100,51,43,43
96,50,46,45
97,50,45,45
106,52,39,44
114,58,38,42
124,62,40,43
133,70,41,42
146,74,42,42
161,78,39,46
180,81,33,48
201,87,25,43
210,87,29,37
217,91,24,34
226,92,29,28
235,93,31,30
244,90,33,34
252,86,33,39
259,83,31,39
263,81,30,37
264,81,31,35
262,81,30,37
260,83,31,41
250,87,36,42
244,92,31,37
227,97,28,31
211,101,25,26
191,101,30,28
173,97,28,32
151,93,36,34
131,87,41,36
112,83,41,37
95,77,42,39
85,70,44,33
81,66,39,32
78,64,39,34
77,63,40,34
81,64,40,32
88,65,40,33
97,70,39,34
105,77,45,39
119,81,46,40
136,88,43,37
157,95,38,35
176,99,36,40
194,102,36,36
211,101,38,28
224,97,36,28
238,93,33,32
246,86,33,37
252,79,30,38
253,75,31,39
252,71,31,41
247,70,35,37
243,68,33,40
233,70,36,35
220,72,38,34
209,73,28,30
190,74,31,30
172,69,32,32
152,62,35,34
132,54,35,36
110,45,40,39
92,39,45,39
80,30,45,41
73,25,43,38
67,21,42,36
63,20,43,37
63,20,42,38
64,24,46,40
75,31,44,42
85,38,44,47
96,53,45,45
118,64,45,40
146,76,37,38
167,82,35,38
191,93,34,30
211,99,33,32
229,100,36,28
247,101,34,32
254,100,38,39
262,95,37,41
267,92,37,40
267,91,35,38
265,90,36,40
262,90,36,42
251,91,41,48
241,95,41,42
226,103,40,39
210,111,33,42
186,112,35,35
160,110,39,36
138,107,42,38
113,99,44,40
92,85,45,45
78,74,45,45
64,67,46,41
51,60,52,40
52,54,46,37
56,50,42,37
57,49,44,38
60,49,48,39
69,55,48,40
82,61,44,41
95,69,44,45
112,81,46,47
135,86,42,43
157,95,41,38
178,100,39,37
204,101,32,31
222,99,34,31
231,94,37,34
243,89,39,43
248,79,39,50
253,76,38,47
251,73,39,45
250,71,39,49
244,72,38,48
232,76,42,42
217,78,43,43
201,84,42,38
181,88,41,34
159,90,42,32
137,88,43,38
114,84,45,44
93,70,45,48
79,63,47,46
64,59,49,38
56,49,49,39
56,44,47,38
56,41,48,36
68,39,42,38
77,37,43,40
85,43,47,40
89,44,49,44
98,48,48,43
107,51,50,48
130,59,46,45
158,69,43,43
171,79,50,38
198,84,56,37
220,83,49,39
250,90,41,33
266,86,39,42
278,79,45,46
291,71,42,46
296,66,41,43
299,61,38,41
297,58,39,41
291,58,41,42
284,59,41,45
271,64,46,50
255,67,47,57
237,73,45,45
212,79,49,36
184,76,50,40
157,71,43,41
131,63,47,42
102,56,55,42
90,47,48,42
80,39,47,41
73,31,46,41
70,28,44,39
71,29,42,36
75,29,41,40
80,32,43,43
89,44,43,43
97,55,50,45
120,67,46,44
146,81,39,42
169,91,38,39
190,103,39,35
216,110,36,30
235,112,39,29
254,111,40,35
264,109,44,42
276,108,43,41
285,107,41,45
290,110,41,42
292,117,39,41
295,126,35,44
291,139,36,50
282,157,41,57
277,179,40,59
261,196,43,60
240,212,44,51
214,218,40,46
190,215,49,40
162,210,56,41
141,205,49,40
122,193,52,45
104,186,51,47
88,184,54,47
76,180,51,48
69,179,51,48
65,183,50,47
69,186,48,49
72,189,51,54
81,200,53,57
89,218,60,55
102,233,67,60
126,246,63,63
152,258,57,68
186,266,49,68
218,274,44,58
252,275,45,51
275,264,44,58
291,256,48,57
308,245,44,57
320,231,42,54
326,221,42,52
330,210,39,50
331,202,37,48
328,199,38,43
323,198,39,43
319,203,40,42
311,207,42,47
302,218,43,53
293,232,42,55
277,247,41,59
262,256,38,60
235,264,44,57
210,273,43,53
180,272,45,55
154,271,60,64
129,263,65,68
113,262,63,63
99,257,64,59
93,250,59,59
89,248,59,55
89,246,60,52
92,244,62,58
104,248,56,59
119,251,53,59
135,256,53,59
154,260,51,61
183,263,42,62
210,267,35,57
233,266,36,57
255,268,37,49
268,267,39,49
283,264,38,50
296,263,37,48
304,261,35,46
308,257,37,48
311,257,36,46
310,257,34,47
306,257,37,50
298,259,39,52
287,264,43,54
275,272,45,54
262,276,41,58
238,283,47,59
217,289,45,57
189,287,52,66
187,291,53,62
162,294,60,60
158,289,55,58
127,281,63,64
106,276,65,63
86,269,66,68
74,258,62,68
69,248,56,61
61,246,54,54
51,245,62,54
48,242,63,55
53,245,62,56
65,248,62,59
76,258,57,67
87,269,63,65
109,273,59,67
132,263,58,82
158,257,55,88
183,280,49,74
207,286,49,57
227,285,43,49
246,274,44,51
261,264,40,55
273,256,40,53
282,248,41,50
289,242,35,46
294,236,35,47
296,235,34,41
292,235,36,42
288,236,38,45
281,242,39,47
271,247,43,53
260,255,41,59
238,266,46,51
216,278,40,50
192,280,48,58
163,275,49,60
130,273,62,68
101,271,68,69
80,263,66,73
70,249,59,60
56,240,55,55
39,232,61,54
30,225,62,51
27,221,60,48
23,219,67,47
34,217,59,51
43,218,59,54
59,219,54,57
72,228,55,61
86,237,56,61
111,247,54,53
133,247,52,53
157,252,51,49
182,243,44,56
203,239,42,54
220,232,34,48
235,224,41,46
251,215,37,50
256,207,40,48
262,201,39,50
265,195,39,49
265,194,39,46
261,191,40,50
256,190,42,54
246,194,43,53
229,197,48,50
211,192,39,58
190,190,47,57
162,179,53,56
142,170,50,52
116,160,54,53
94,147,54,53
79,131,50,49
66,119,42,45
57,103,43,44
48,92,43,41
51,82,37,43
51,75,37,39
53,68,40,38
53,66,45,38
62,67,47,37
72,67,48,39
86,72,43,42
102,81,43,42
123,89,40,41
144,95,37,39
163,102,35,35
180,103,34,37
202,105,33,30
219,103,32,34
230,94,38,41
243,87,37,41
252,80,36,47
260,73,35,50
264,70,34,47
265,65,35,48
265,65,35,46
263,63,35,45
258,62,36,46
249,60,39,48
242,60,36,48
227,63,39,43
213,62,37,45
197,61,39,46
182,63,37,43
165,60,39,44
150,59,40,42
135,58,38,43
119,59,42,41
106,61,42,40
95,62,47,41
87,66,50,38
87,67,49,39
90,72,41,40
95,78,42,40
102,85,41,40
110,93,43,40
129,98,41,41
144,104,36,45
164,108,31,40
187,115,30,39
197,115,36,39
211,115,26,40
226,112,29,42
241,109,36,39
257,110,38,45
272,106,41,45
288,96,44,49
303,87,43,49
312,77,44,51
321,71,47,49
325,65,51,49
328,63,49,46
329,61,47,48
321,58,54,54
310,61,57,54
297,65,58,57
278,67,54,64
254,74,54,62
220,86,55,57
184,96,45,61
151,100,46,59
128,104,44,55
102,106,50,52
87,104,54,54
82,106,50,50
78,100,54,55
83,97,50,56
90,101,48,49
109,105,35,47
117,106,38,47
133,108,36,47
146,114,34,45
159,120,38,48
175,130,35,49
190,132,33,51
205,136,33,50
218,140,35,49
230,139,37,52
242,142,38,54
247,143,41,52
253,140,42,56
257,136,43,57
256,130,41,58
251,123,44,59
243,119,46,56
230,116,51,51
214,112,53,49
198,106,49,54
182,105,47,55
164,105,48,56
151,106,46,53
138,105,51,54
133,101,47,53
131,101,46,53
133,100,48,56
137,100,45,57
144,104,40,53
154,107,36,51
163,113,39,47
174,115,38,45
187,120,37,43
198,120,36,44
213,127,32,44
223,131,31,42
233,131,33,46
241,133,33,47
245,135,36,50
248,138,38,47
250,137,37,44
248,136,39,50
244,132,39,57
238,129,39,51
227,125,41,56
215,122,45,60
196,117,50,55
182,113,50,50
167,110,55,50
156,108,53,47
144,109,54,49
132,111,58,53
133,118,50,52
129,125,49,54
124,134,50,55
127,146,53,55
132,159,52,59
143,170,47,54
151,182,49,50
165,195,44,45
177,202,45,46
191,209,42,40
204,214,38,39
216,217,33,44
227,218,33,42
237,217,33,40
245,216,34,36
252,215,32,41
256,213,32,44
258,214,34,45
259,213,34,48
259,215,33,48
256,216,34,51
253,220,33,51
245,227,38,47
235,232,40,50
227,237,35,53
215,240,35,54
204,241,39,54
191,242,41,52
179,240,44,55
174,235,41,59
169,233,41,50
164,230,43,47
163,228,40,44
164,224,40,43
166,222,44,41
171,219,44,41
177,218,43,45
185,220,42,43
191,221,42,46
203,223,38,50
212,231,35,49
216,231,34,49
222,231,32,54
224,233,36,56
232,233,37,56
240,234,37,53
244,232,40,53
247,231,41,51
248,229,43,51
245,230,43,55
239,230,44,57
230,232,47,56
218,236,49,63
206,245,49,68
189,251,52,77
168,258,51,76
146,263,61,78
129,270,60,62
118,274,55,59
105,279,58,60
97,280,57,61
95,280,59,59
96,278,65,61
106,276,61,61
123,277,58,56
135,282,59,51
155,287,55,50
175,290,56,49
200,290,51,52
122,305,38,46
152,298,30,46
171,301,33,43
189,300,33,39
205,296,30,40
215,290,29,35
223,283,27,33
228,276,24,30
228,276,24,30
228,276,24,30
228,276,24,30
228,276,24,30
228,276,24,30
228,276,24,30
228,276,24,30
222,278,23,25
219,288,20,21
209,295,21,24
200,301,22,30
185,311,25,33
170,318,31,31
151,322,32,33
125,327,33,30
97,322,33,34
169,312,36,40
149,298,45,47
93,279,52,53
45,252,64,57
2,227,64,58
2,227,64,58
2,227,64,58
2,227,64,58
2,227,64,58
2,227,64,58
2,227,64,58
2,227,64,58
2,227,64,58
2,227,64,58
2,227,64,58
2,227,64,58
2,227,64,58
2,227,64,58
1,223,60,64
37,246,68,77
75,277,75,75
119,299,72,60
167,316,69,42
208,326,60,33
126,328,55,29
160,318,47,38
185,306,42,39
205,293,33,33
218,279,28,28
218,279,28,28
218,279,28,28
218,279,28,28
218,279,28,28
218,279,28,28
218,279,28,28
218,279,28,28
218,279,28,28
218,279,28,28
218,279,28,28
218,279,28,28
229,301,27,33
214,314,31,38
192,323,36,35
257,347,40,43
203,317,31,38
203,326,30,33
162,317,33,40
106,309,46,38
72,274,50,48
26,240,64,46
0,208,63,53
0,208,63,53
0,208,63,53
0,208,63,53
0,208,63,53
0,208,63,53
0,208,63,53
0,208,63,53
0,208,63,53
0,208,63,53
-11,170,50,57
0,187,60,65
35,204,67,65
73,218,53,57
109,236,65,48
142,243,59,48
183,239,54,50
212,232,48,48
236,219,50,46
256,208,44,48
257,206,44,48
267,198,44,48
267,197,45,49
277,189,40,46
282,184,38,44
288,183,37,38
287,184,37,40
286,187,37,42
282,193,37,48
276,204,40,51
264,219,43,57
254,234,41,60
233,251,45,67
207,273,45,63
181,288,50,57
151,292,55,50
118,294,60,50
88,290,57,54
72,276,53,59
51,271,55,51
33,259,58,58
24,249,54,55
8,243,66,56
6,242,65,51
11,241,61,49
18,241,58,53
36,246,50,55
46,251,56,55
70,258,55,55
85,264,54,58
113,272,51,53
141,268,46,58
163,266,48,60
188,270,45,56
208,270,44,49
223,265,45,48
239,262,46,48
255,258,42,52
263,256,42,52
267,255,43,54
271,256,41,55
270,258,41,56
267,261,41,58
261,263,40,59
251,266,40,55
236,271,40,48
222,277,33,47
205,273,38,53
187,268,42,53
173,261,41,57
164,255,44,57
154,252,46,51
151,247,41,45
149,244,38,40
147,237,35,41
148,235,36,38
150,230,37,38
158,226,34,36
163,224,33,33
168,220,34,33
176,218,32,33
182,214,33,38
190,211,31,36
196,209,30,39
199,206,32,41
205,204,29,41
209,199,30,45
210,199,31,43
209,196,31,46
207,194,31,43
203,192,30,42
199,192,32,40
191,191,34,45
185,192,34,40
176,193,36,41
167,194,38,42
160,194,38,46
153,194,41,44
150,195,35,37
145,198,38,38
143,199,37,40
143,201,38,39
144,204,39,36
148,204,39,38
152,207,41,37
160,208,37,37
172,213,36,33
182,215,36,35
194,218,32,32
204,216,31,34
214,215,29,36
222,213,28,37
228,209,29,32
233,205,31,32
235,202,31,33
234,201,33,34
230,201,33,34
226,202,34,35
219,206,32,42
209,208,37,47
195,211,38,42
180,212,40,42
164,215,43,34
147,208,45,39
132,208,45,38
121,203,43,40
105,200,50,47
95,199,53,49
92,197,52,45
91,198,51,45
94,199,50,46
98,204,51,46
110,207,48,44
126,209,44,41
141,219,42,34
155,224,39,33
174,228,40,32
191,229,35,32
206,226,33,35
219,223,31,40
229,216,34,37
230,214,37,36
237,210,35,38
238,209,35,38
245,206,33,37
246,205,33,40
249,202,33,40
248,202,34,38
250,202,31,42
246,204,31,42
236,207,36,39
226,213,37,44
215,218,33,46
199,220,35,47
179,223,35,47
161,217,38,39
142,214,39,37
129,211,42,35
103,204,49,46
88,196,50,47
82,192,50,44
77,182,49,47
76,181,49,44
73,180,53,46
78,184,51,45
86,190,50,45
95,197,55,46
113,203,50,44
136,209,44,39
155,217,43,34
172,222,43,32
193,222,39,39
210,220,37,44
223,217,39,41
236,212,37,38
248,208,35,43
255,204,33,44
255,200,34,41
254,197,34,43
251,194,34,44
242,192,35,44
228,189,38,40
214,183,34,43
197,175,36,46
176,164,40,46
157,151,42,39
130,136,47,45
114,119,47,43
98,102,48,42
87,84,43,42
79,70,42,42
69,59,44,41
62,47,45,41
60,41,45,35
62,39,48,33
66,36,46,35
77,36,43,35
87,41,43,37
97,45,45,43
113,53,44,42
137,57,36,41
154,69,35,33
171,70,33,36
188,75,29,33
200,78,32,27
210,76,33,30
218,73,34,37
226,68,31,37
227,67,31,32
228,64,30,31
223,64,31,30
217,65,33,32
209,65,32,35
199,69,31,31
184,70,31,31
169,69,32,31
152,68,34,34
139,61,33,35
117,58,40,36
99,53,43,39
89,49,41,33
80,45,42,33
74,45,42,34
75,46,40,36
74,49,41,34
78,55,41,34
86,61,43,39
98,72,45,39
113,84,43,42
134,92,39,40
154,103,37,39
177,110,32,33
197,118,29,27
214,122,32,28
232,123,32,28
247,121,33,34
257,123,35,36
264,126,36,40
269,131,35,39
276,138,32,41
278,146,32,46
276,160,33,46
273,174,34,48
265,189,36,51
254,202,37,53
236,217,39,50
219,228,40,44
204,232,40,43
183,234,44,40
169,232,43,42
155,230,43,44
145,231,44,41
133,232,47,41
129,234,47,39
128,236,45,41
129,237,46,42
138,240,42,40
146,243,39,38
155,245,41,35
165,245,41,41
179,241,37,40
191,234,35,42
202,224,35,48
210,213,34,53
212,212,35,51
216,201,33,50
218,197,32,52
219,183,33,55
218,168,34,56
216,158,33,56
213,144,31,57
205,134,29,53
191,113,33,57
194,115,35,51
194,115,35,51
194,115,35,51
194,115,35,51
194,115,35,51
194,115,35,51
115,19,37,45
124,15,34,44
133,24,32,42
142,30,31,40
151,36,30,39
159,44,30,39
166,52,32,37
174,56,30,39
181,64,30,41
185,71,30,41
190,82,30,35
193,93,28,35
194,102,28,37
195,116,27,42
194,125,27,45
192,134,28,49
190,144,29,41
188,153,29,42
185,164,33,42
183,172,34,46
183,180,32,46
183,191,32,43
184,202,33,43
186,212,31,44
187,223,33,48
190,232,34,51
194,242,33,48
198,249,32,51
203,258,31,52
208,263,30,54
209,267,32,46
216,270,29,42
219,271,29,39
222,270,29,44
224,268,29,44
225,266,27,40
225,261,27,44
224,255,29,48
221,249,30,50
218,240,31,50
213,230,31,50
206,219,32,53
202,205,30,50
196,189,31,54
188,178,34,50
179,165,38,48
173,148,37,49
169,133,31,51
164,115,31,49
157,104,34,48
152,91,33,43
150,81,32,40
145,68,32,44
144,57,31,42
141,44,32,45
140,37,32,46
138,35,35,41
138,28,33,42
140,25,33,44
142,26,32,41
143,26,34,41
146,26,32,40
150,29,28,37
153,31,28,38
155,36,28,39
159,43,29,39
162,51,27,39
165,56,26,39
169,67,25,40
169,76,27,43
172,85,26,47
173,96,25,46
174,109,25,43
175,120,26,41
175,133,27,40
175,143,27,47
175,153,29,50
176,165,30,45
176,173,30,51
176,183,29,52
178,196,29,47
177,207,30,46
178,219,31,47
178,231,30,49
181,240,31,53
182,250,31,50
186,258,28,53
187,267,30,51
190,274,30,50
193,277,31,51
197,279,30,47
199,278,29,47
202,276,30,47
205,271,28,51
206,264,27,50
207,254,28,50
208,243,28,51
207,228,28,52
207,228,28,48
204,219,31,50
203,216,31,49
203,205,30,44
200,190,30,46
196,173,29,49
192,160,31,44
187,141,29,43
182,120,30,44
178,103,30,43
172,87,31,40
167,74,31,40
163,58,32,41
160,48,33,40
155,39,34,41
151,30,36,43
149,26,37,41
148,22,38,41
149,19,38,43
152,18,36,43
152,21,34,43
157,21,32,46
159,28,34,48
164,36,31,48
166,43,31,49
170,52,29,54
172,61,30,56
176,72,29,57
178,80,29,57
182,95,27,55
185,107,26,51
188,125,25,55
190,135,25,57
191,152,27,54
194,169,28,51
196,182,29,51
199,196,29,51
200,209,33,50
204,221,32,47
207,231,31,55
210,244,30,54
215,253,28,54
215,260,30,54
218,268,30,53
219,277,31,53
219,286,32,51
220,293,30,50
218,297,33,48
219,302,32,46
218,305,34,44
218,307,35,42
218,310,35,40
218,306,35,47
219,310,37,46
221,308,37,50
224,313,38,45
231,316,36,43
239,316,36,41
246,313,36,41
256,309,31,43
264,300,33,51
273,290,30,54
278,282,33,53
283,274,33,51
286,264,33,49
289,259,32,46
288,256,32,42
286,253,32,44
282,252,34,43
275,253,35,44
266,255,38,46
259,257,33,49
241,261,39,48
225,269,37,45
206,267,46,49
185,264,49,52
161,257,52,54
142,249,57,49
131,233,52,50
110,225,61,49
101,214,58,52
95,208,60,47
92,203,61,46
92,199,61,49
99,202,60,46
109,210,58,45
124,215,52,47
143,223,51,45
156,233,53,50
182,235,50,55
205,242,44,51
228,243,42,44
250,235,38,47
264,228,40,51
275,222,39,48
283,216,40,45
291,213,38,42
295,211,35,41
297,210,36,37
295,211,37,41
292,215,34,45
283,223,39,46
272,229,44,53
261,238,42,53
240,248,47,50
220,257,46,50
199,254,51,55
169,251,57,56
148,239,59,59
140,227,52,55
121,226,53,48
106,219,58,47
106,216,50,44
97,216,54,44
93,218,58,47
96,222,61,47
114,232,49,43
125,240,47,43
138,250,51,46
156,260,52,48
181,267,52,49
186,267,51,54
206,268,40,54
212,270,41,48
125,287,34,41
141,282,28,41
148,281,28,37
153,275,28,36
157,271,29,35
158,269,28,32
158,267,27,31
156,267,29,29
153,268,28,30
149,270,28,34
144,274,26,35
135,279,27,33
123,283,26,34
110,286,26,36
96,283,28,44
82,282,27,44
74,275,25,40
143,256,29,44
141,243,35,44
119,234,43,42
102,225,51,44
88,219,57,45
87,217,54,45
88,218,53,46
87,221,59,47
97,228,56,49
115,239,49,51
129,250,52,48
147,260,54,49
167,270,48,56
188,282,50,58
211,290,47,55
230,304,50,50
261,306,39,52
281,317,39,41
301,323,40,35
321,330,38,29
339,330,34,29
356,330,34,25
370,326,31,27
379,322,28,33
379,322,28,33
379,322,28,33
379,322,28,33
379,322,28,33
379,322,28,33
379,322,28,33
379,322,28,33
379,322,28,33
379,322,28,33
379,322,28,33
379,322,28,33
379,322,28,33
379,322,28,33
381,287,21,29
370,296,27,34
354,306,29,40
329,319,34,39
302,331,40,31
269,330,44,29
269,330,44,29
201,325,47,34
166,311,51,42
141,283,50,47
101,244,60,57
82,207,60,64
64,173,58,63
44,136,67,63
37,122,61,54
26,105,62,59
16,92,66,54
14,93,66,49
19,94,60,55
24,110,65,51
36,133,63,55
53,152,60,65
75,184,57,74
91,217,63,71
125,253,66,70
157,272,61,75
190,298,66,63
210,316,68,46
113,330,57,45
149,335,52,39
178,333,46,27
200,328,42,30
218,324,38,30
232,318,33,32
232,318,33,32
232,318,33,32
232,318,33,32
232,318,33,32
232,318,33,32
232,318,33,32
232,318,33,32
232,318,33,32
232,318,33,32
232,318,33,32
232,318,33,32
232,318,33,32
223,305,31,35
210,320,34,34
194,327,34,32
194,327,34,32
194,327,34,32
227,346,30,33
185,324,36,34
169,315,46,41
132,289,55,50
90,261,65,61
75,227,55,60
52,205,60,54
41,184,55,51
29,169,55,47
23,159,52,43
21,152,49,42
21,151,51,42
22,152,57,41
38,154,56,48
37,150,60,55
54,164,55,50
55,166,58,52
74,174,62,58
94,191,67,61
131,202,55,51
158,213,50,49
180,221,48,53
201,225,48,56
219,231,44,51
237,236,44,54
258,243,37,56
270,254,35,50
280,258,34,51
288,261,34,51
294,264,32,52
302,269,28,48
306,273,28,45
310,273,28,45
313,274,28,43
316,274,27,42
317,274,27,42
319,273,27,43
321,273,25,42
324,275,24,41
325,274,24,40
325,276,26,37
327,275,24,39
329,275,25,40
331,274,27,40
333,275,26,38
337,275,26,38
340,274,27,37
345,279,25,31
348,279,25,34
354,280,26,32
359,279,24,36
363,274,25,41
370,277,23,43
375,281,19,38
379,283,17,36
379,283,17,36
379,283,17,36
379,283,17,36
379,283,17,36
379,283,17,36
379,283,17,36
379,283,17,36
379,283,17,36
379,283,17,36
379,283,17,36
379,283,17,36
379,283,17,36
379,283,17,36
379,283,17,36
379,283,17,36
379,283,17,36
379,283,17,36
379,283,17,36
379,283,17,36
379,283,17,36
379,283,17,36
379,283,17,36
379,283,17,36
379,283,17,36
379,283,17,36
379,283,17,36
379,283,17,36
379,283,17,36
379,283,17,36
379,283,17,36
379,283,17,36
387,300,14,36
383,302,17,35
376,303,23,36
370,303,25,38
365,302,26,39
359,304,27,38
352,303,28,39
345,302,30,40
340,299,29,42
332,298,30,37
325,297,29,38
316,296,31,39
306,296,32,36
295,295,34,39
285,293,34,42
271,291,38,44
260,285,38,43
248,279,41,44
233,273,43,48
222,267,41,51
210,259,44,51
196,255,49,50
188,249,51,51
184,245,49,51
183,246,49,46
186,243,46,47
190,241,45,45
197,238,43,49
207,237,40,52
216,232,36,59
227,227,34,58
235,223,35,53
241,218,37,47
246,214,35,45
249,212,34,41
251,212,35,39
251,212,35,46
249,214,34,50
246,217,35,47
240,223,33,45
233,229,33,47
224,230,34,52
215,234,35,53
206,236,35,53
194,239,38,48
183,243,42,50
175,242,43,53
168,240,44,56
166,241,42,53
165,240,44,53
166,240,44,52
167,239,44,51
171,237,44,50
179,233,46,51
187,231,46,53
201,231,43,54
213,230,39,60
229,235,38,61
242,233,42,55
259,234,38,60
267,232,42,63
276,230,44,64
282,226,41,63
285,223,43,61
283,221,44,58
282,220,44,59
277,218,46,64
268,218,46,67
258,221,47,64
247,229,44,53
233,237,41,61
219,239,41,62
206,236,40,62
191,232,43,62
180,230,40,58
169,225,42,58
162,225,41,48
156,220,44,44
151,217,45,47
150,217,46,46
151,217,45,49
154,221,45,51
159,224,46,56
170,226,42,62
183,228,41,66
203,231,43,67
222,231,45,70
242,228,50,67
262,216,52,71
279,204,56,74
294,192,58,72
307,182,60,70
317,175,63,66
322,168,64,64
326,169,63,59
326,169,62,66
322,176,64,67
312,181,60,72
301,192,57,76
289,203,52,78
271,212,49,80
255,224,42,72
231,230,43,70
212,237,40,65
193,235,41,64
179,233,42,63
168,230,42,58
159,228,46,51
157,224,41,50
153,220,45,48
152,218,45,50
156,220,42,53
159,225,44,52
165,231,46,53
174,235,42,62
183,238,44,68
196,248,43,60
209,252,41,59
223,250,40,58
236,250,39,54
249,249,37,51
259,247,37,52
265,243,39,54
272,243,40,54
275,243,39,54
276,244,40,54
276,247,35,50
273,247,34,49
269,246,33,51
263,246,31,50
259,244,29,49
252,243,29,44
242,244,33,42
234,244,34,42
227,245,33,43
222,240,30,50
215,239,31,49
209,237,31,47
203,237,32,42
197,232,34,45
192,232,35,42
189,229,34,43
185,223,35,49
185,221,34,47
184,221,33,45
184,220,34,40
185,219,33,37
187,218,35,38
189,217,36,40
192,217,35,39
197,217,34,38
202,219,32,38
205,219,33,42
211,221,33,42
217,220,29,47
223,222,28,49
228,224,28,48
234,229,28,42
239,230,28,39
244,230,28,42
246,229,30,40
248,229,29,39
247,228,30,40
248,228,30,41
246,228,30,35
241,227,31,40
236,226,31,38
230,225,31,45
221,223,31,44
211,217,35,46
201,211,37,48
201,211,34,45
190,204,39,50
189,204,39,45
178,196,39,45
168,189,42,47
159,178,41,47
155,167,39,47
149,162,38,41
146,151,37,37
145,140,33,40
145,130,33,38
145,120,34,38
149,109,32,41
153,99,31,44
154,90,32,44
159,80,31,49
162,71,30,53
165,64,31,53
169,64,26,47
172,56,25,49
172,57,27,44
174,56,25,38
174,55,26,35
177,56,23,28
175,57,23,29
174,58,26,32
173,60,24,33
171,63,26,38
170,64,28,40
170,64,28,43
172,65,28,43
174,64,28,42
176,65,28,39
178,63,29,42
180,64,29,40
184,62,25,42
186,62,27,39
193,62,24,37
193,61,27,36
194,59,26,31
193,59,26,31
192,59,26,32
188,58,27,36
182,58,29,35
177,57,28,38
170,56,27,34
161,55,28,41
152,50,31,44
143,48,32,41
134,45,33,36
127,44,34,34
120,41,34,34
116,40,35,37
110,37,41,42
109,39,41,44
114,43,40,44
121,48,38,44
129,54,36,41
140,60,33,40
149,68,38,38
165,73,33,35
179,75,31,38
191,79,36,33
208,82,31,30
221,83,30,31
233,78,27,32
241,74,30,37
245,68,30,40
246,61,32,39
246,56,31,38
244,53,32,37
242,51,33,36
236,51,32,34
227,50,33,36
213,53,34,36
202,54,29,29
182,52,35,34
162,48,34,33
141,40,36,38
118,36,38,33
95,27,40,35
80,14,39,37
68,4,36,36
54,1,41,34
49,0,38,29
47,1,38,28
45,2,40,30
48,3,40,35
54,10,42,38
65,20,42,45
81,33,43,41
98,46,42,42
124,61,41,36
145,68,44,39
169,76,35,35
190,84,30,28
213,88,23,27
227,88,29,28
243,86,25,33
250,80,28,38
251,75,31,39
255,72,31,38
252,71,32,36
250,71,31,36
246,72,31,39
240,76,31,43
227,82,35,40
216,91,32,34
202,100,32,37
185,107,30,40
166,110,33,34
144,114,38,34
126,115,36,32
109,113,36,34
96,117,35,34
83,119,37,36
73,123,39,36
70,129,38,37
68,136,41,41
71,145,42,43
79,156,43,47
80,159,43,45
85,169,45,52
86,175,52,49
97,183,59,47
113,186,50,49
134,201,44,40
161,207,41,40
178,222,43,33
202,228,41,39
220,230,39,40
237,228,41,45
256,227,36,39
263,222,38,40
270,219,36,40
273,215,34,40
272,212,35,40
269,211,35,41
261,211,39,42
255,214,37,45
241,219,41,40
226,226,40,43
209,232,35,46
190,233,42,45
164,237,44,46
146,234,43,39
125,232,47,39
103,227,54,44
92,220,50,46
79,211,53,47
75,207,53,46
73,204,49,47
76,203,52,49
78,210,49,47
91,216,47,45
100,226,50,51
116,234,52,47
140,243,44,41
157,250,49,38
181,253,44,38
208,254,38,42
224,246,38,44
239,238,41,44
256,229,37,48
266,222,36,47
272,218,37,42
277,213,35,40
279,212,35,38
276,211,33,38
274,211,34,39
264,214,39,40
255,219,37,41
240,222,41,42
220,230,35,41
200,231,38,38
172,229,46,38
144,217,46,35
120,206,47,38
90,188,53,48
74,166,46,49
59,147,44,47
47,136,46,40
40,116,42,38
34,96,42,44
31,84,42,42
27,73,46,41
43,66,38,38
50,61,38,35
60,56,40,35
73,54,42,33
88,53,41,35
110,53,38,37
136,56,35,33
158,56,35,36
178,61,33,33
196,63,36,29
216,62,35,37
230,59,36,35
242,55,35,37
249,51,32,39
249,46,36,41
249,44,37,38
249,42,35,38
246,44,34,39
243,47,31,41
235,53,31,43
220,61,36,38
208,67,31,33
186,73,35,28
170,74,34,29
151,71,36,30
132,67,35,36
111,60,40,36
93,54,40,35
82,44,40,36
72,40,40,35
64,36,42,33
64,33,40,32
66,33,39,33
73,36,39,31
83,41,40,34
94,50,40,32
110,56,43,38
135,65,39,44
154,74,40,41
175,80,34,42
198,86,31,36
217,89,31,33
233,93,35,32
249,95,34,37
258,96,37,38
266,98,36,38
276,102,32,40
282,110,32,41
285,118,31,45
285,132,32,42
276,145,38,45
265,158,40,46
252,167,41,48
224,179,50,44
199,184,46,49
170,178,50,47
142,174,51,43
101,167,54,48
82,159,62,48
60,150,66,51
57,143,63,50
38,130,55,47
7,109,64,51
0,93,52,51
-10,86,52,47
-10,86,52,47
-10,86,52,47
-10,86,52,47
-10,86,52,47
-10,86,52,47
0,125,55,54
12,147,68,52
42,162,68,67
71,187,65,79
103,213,69,69
146,233,57,56
175,237,51,57
207,243,44,54
224,237,49,51
244,232,45,52
258,226,40,49
264,222,39,45
267,218,40,45
267,217,38,43
264,218,38,43
259,220,40,45
253,225,38,47
239,231,39,46
223,239,36,50
205,241,37,47
181,235,43,53
158,226,49,48
139,211,46,44
125,197,42,41
107,177,44,49
93,157,44,51
84,139,45,48
81,115,43,44
78,94,41,44
76,73,39,45
78,58,37,44
79,44,37,41
82,27,37,43
84,17,38,43
86,5,37,49
88,4,39,45
95,2,39,43
101,2,36,38
107,2,32,36
113,3,31,37
118,9,32,41
122,17,33,43
129,27,30,46
133,44,31,43
138,67,30,45
144,86,29,51
148,104,30,48
155,124,28,58
158,148,31,53
162,171,33,49
166,173,32,58
191,164,31,50
186,129,30,54
179,104,30,54
171,83,30,54
162,61,32,49
154,40,32,48
143,19,33,49
134,3,36,45
126,-1,38,36
126,-1,38,36
126,-1,38,36
126,-1,38,36
126,-1,38,36
126,-1,38,36
126,-1,38,36
126,-1,38,36
69,-7,41,33
68,2,44,39
69,11,41,48
73,37,41,47
80,55,39,52
87,79,41,53
100,110,35,51
110,145,41,50
125,166,42,55
141,192,38,47
157,214,39,53
169,239,37,59
183,257,37,67
193,277,39,66
205,294,39,60
213,306,38,51
223,307,34,50
228,319,39,41
237,309,34,49
245,297,34,51
256,280,35,56
265,258,34,64
273,235,33,66
279,211,33,66
282,189,34,61
284,169,33,59
283,153,34,55
281,134,34,56
279,118,33,54
272,106,36,52
267,97,36,49
260,89,36,47
258,89,36,45
249,82,38,47
245,78,39,49
237,75,37,46
219,69,34,43
201,60,32,45
182,59,33,46
161,59,33,46
134,62,38,46
105,64,36,49
81,66,41,46
56,70,42,46
31,71,49,45
2,75,52,52
0,74,43,56
0,74,43,56
0,74,43,56
0,74,43,56
0,74,43,56
-1,116,42,52
2,128,50,58
13,143,63,54
50,149,50,55
71,166,52,59
93,172,51,51
115,178,52,59
138,168,46,64
156,181,45,56
173,183,41,54
189,186,41,51
202,186,37,53
213,187,33,54
221,190,34,52
229,193,39,48
235,197,35,45
239,201,37,43
243,207,36,44
245,211,35,44
245,218,33,49
242,222,33,49
238,227,33,50
233,230,34,55
226,234,33,54
219,239,33,53
210,243,36,52
207,245,33,46
200,246,35,46
196,245,37,46
195,245,34,41
196,241,33,42
197,238,34,44
200,240,32,42
204,238,29,39
207,237,27,38
208,235,28,39
209,235,27,42
208,235,27,39
205,235,31,45
201,236,31,37
197,237,30,42
188,238,32,43
179,240,33,44
170,239,34,44
157,237,38,47
144,235,38,41
131,231,40,39
114,228,46,46
103,223,48,48
92,216,52,53
83,215,51,54
80,216,51,49
78,216,48,47
80,215,52,52
88,216,53,55
96,221,55,54
112,224,52,55
128,230,51,52
149,231,46,56
168,237,43,55
189,243,41,49
209,242,38,48
224,234,35,52
237,226,38,47
250,219,34,48
255,214,34,46
257,208,35,44
257,206,36,42
257,204,35,43
254,205,36,45
246,208,38,46
232,212,42,44
218,222,42,46
205,226,42,51
181,227,46,54
158,236,48,50
133,236,51,46
104,231,57,45
85,224,55,48
68,216,51,49
51,211,53,45
42,204,53,47
31,201,54,47
34,202,48,43
32,201,53,45
41,203,50,45
50,206,49,48
63,211,48,48
77,215,47,48
95,224,55,44
115,224,49,47
137,228,48,36
157,229,41,36
177,223,44,42
193,215,45,50
204,209,42,47
214,203,39,46
222,199,38,39
225,196,39,38
226,194,38,38
225,194,37,40
220,195,37,41
219,197,35,42
214,199,34,49
212,200,34,50
200,202,40,47
190,204,37,44
174,203,39,48
160,202,41,44
147,198,41,37
132,196,46,41
120,190,44,43
116,188,42,40
109,185,43,38
102,181,44,43
100,179,43,41
102,175,42,40
107,173,38,37
111,173,35,32
115,170,37,33
122,169,35,35
129,169,32,30
136,167,32,29
141,165,32,32
146,163,31,36
150,160,32,40
155,158,31,39
157,158,32,37
158,157,32,37
160,156,31,34
159,156,31,33
158,154,31,36
159,152,29,43
155,151,32,42
153,149,31,47
153,150,30,45
150,150,31,45
149,151,32,45
149,154,31,39
148,156,31,37
148,159,30,33
149,161,29,33
148,164,29,30
149,167,28,29
148,170,27,27
149,171,25,26
147,172,27,27
147,172,27,27
144,173,28,28
143,173,28,30
141,174,30,31
141,175,29,28
138,176,32,32
136,177,32,32
134,177,34,31
136,178,35,32
135,178,35,34
137,179,33,32
140,178,31,30
142,178,29,30
144,178,29,27
144,177,30,27
146,176,29,28
147,176,29,24
147,175,29,26
145,175,29,29
146,175,29,31
147,174,25,28
147,174,27,26
148,174,28,28
147,175,27,26
147,175,27,27
147,175,26,27
145,176,26,26
144,176,26,27
142,176,27,27
141,176,27,26
140,177,27,26
139,177,27,26
136,177,29,29
137,177,27,25
135,177,29,28
131,177,33,34
128,176,36,40
126,177,38,41
125,177,40,40
126,177,40,41
126,177,39,41
127,178,39,40
127,177,39,42
127,177,40,42
126,179,40,40
126,180,39,39
127,180,38,41
127,180,38,43
127,181,38,45
128,182,38,46
127,184,40,47
127,185,40,48
128,188,41,47
129,192,42,48
129,196,40,45
130,201,40,43
132,206,39,42
133,210,40,41
132,214,42,41
135,218,42,42
136,220,41,44
137,224,42,42
141,228,40,42
140,230,41,45
140,233,43,43
140,236,42,44
142,237,42,45
141,239,45,45
144,242,42,44
138,241,49,48
152,247,36,41
155,250,34,33
157,253,31,37
158,254,30,40
157,257,31,41
156,260,33,44
158,263,32,41
158,263,33,43
159,265,33,43
160,265,33,44
160,266,34,42
164,268,32,40
166,268,33,43
169,269,34,40
173,270,33,39
177,270,30,42
178,269,30,43
182,270,28,45
184,269,29,46
187,269,28,40
188,269,27,34
188,268,27,41
187,269,27,38
187,268,26,36
184,268,29,42
182,267,29,43
180,267,29,42
177,268,28,42
174,267,30,44
169,268,33,40
166,269,35,41
165,270,32,39
161,269,33,46
158,271,35,43
157,271,36,43
157,272,35,41
156,272,36,40
157,271,36,41
157,271,35,41
158,269,36,44
160,268,35,45
162,266,35,44
163,265,35,44
165,264,37,44
166,263,36,44
168,263,34,39
169,264,33,35
169,263,32,35
168,263,31,37
167,263,33,38
165,263,32,39
162,262,34,43
160,261,34,42
159,262,33,41
156,261,32,45
153,260,32,46
151,261,34,44
148,262,35,42
147,261,32,44
145,262,33,44
144,264,33,45
143,266,33,42
142,268,35,42
144,270,34,41
146,271,36,41
149,273,36,41
155,274,34,39
159,276,35,39
165,273,34,42
172,273,34,48
177,274,30,42
184,273,29,40
189,270,29,38
193,268,27,37
195,266,28,38
196,264,30,34
195,263,29,34
192,262,32,41
189,262,31,44
185,264,31,40
178,267,32,42
172,267,33,45
162,269,36,48
154,270,38,47
147,270,37,46
139,270,39,48
135,269,36,50
127,272,39,45
125,271,41,42
124,272,39,40
126,272,38,40
127,272,40,41
130,275,42,41
137,273,42,47
146,272,37,49
154,274,38,47
165,276,35,45
174,273,32,46
182,273,31,45
189,269,31,48
195,268,31,46
201,265,31,46
203,262,31,47
204,263,31,46
203,263,31,46
201,263,31,47
197,266,31,48
192,270,32,48
186,272,32,50
178,276,33,51
168,279,37,50
160,281,39,47
155,284,37,41
146,282,37,44
144,283,37,42
140,283,39,42
140,286,37,40
141,284,37,42
146,284,35,42
150,283,37,43
156,284,35,41
164,284,34,43
172,280,31,45
180,275,28,46
185,271,29,45
190,267,29,44
193,263,31,47
195,260,31,45
195,259,30,44
195,259,31,42
195,258,31,43
195,258,30,43
193,258,29,46
188,261,31,40
184,266,30,45
178,269,31,46
173,264,33,51
167,263,34,47
162,271,35,45
158,272,38,48
157,273,36,41
155,272,35,42
155,269,37,44
157,265,34,45
157,262,33,44
158,256,32,44
158,251,31,46
158,249,30,43
157,248,30,42
154,249,31,44
153,253,33,43
150,255,34,42
148,257,35,43
147,260,38,41
148,260,41,44
150,259,41,45
156,260,39,52
163,262,39,45
170,261,37,46
179,259,30,42
183,254,31,48
187,249,31,47
189,245,32,43
191,243,34,40
191,244,32,40
194,248,27,42
192,249,30,42
192,250,28,44
191,250,28,42
190,248,28,42
187,246,28,44
184,245,28,45
180,242,27,44
175,241,30,40
166,239,33,40
160,237,32,41
152,238,35,39
143,237,36,38
135,238,38,34
127,237,39,35
120,236,41,36
116,232,41,38
114,229,41,43
114,228,43,42
117,227,42,39
123,225,40,35
127,221,40,35
136,215,38,34
144,210,36,37
150,206,34,40
158,202,32,37
163,199,32,34
169,199,32,39
172,198,33,43
175,197,33,50
175,196,32,50
172,196,34,51
168,197,35,46
163,194,39,56
157,197,37,60
148,200,40,62
139,202,41,61
128,205,42,59
115,203,48,59
104,200,51,62
95,198,53,66
89,193,52,65
86,193,52,59
85,196,50,55
84,200,50,54
83,201,56,60
88,204,59,60
100,209,56,58
112,208,54,62
127,214,56,56
145,218,51,51
162,217,50,55
179,212,48,62
195,206,43,62
209,192,39,65
223,187,45,60
239,180,47,55
251,173,52,58
263,166,57,62
278,161,64,63
295,154,70,64
318,146,76,76
346,136,82,83
383,127,95,93
419,113,84,102
460,108,92,83
476,102,106,77
475,107,109,84
479,117,118,98
479,131,108,116
476,161,88,115
462,183,87,112
450,210,78,94
429,221,70,90
417,223,67,87
399,215,70,89
386,211,72,93
376,208,72,80
369,204,71,80
363,201,66,81
358,202,71,79
354,200,69,80
356,197,69,81
356,195,69,86
356,195,78,83
353,194,78,81
355,190,84,93
354,190,84,93
359,187,86,98
365,188,89,92
380,189,88,87
397,195,87,89
412,196,86,105
432,199,80,96
451,197,72,93
464,192,81,94
470,188,86,102
468,176,94,116
462,179,95,115
451,176,93,117
433,182,92,107
416,187,88,124
394,202,76,116
369,217,71,95
343,228,66,93
319,235,69,79
298,238,67,72
279,236,69,72
264,234,72,76
259,239,63,72
252,239,67,79
253,249,67,76
259,261,71,73
269,268,75,83
288,275,76,82
312,287,65,75
337,303,68,57
364,305,68,49
389,317,67,44
396,324,65,36
396,324,65,36
465,332,70,27
486,324,69,32
497,320,70,37
505,312,73,45
507,299,75,56
510,288,71,66
503,281,72,73
497,276,71,77
485,272,71,80
471,269,70,79
452,273,67,67
429,273,67,69
403,271,65,75
376,273,68,72
340,272,72,72
307,268,78,79
277,267,77,72
245,265,78,71
203,263,91,76
171,254,85,81
141,261,87,84
111,260,89,90
79,258,96,99
61,268,94,89
38,266,95,93
28,274,95,88
18,278,97,86
16,283,99,81
17,294,105,68
29,285,95,72
62,276,108,79
87,279,83,66
98,292,68,63
126,314,53,49
167,324,59,41
200,320,52,37
224,300,45,44
224,300,45,44
224,300,45,44
224,300,45,44
224,300,45,44
224,300,45,44
224,300,45,44
224,300,45,44
224,300,45,44
224,300,45,44
224,300,45,44
224,300,45,44
224,300,45,44
224,300,45,44
224,300,45,44
237,314,31,43
223,309,29,49
207,307,32,50
189,301,35,53
179,300,39,57
175,306,53,57
162,310,67,47
157,312,70,43
149,311,76,45
145,312,79,42
147,309,85,50
156,304,84,57
163,311,86,55
167,312,70,49
180,316,61,46
214,303,52,53
214,303,52,53
214,303,52,53
214,303,52,53
214,303,52,53
214,303,52,53
