375,92,103,115
375,91,100,95
374,92,96,89
375,92,99,104
378,94,95,85
373,95,102,90
374,94,102,101
375,94,94,97
375,92,98,107
373,95,96,98
374,92,97,104
372,95,94,93
370,92,101,105
371,90,98,103
369,92,98,103
366,92,96,110
366,90,95,109
366,89,95,112
367,85,98,107
369,84,99,110
365,93,101,98
362,98,105,100
357,106,98,94
350,109,94,99
341,105,96,108
334,106,100,99
331,105,97,101
325,104,96,108
324,112,95,102
319,117,98,97
316,120,96,102
320,125,94,100
323,125,90,101
333,128,85,99
334,131,89,98
344,128,89,98
354,127,88,95
372,129,91,94
383,126,97,94
395,121,97,97
407,122,95,97
412,125,99,101
415,127,99,97
406,130,102,102
409,137,99,98
404,136,101,107
402,137,100,100
405,142,95,93
396,143,98,95
388,139,98,97
387,139,98,97
381,142,100,101
381,138,97,89
378,134,99,96
376,132,98,96
377,127,100,96
386,125,103,92
390,120,106,96
398,117,105,86
418,109,101,82
440,101,98,94
460,95,97,90
482,87,105,98
490,77,118,104
498,72,121,102
500,69,121,102
501,65,121,110
497,60,128,107
500,62,123,115
501,67,120,110
497,76,127,97
492,80,128,94
484,85,136,98
488,85,119,104
476,88,109,110
473,90,111,109
474,91,109,105
467,97,113,102
461,99,103,99
447,102,99,100
435,106,95,105
418,112,93,103
399,117,92,95
377,123,97,99
363,129,96,103
344,133,89,102
330,132,94,103
325,130,96,108
313,131,93,106
299,134,98,103
295,133,100,109
288,129,105,115
288,131,106,115
293,129,112,108
302,132,106,117
302,125,110,111
308,123,107,115
310,124,109,115
317,125,103,113
323,126,112,111
338,125,110,112
370,129,95,98
419,129,87,98
442,124,96,114
443,122,108,104
448,115,129,116
452,105,133,114
446,101,127,105
429,100,121,105
421,97,121,105
410,88,114,115
399,80,114,110
393,81,115,107
384,81,108,110
369,83,110,108
350,82,107,97
333,76,105,95
320,74,101,103
309,74,100,107
306,80,102,107
301,87,100,105
305,98,99,94
306,109,100,101
310,115,95,100
312,119,93,104
312,123,95,98
312,127,96,102
314,127,93,98
317,130,92,99
319,129,92,88
315,132,96,91
314,134,98,96
314,131,91,100
313,133,94,102
320,127,94,99
318,123,101,100
321,113,101,97
324,102,99,97
320,90,100,103
312,93,102,98
293,89,104,101
290,75,106,105
296,58,113,101
302,43,117,109
312,37,113,99
318,29,116,113
322,25,115,115
333,22,115,118
345,23,115,114
362,21,114,119
368,22,121,107
360,22,118,116
349,24,114,119
340,35,113,108
340,42,108,116
347,56,105,115
353,74,110,109
357,80,106,118
349,80,99,113
340,70,96,104
324,49,97,97
320,26,101,100
328,6,102,99
335,1,106,85
343,1,104,74
358,2,97,65
377,0,91,59
389,4,86,54
406,5,80,49
417,3,87,57
430,0,91,65
430,3,94,61
451,11,85,58
466,7,92,73
457,21,99,82
451,30,102,98
451,41,100,96
445,51,98,101
444,60,96,99
438,72,101,95
443,81,97,100
438,86,99,111
438,93,99,92
437,96,99,98
441,95,97,98
438,93,97,95
439,92,98,96
442,91,96,102
443,90,97,102
441,97,97,100
443,100,98,95
444,98,94,102
442,99,96,100
447,102,94,101
448,104,97,101
450,103,97,106
449,110,101,101
454,111,99,99
457,118,96,96
461,121,101,97
467,130,98,97
472,129,95,102
478,132,98,98
486,138,95,96
489,138,100,97
498,139,110,103
502,145,104,93
506,149,104,99
507,156,105,93
510,159,99,99
509,164,99,93
506,165,105,98
508,164,104,102
510,163,105,95
507,163,106,103
509,161,104,101
508,156,104,92
511,150,107,102
511,151,106,93
512,151,108,92
516,147,107,96
516,146,108,101
523,148,105,103
521,148,105,94
527,149,104,102
527,148,101,93
522,152,101,94
514,152,106,94
505,155,96,93
495,158,96,92
490,156,98,96
482,157,95,94
480,157,92,89
464,156,88,93
454,158,86,89
442,155,83,88
432,153,84,83
420,153,89,86
415,152,89,89
409,153,75,84
397,154,84,86
389,158,80,80
379,160,80,88
373,167,76,81
368,167,79,80
362,166,75,86
363,167,82,85
368,167,77,85
363,171,76,82
364,169,77,82
367,171,77,81
363,168,79,85
364,167,74,84
359,167,79,83
360,169,76,77
360,165,80,78
364,165,80,77
369,161,79,80
370,159,78,86
375,158,81,82
377,159,81,85
381,161,78,85
391,170,76,83
389,177,78,85
387,184,79,86
389,186,75,82
400,188,70,87
402,192,79,82
401,190,83,85
405,186,86,81
413,183,83,83
420,180,83,87
419,178,82,85
420,179,85,82
422,181,84,83
423,186,83,80
422,187,85,87
428,185,84,88
426,188,85,82
424,192,88,81
432,188,84,83
435,190,89,83
441,191,85,83
444,195,91,83
448,196,89,82
459,195,85,83
461,195,91,85
467,191,86,83
481,190,83,75
495,198,84,81
498,199,95,87
505,190,106,84
518,184,111,82
515,173,104,86
519,158,116,85
527,150,106,85
522,139,100,87
520,133,100,85
512,131,105,90
504,130,97,84
496,127,91,83
472,119,96,92
464,113,94,92
454,104,93,87
443,91,91,87
439,80,95,88
423,75,98,93
417,83,96,78
407,90,92,81
395,87,93,82
380,92,99,88
379,94,92,87
369,93,96,88
367,101,95,84
360,105,94,84
345,103,96,87
350,100,95,94
352,102,97,94
360,101,98,101
360,102,103,100
375,103,100,95
386,104,99,100
391,107,109,103
389,106,112,108
378,108,101,102
350,105,102,96
318,112,100,87
296,109,101,86
272,105,108,94
252,97,115,110
229,101,119,101
215,105,118,99
202,106,120,103
225,105,114,102
240,105,123,109
237,110,121,112
217,111,127,96
201,107,128,106
188,103,131,105
180,100,128,106
172,99,131,109
164,98,138,105
164,105,140,107
168,107,142,113
172,112,143,127
175,119,151,115
187,123,150,120
214,137,141,115
226,150,142,109
250,165,141,125
266,181,148,117
276,188,154,108
293,188,155,113
307,184,154,112
309,174,160,119
320,171,153,109
330,166,164,107
344,159,163,112
353,159,167,110
369,157,155,118
361,147,163,116
369,150,174,104
380,146,165,122
374,144,164,117
372,139,163,119
372,136,167,116
373,131,167,119
369,130,159,127
368,131,161,122
352,136,156,116
344,151,161,116
335,154,157,102
302,142,160,97
291,139,148,99
271,140,153,100
265,138,145,101
248,130,148,117
231,147,168,111
237,180,152,112
248,182,148,104
242,179,143,104
199,177,140,95
155,188,133,83
89,199,142,94
70,185,148,103
56,164,154,100
46,153,159,104
43,144,162,105
44,146,169,103
58,148,166,85
79,137,160,72
83,111,161,69
107,83,156,68
135,70,161,72
163,61,145,85
186,54,145,82
205,52,155,80
218,52,151,89
244,50,149,88
266,45,150,94
277,37,154,92
286,31,152,99
288,28,151,101
286,28,149,95
289,30,153,95
294,32,156,101
293,32,152,98
284,34,149,95
272,43,150,87
259,54,152,78
242,63,151,82
224,71,148,89
209,78,150,91
202,82,144,93
186,89,151,86
173,90,149,94
169,93,146,94
155,94,155,95
147,96,155,93
137,94,158,92
129,91,163,98
129,88,159,102
128,87,153,95
115,86,167,95
116,82,164,94
106,73,169,95
103,64,168,100
106,65,166,96
93,64,174,92
94,62,180,96
81,60,179,101
79,59,179,100
86,62,170,98
76,66,173,94
62,69,184,92
62,71,184,91
59,78,185,91
66,78,176,94
67,83,181,93
60,85,185,93
61,87,179,91
64,89,175,92
59,88,181,94
64,94,183,96
62,99,188,94
58,103,186,91
65,106,182,92
61,110,184,99
71,115,178,115
65,129,183,101
62,138,189,95
57,145,192,92
59,152,189,97
54,154,195,91
51,155,195,92
46,156,199,91
52,153,195,100
47,155,205,97
58,157,187,93
56,149,190,102
59,148,186,96
58,146,184,99
61,142,186,99
47,141,200,112
58,134,193,101
65,134,193,102
63,132,187,105
67,124,188,108
65,114,190,102
64,106,191,96
67,96,186,107
66,84,189,111
66,71,190,116
67,62,192,109
73,55,188,125
78,48,190,115
86,40,190,119
92,37,185,116
88,34,182,120
96,29,181,126
95,29,186,122
101,29,189,119
103,34,184,124
102,39,186,125
120,40,174,122
127,47,169,123
127,52,170,124
124,54,176,130
116,61,162,126
89,70,168,130
80,68,172,130
78,79,177,136
94,105,171,120
122,120,164,116
137,124,163,115
160,129,165,113
184,146,161,119
201,151,156,125
217,141,157,126
230,137,154,122
239,132,156,122
249,131,152,117
252,130,152,120
252,128,153,127
255,130,157,117
259,126,150,120
248,127,141,112
226,124,151,115
212,124,152,120
194,117,151,117
168,111,144,129
133,104,144,135
105,97,158,136
117,81,157,142
112,70,159,142
101,56,157,134
107,52,156,137
109,46,163,132
129,30,152,145
144,27,151,149
159,24,142,153
171,39,146,141
172,48,142,126
186,59,137,127
190,69,138,133
212,69,130,118
207,81,131,134
191,99,133,135
180,109,127,131
183,117,131,125
179,123,128,126
171,124,130,126
163,132,130,121
153,135,131,123
141,145,136,131
141,151,128,134
141,154,129,132
140,154,128,135
138,150,130,128
130,144,130,121
122,128,131,126
125,120,132,134
128,114,126,122
127,106,127,129
131,104,127,122
129,94,131,118
142,78,129,121
151,68,123,133
162,60,123,127
178,54,119,138
188,47,116,134
199,46,115,120
201,41,119,129
200,41,120,132
198,37,118,125
202,33,113,117
219,32,113,127
224,33,118,126
229,32,117,130
238,34,115,128
243,38,112,128
245,41,111,120
247,41,111,116
246,42,112,120
251,43,115,116
262,47,109,118
271,51,114,109
285,53,106,114
298,61,105,115
305,64,109,119
308,65,107,118
314,62,106,102
321,70,107,110
329,73,104,106
332,79,111,103
339,87,110,89
350,90,106,100
356,94,107,100
365,97,104,103
371,102,106,104
382,107,107,102
400,108,108,99
409,112,109,106
416,115,112,111
419,118,111,102
417,123,115,104
418,125,110,102
414,122,118,97
422,116,118,96
433,116,117,97
431,113,123,96
444,106,122,102
450,106,119,109
451,105,119,109
452,105,117,112
455,106,122,100
457,100,120,107
461,99,122,106
470,96,120,100
480,95,121,87
489,88,121,89
507,84,121,99
508,80,118,94
516,79,116,105
516,77,118,108
516,77,117,116
520,79,112,118
517,84,113,113
512,86,115,111
508,89,117,113
503,94,119,108
495,99,120,101
490,105,125,103
483,102,126,105
487,116,115,100
485,124,113,105
481,134,117,111
479,158,120,104
471,176,123,107
462,197,122,114
457,219,121,112
459,234,116,112
459,247,116,103
452,257,122,97
447,263,123,91
450,268,119,91
443,274,119,85
441,281,120,79
437,278,120,80
430,278,121,80
429,280,120,79
427,278,120,80
427,279,118,81
429,277,113,81
420,274,122,86
422,269,119,90
422,264,118,94
422,254,119,98
419,244,116,109
418,237,113,108
417,230,111,113
422,227,106,104
414,218,113,106
412,206,113,101
411,195,110,101
410,186,118,106
417,173,113,106
417,163,121,102
423,150,118,96
424,132,121,102
425,106,128,99
439,82,119,99
441,62,122,93
452,36,121,104
455,11,137,111
458,1,137,102
460,3,132,86
467,1,120,79
470,3,118,78
472,3,117,82
474,3,113,86
474,2,114,85
469,4,117,85
470,2,122,92
468,2,130,89
467,1,133,95
456,9,129,113
450,20,129,116
437,37,127,106
431,50,121,99
420,63,121,85
404,81,117,81
387,87,117,85
375,96,114,82
360,104,109,83
339,113,112,82
324,124,106,80
303,132,109,86
287,141,102,82
266,151,105,80
249,154,100,86
228,159,99,86
219,160,100,99
208,161,104,93
201,163,103,112
185,165,98,100
169,169,101,110
144,167,113,119
126,166,116,117
108,167,121,127
95,159,131,137
91,159,132,146
94,156,133,138
99,156,130,142
110,160,131,145
113,161,127,142
118,172,121,132
117,169,123,136
123,164,124,136
122,166,121,139
126,170,126,130
130,174,129,134
138,186,126,133
143,198,122,133
147,206,124,138
151,217,125,133
149,226,128,129
149,234,130,121
156,245,128,116
159,257,131,102
163,268,127,91
166,278,128,83
172,280,133,80
177,289,132,70
179,292,130,65
173,298,134,58
176,301,129,57
166,298,134,61
162,294,129,65
159,285,134,75
154,283,128,77
152,270,127,90
144,261,133,96
145,248,128,105
145,236,126,113
144,222,128,125
148,211,123,124
152,199,126,127
167,193,123,122
174,186,123,124
182,182,121,120
192,178,123,121
199,169,117,127
209,165,118,113
214,158,115,115
213,152,109,104
222,139,112,111
227,133,115,110
235,129,112,114
247,128,110,114
255,128,107,114
256,133,107,110
259,139,105,113
262,146,105,112
263,148,106,115
258,152,109,116
261,153,103,117
263,155,100,114
264,155,95,102
258,152,99,99
259,145,102,98
259,134,101,97
263,122,100,90
262,108,101,93
266,103,93,89
260,90,91,89
258,79,92,91
260,71,92,94
259,61,102,101
271,58,96,99
279,61,98,96
286,63,96,100
295,67,99,100
302,74,95,97
305,76,95,100
311,78,95,99
319,83,89,99
320,86,92,96
327,85,91,97
338,85,89,97
344,88,94,97
353,90,90,92
365,93,91,93
369,98,91,88
377,102,93,98
381,111,95,85
384,119,89,89
380,128,90,90
377,135,88,86
371,146,87,70
357,156,83,86
340,159,83,84
326,160,80,88
311,157,81,93
291,157,81,93
276,159,84,83
252,156,92,86
232,156,95,78
214,147,94,91
190,147,91,98
172,147,98,101
159,147,94,100
145,148,94,103
132,150,98,107
116,148,102,103
102,148,103,107
95,145,104,107
78,142,110,113
66,142,114,118
71,143,114,114
81,146,111,112
101,149,97,103
138,150,84,75
185,155,84,57
192,150,94,72
219,148,88,58
238,147,86,69
277,139,86,73
312,130,99,73
349,123,97,72
383,116,94,76
413,109,99,79
431,102,106,95
453,100,102,94
463,98,102,103
481,96,97,105
493,96,103,106
500,96,101,102
514,96,111,100
520,94,106,106
532,96,103,101
540,99,96,97
552,101,86,102
560,98,79,103
562,104,75,102
564,105,75,100
564,106,75,99
555,105,81,100
550,111,87,99
535,111,97,99
523,111,102,93
500,118,116,87
470,125,93,96
446,131,91,98
420,137,84,101
404,145,87,85
385,147,86,92
374,149,82,90
355,151,81,94
341,152,79,94
325,154,89,90
314,154,85,92
305,151,88,95
306,153,86,92
305,156,87,89
310,160,89,90
322,168,92,90
330,177,92,92
339,185,93,95
347,189,93,102
354,201,92,84
355,213,96,94
349,222,97,99
352,232,98,96
348,237,97,90
342,240,95,102
331,240,97,96
323,242,100,95
311,242,90,94
297,241,93,95
285,241,96,94
275,240,93,95
259,238,93,94
247,234,94,92
239,230,95,94
222,225,94,99
212,222,94,97
194,215,98,99
179,210,98,95
167,201,100,99
150,192,101,97
128,181,102,95
103,165,103,100
88,147,107,97
76,129,113,104
63,116,116,102
65,104,114,104
69,91,115,109
77,89,112,108
78,84,115,106
86,78,113,107
84,71,115,109
98,64,114,108
108,57,113,104
125,50,106,98
142,44,98,101
154,43,99,105
168,45,93,103
189,46,91,91
209,41,89,87
228,38,90,87
247,33,89,95
265,30,90,98
283,29,86,87
298,22,89,99
314,24,85,94
333,25,85,92
349,25,85,95
369,27,87,92
381,31,87,92
400,38,89,93
412,42,88,88
425,45,92,94
438,51,90,91
445,59,94,93
454,66,100,87
465,72,99,95
471,79,98,96
475,88,103,97
482,98,98,99
484,110,103,100
486,118,104,98
484,127,104,96
486,138,102,96
489,147,103,93
487,155,103,90
482,160,107,97
477,169,106,96
468,179,106,81
451,189,91,76
433,203,76,83
414,214,78,92
387,222,79,89
368,223,85,97
354,226,89,93
355,225,87,98
345,225,91,97
343,223,92,97
337,223,93,98
330,224,92,96
321,223,89,97
311,226,91,98
302,223,88,98
291,225,84,99
277,225,85,100
255,224,82,95
233,222,81,96
205,215,84,91
183,209,96,92
170,205,97,96
162,202,99,96
150,195,94,94
143,188,103,95
136,182,98,90
128,177,98,94
114,169,105,98
98,155,105,99
87,145,109,98
79,131,107,101
75,117,111,98
81,110,111,101
95,101,111,108
105,97,107,101
115,92,108,103
132,86,103,106
147,82,98,99
157,74,98,98
174,65,90,94
191,57,92,88
208,54,86,98
227,51,86,100
248,56,83,95
264,61,87,89
280,65,83,88
298,72,81,96
312,80,83,87
326,83,79,86
332,91,83,85
337,102,76,82
329,108,83,91
327,114,84,87
324,123,77,79
318,122,80,89
316,120,80,88
310,117,82,87
314,116,78,92
311,114,79,86
319,110,76,88
323,115,81,86
327,121,79,87
328,121,80,88
329,127,78,87
328,135,78,83
324,140,81,87
330,144,77,83
334,144,82,81
344,139,82,77
350,140,81,82
345,143,83,76
338,147,87,88
333,153,85,80
326,160,83,85
318,168,86,82
313,177,84,82
311,181,82,82
308,187,81,83
311,183,81,89
315,189,81,87
316,192,80,83
317,196,81,84
321,204,84,81
324,207,81,80
328,209,80,79
327,210,86,80
327,208,88,77
331,203,83,78
331,200,84,78
328,197,88,77
326,194,85,75
327,194,88,80
327,192,85,77
329,190,85,75
330,182,88,76
330,170,89,80
334,163,90,78
340,154,89,80
344,150,89,77
360,147,83,76
363,146,85,83
370,152,87,77
385,157,84,76
391,161,85,82
396,164,90,83
404,168,87,80
407,171,90,79
413,172,93,79
418,173,92,82
421,175,91,82
424,174,89,83
420,173,92,82
421,174,95,81
419,171,95,80
417,169,93,85
417,170,95,82
417,168,90,80
414,168,94,82
414,173,92,78
417,172,96,78
413,172,92,78
412,170,94,83
416,170,94,82
415,165,94,82
420,163,93,76
425,160,91,77
435,157,86,77
436,159,89,79
431,162,96,78
436,164,95,83
433,165,96,82
432,165,93,82
429,169,93,82
419,170,90,80
417,168,95,85
416,163,85,83
409,159,85,86
401,155,86,85
377,159,89,83
361,164,84,75
342,165,80,87
335,168,74,84
319,169,80,87
311,166,77,84
303,174,81,93
298,173,81,92
296,171,83,95
296,167,81,97
294,166,82,92
290,163,86,92
292,156,82,94
288,153,85,99
286,150,83,88
292,144,88,81
308,131,88,73
307,115,94,93
314,116,88,95
312,106,92,95
320,100,91,99
318,102,91,98
318,99,94,102
326,107,96,99
330,111,95,99
333,108,98,90
346,113,100,95
341,114,101,105
341,117,97,103
341,115,106,113
350,129,104,112
348,146,113,102
344,155,107,117
347,166,110,118
350,173,110,116
362,187,112,111
376,192,118,126
362,200,118,116
343,206,115,105
332,207,118,121
332,213,116,123
336,221,122,116
337,221,123,112
339,217,124,121
339,224,129,117
336,227,136,111
332,218,136,115
327,217,137,126
324,224,139,117
325,225,145,120
314,228,151,121
321,231,148,117
321,232,146,114
310,228,150,108
303,223,147,118
301,229,148,111
299,234,143,112
280,233,144,113
262,230,145,116
211,233,141,111
172,217,151,121
144,203,152,118
126,189,158,115
105,181,160,119
91,166,160,100
73,145,166,106
63,125,165,90
47,108,170,110
40,126,176,108
42,120,173,108
57,104,174,93
83,90,172,99
93,90,169,91
109,81,168,90
127,78,156,101
110,44,170,113
115,26,165,99
109,13,176,112
112,14,171,113
145,20,160,83
216,24,144,79
248,10,162,86
299,2,163,79
336,2,179,73
359,5,175,84
376,12,185,105
386,17,172,104
372,28,165,105
362,33,166,109
349,42,164,100
329,53,162,99
318,65,156,89
299,73,158,92
284,79,154,95
267,84,169,93
258,93,165,95
257,94,162,93
256,92,154,97
246,89,158,98
233,92,160,89
163,115,162,91
159,118,162,90
159,122,159,93
160,127,163,95
160,128,159,99
159,130,160,94
155,130,162,99
158,125,153,100
144,133,169,91
152,130,161,93
150,132,164,93
154,128,162,98
148,126,164,99
153,128,159,88
143,129,171,88
145,126,166,97
142,127,162,92
146,125,158,92
136,128,165,93
131,130,164,92
121,132,162,92
106,132,169,93
74,129,178,91
56,126,180,100
46,124,179,100
26,118,183,101
9,115,179,97
10,104,175,108
7,97,167,109
0,91,163,118
3,78,157,117
-1,78,157,118
2,73,152,113
2,70,155,119
0,64,150,119
3,58,146,117
4,53,151,114
2,46,156,129
0,36,169,134
1,28,165,135
1,21,170,125
5,14,163,128
6,6,170,115
5,1,159,108
1,2,173,106
8,0,176,102
2,0,179,96
4,3,184,93
7,2,190,86
10,1,185,79
8,5,183,80
6,2,188,94
4,1,195,92
6,3,195,87
5,1,206,86
7,2,200,84
4,2,205,84
6,0,215,88
2,0,204,94
2,3,202,92
2,1,207,101
-4,1,205,101
6,4,205,106
2,12,210,101
6,19,205,113
10,27,198,111
12,35,207,105
6,40,208,103
14,54,207,97
18,64,202,111
11,75,205,102
30,87,187,101
24,96,191,103
41,101,176,111
51,104,169,102
41,108,167,108
37,105,173,114
43,113,172,113
36,127,179,99
36,137,177,101
53,144,168,106
36,154,182,102
52,157,170,103
43,165,181,99
41,169,187,110
51,167,174,120
43,176,179,109
42,179,180,108
44,185,179,101
38,191,184,102
27,192,187,104
36,199,188,102
47,205,174,104
59,210,168,108
49,213,178,106
52,220,172,111
50,220,170,108
52,217,171,116
45,216,175,104
52,211,172,108
56,205,172,104
45,199,173,103
34,192,184,109
20,183,195,108
18,174,191,115
10,169,194,107
14,162,187,102
5,153,193,100
8,148,181,99
16,134,169,103
14,123,165,108
7,112,166,121
6,99,161,119
4,87,152,119
3,78,144,121
5,72,135,123
3,64,136,127
5,60,133,124
1,54,138,123
0,51,139,123
0,48,138,118
0,46,139,123
-2,48,143,126
1,48,140,132
7,53,144,120
5,54,148,120
7,63,158,123
9,73,164,124
12,78,178,115
17,92,178,115
33,92,171,113
59,89,155,116
64,97,162,109
59,98,179,99
57,105,184,99
66,105,191,95
83,108,188,101
93,104,187,104
97,112,189,103
115,111,187,100
126,113,182,99
132,113,186,97
139,112,191,99
142,113,191,98
145,114,187,98
161,112,177,105
165,114,187,110
175,116,186,105
187,113,186,111
190,111,177,105
200,108,181,112
212,104,182,113
215,102,190,110
231,98,186,119
238,93,181,125
242,97,188,114
256,98,189,106
271,96,184,115
281,96,181,119
292,95,180,127
297,98,185,126
303,101,182,123
298,100,192,127
307,101,185,126
314,106,184,104
312,107,189,109
22,98,157,112
10,97,169,107
5,98,169,116
2,95,164,116
4,93,166,130
4,94,157,119
5,93,157,122
7,90,150,108
2,93,158,115
5,90,151,125
1,92,145,118
3,91,148,117
3,91,136,120
2,94,142,117
1,97,134,108
3,100,135,119
3,100,139,116
6,104,137,124
6,110,143,121
4,117,149,107
2,121,154,104
7,124,158,113
9,121,159,109
11,127,167,107
14,127,163,107
14,133,170,102
7,130,188,102
9,126,189,100
10,125,190,103
14,127,189,103
18,126,194,103
18,123,197,109
17,118,197,103
36,118,189,97
50,112,176,108
49,113,182,102
52,113,182,107
55,108,180,109
59,111,180,104
55,112,188,102
63,106,184,101
60,107,182,106
65,109,185,105
72,107,183,104
69,110,185,108
74,109,180,107
76,106,184,109
81,108,177,103
83,109,179,106
84,111,177,105
87,109,185,107
86,106,179,106
85,106,183,104
80,102,182,107
67,101,186,103
60,98,182,105
45,99,178,102
9,99,200,107
0,96,190,110
0,97,177,114
3,94,157,119
2,97,132,107
0,102,113,98
-14,101,93,103
-14,101,93,103
-14,101,93,103
-14,101,93,103
-14,101,93,103
-14,101,93,103
-14,101,93,103
-14,101,93,103
-14,101,93,103
-14,101,93,103
-14,101,93,103
-14,101,93,103
-14,101,93,103
-14,101,93,103
-14,101,93,103
-14,101,93,103
-14,101,93,103
-14,101,93,103
-14,101,93,103
-14,101,93,103
-14,101,93,103
-14,101,93,103
-14,101,93,103
-14,101,93,103
-14,101,93,103
-14,101,93,103
-14,101,93,103
-14,101,93,103
-14,101,93,103
-14,101,93,103
-14,101,93,103
-14,101,93,103
-14,101,93,103
0,115,81,105
3,121,109,102
14,121,128,111
39,121,131,115
58,122,137,109
72,114,145,114
64,105,174,124
65,98,190,119
72,95,192,114
77,94,201,119
93,93,202,123
103,90,198,125
116,95,187,120
120,99,199,120
128,100,188,122
131,102,194,122
145,106,189,121
149,109,191,119
157,110,187,120
160,113,186,117
165,114,185,124
166,117,190,122
166,123,180,130
160,129,188,135
151,143,183,123
131,151,185,123
128,149,186,125
125,145,180,136
136,150,180,127
146,153,178,127
170,160,159,127
190,162,153,131
208,162,153,124
223,161,157,128
244,152,151,127
257,144,156,124
269,134,158,123
296,128,143,122
311,124,135,115
323,118,143,118
329,115,144,122
339,113,137,128
355,115,134,131
369,119,140,119
374,129,140,123
369,148,138,131
350,165,138,135
342,169,138,127
350,155,135,135
376,145,141,125
394,122,144,131
394,122,146,134
388,128,145,140
372,133,146,122
372,133,139,103
362,118,138,110
354,113,139,120
338,113,139,132
323,121,125,130
300,124,125,137
290,125,123,136
275,130,118,129
260,131,119,119
251,119,119,119
227,116,120,117
203,97,109,120
172,72,122,128
171,56,127,123
166,40,123,129
165,38,122,131
164,39,116,129
150,40,118,134
146,49,120,123
158,56,115,124
153,55,113,132
151,56,118,131
142,56,111,122
132,51,114,131
132,54,114,125
133,60,112,125
134,67,110,120
149,79,108,113
150,84,106,108
139,82,106,117
134,94,109,120
140,105,105,116
146,120,104,117
150,122,106,114
164,131,97,104
164,143,95,102
159,143,93,111
151,143,96,107
140,151,103,108
148,152,96,108
140,145,92,101
125,138,90,103
116,138,97,106
120,140,102,103
133,147,92,97
148,150,85,98
159,160,87,98
175,173,85,92
180,185,89,94
173,199,89,92
171,213,88,94
177,227,82,86
198,240,82,89
212,247,79,87
221,251,79,89
237,253,73,86
245,252,72,79
246,247,77,76
249,241,79,71
255,223,83,57
287,200,87,60
314,186,87,59
339,179,81,57
360,168,75,52
373,155,70,66
375,147,75,72
377,140,79,70
382,133,84,67
396,129,84,70
401,124,79,72
404,117,83,76
426,115,70,84
422,120,80,80
423,125,78,78
420,128,76,79
418,134,75,67
411,142,76,71
406,149,73,73
409,160,71,77
407,176,70,75
406,185,69,74
412,195,72,77
414,201,69,79
415,205,70,75
414,213,70,80
414,222,67,79
419,228,65,75
422,236,65,73
425,241,65,74
428,244,70,73
433,245,67,77
431,238,72,75
437,229,72,70
448,213,69,69
451,202,71,70
451,198,68,71
455,196,69,72
458,192,68,68
462,185,71,68
465,177,77,68
470,169,76,68
476,157,77,74
481,154,70,70
479,150,71,74
476,149,72,73
475,152,68,71
474,152,68,71
474,152,71,78
471,152,76,79
475,152,70,72
482,154,69,73
483,157,71,74
483,158,75,76
481,163,75,72
476,166,72,73
474,169,73,71
473,168,72,75
474,170,73,75
470,173,69,76
468,177,68,72
461,184,67,72
458,183,73,75
452,193,73,71
448,194,71,70
446,197,70,70
446,196,68,72
444,195,71,72
437,195,73,72
432,196,66,71
425,192,65,71
419,188,65,72
413,184,69,73
410,176,69,73
402,175,68,71
398,171,67,76
394,168,72,79
393,166,67,80
389,166,69,79
389,162,74,73
386,159,76,78
387,158,74,79
385,157,76,83
386,158,77,80
391,159,78,81
395,157,80,80
401,159,78,79
406,163,80,81
415,165,77,72
416,172,81,88
420,175,84,88
422,178,92,82
426,181,91,90
429,180,94,91
436,183,92,98
433,183,98,84
442,180,99,77
441,178,102,80
443,179,97,92
440,177,102,87
442,174,108,95
442,172,105,88
439,176,113,84
441,179,115,90
436,180,117,87
437,186,112,91
436,187,119,89
434,191,116,92
434,195,123,84
435,197,112,85
431,193,116,84
433,190,114,86
437,197,108,86
435,196,107,89
430,195,109,85
429,193,108,83
427,188,104,82
427,185,98,80
428,185,92,83
428,186,89,89
420,187,96,92
424,189,84,75
419,187,82,79
414,184,86,72
422,174,84,68
424,164,84,79
426,158,85,76
431,156,80,78
432,157,79,80
426,164,77,72
423,163,80,75
424,158,80,76
426,156,79,76
436,151,79,75
446,149,73,76
454,148,77,79
461,147,80,74
476,150,69,80
486,154,77,77
491,162,81,75
494,169,84,70
498,177,81,80
495,180,78,74
510,177,81,81
526,175,98,81
524,168,88,82
522,168,82,81
518,170,82,81
516,172,82,80
506,170,83,78
494,159,82,74
490,147,86,77
487,133,92,77
471,120,102,65
455,114,98,59
426,109,99,58
392,102,101,76
366,86,93,87
337,76,93,85
306,77,78,84
268,78,84,74
245,64,97,88
212,67,96,93
177,69,99,93
145,79,89,93
115,87,95,101
80,90,113,96
55,98,120,104
18,92,131,125
6,93,131,132
1,92,129,140
4,90,131,146
7,85,138,151
27,85,133,127
47,84,135,110
72,83,126,98
107,70,113,99
142,60,110,94
171,53,107,89
228,51,91,84
265,40,80,79
298,44,77,67
334,45,76,68
367,57,72,61
378,55,74,67
394,64,82,64
407,70,96,77
441,82,104,88
466,103,98,90
490,120,93,92
505,139,92,94
507,155,88,87
487,165,89,79
468,186,90,77
452,199,94,81
447,201,89,92
449,205,87,83
445,207,81,82
442,205,81,83
433,202,79,86
427,198,77,80
419,193,77,78
413,184,81,73
409,170,80,70
409,159,78,67
404,148,78,70
396,134,79,74
393,120,81,74
391,108,76,74
383,97,81,77
377,85,86,88
379,79,86,77
382,75,85,81
386,70,90,89
396,71,93,83
415,71,91,84
425,76,89,78
442,81,101,81
457,86,92,86
469,98,92,81
477,110,95,86
487,123,96,81
487,141,95,88
491,161,90,93
485,177,93,94
486,196,89,86
480,215,91,85
475,229,90,95
473,249,87,90
461,268,92,90
447,282,94,72
432,301,90,56
413,314,92,43
402,323,83,38
399,327,86,34
398,328,86,31
402,320,81,37
402,315,87,42
404,305,93,54
407,295,91,64
413,282,88,71
415,269,88,84
416,259,91,83
421,247,85,81
424,235,82,82
429,219,85,81
434,205,83,79
434,189,83,78
443,174,79,69
451,158,77,68
450,138,85,74
458,117,82,78
459,91,88,77
469,63,86,74
474,38,89,66
479,13,97,70
491,4,106,69
503,1,121,68
505,2,102,60
520,3,104,62
532,2,98,64
530,1,102,75
534,4,99,87
543,5,99,86
540,11,94,103
558,25,79,91
570,35,66,99
579,39,58,91
579,39,58,91
579,39,58,91
579,39,58,91
579,39,58,91
579,39,58,91
579,39,58,91
579,39,58,91
579,39,58,91
579,39,58,91
579,39,58,91
579,39,58,91
579,39,58,91
579,39,58,91
584,100,55,89
571,105,65,104
559,109,79,108
549,110,85,103
542,121,95,93
529,127,103,84
521,132,108,95
516,137,116,97
511,142,106,93
507,152,114,91
505,158,107,90
503,165,102,94
498,174,102,96
502,182,98,91
499,198,102,82
497,215,104,80
491,226,102,97
486,234,104,105
487,238,102,107
487,244,101,100
488,249,100,100
484,252,100,102
485,258,100,90
483,256,101,94
479,253,101,99
484,258,96,96
483,255,102,93
481,252,102,98
486,248,97,98
490,244,106,90
503,236,106,94
512,233,104,88
538,232,93,81
558,238,81,77
558,238,81,77
558,238,81,77
558,238,81,77
558,238,81,77
558,238,81,77
558,238,81,77
558,238,81,77
558,238,81,77
558,238,81,77
558,238,81,77
558,238,81,77
558,238,81,77
558,238,81,77
558,238,81,77
558,238,81,77
558,238,81,77
558,238,81,77
558,238,81,77
558,238,81,77
558,238,81,77
558,238,81,77
558,238,81,77
558,238,81,77
558,238,81,77
558,238,81,77
558,238,81,77
558,238,81,77
568,242,74,73
524,244,79,59
478,229,93,71
454,218,102,72
437,208,95,77
423,201,90,85
414,191,89,86
404,180,92,82
400,172,97,85
397,162,96,80
393,154,104,78
400,142,100,80
398,134,96,89
401,129,99,89
400,122,96,87
396,119,104,97
401,121,99,93
405,122,97,95
406,124,99,87
419,126,98,83
431,127,97,82
448,130,97,81
479,137,95,75
526,145,112,76
540,165,96,78
568,188,75,73
568,188,75,73
568,188,75,73
568,188,75,73
568,188,75,73
568,188,75,73
568,188,75,73
568,188,75,73
568,188,75,73
568,188,75,73
568,188,75,73
568,188,75,73
568,188,75,73
568,188,75,73
568,188,75,73
568,188,75,73
568,188,75,73
568,188,75,73
568,188,75,73
568,188,75,73
579,238,59,80
563,225,71,76
533,223,84,75
506,218,90,89
485,212,92,86
471,205,95,90
460,194,92,97
449,187,92,93
434,181,100,93
428,174,93,97
423,166,101,91
415,156,100,97
411,144,98,102
403,134,102,94
396,127,97,93
388,118,100,92
379,108,99,91
373,99,101,89
373,88,96,88
362,79,101,97
357,72,100,95
354,63,101,98
347,56,101,101
346,50,99,105
336,45,101,110
327,41,102,105
324,33,102,103
322,30,102,107
318,34,98,108
311,25,102,108
304,25,106,111
299,21,102,114
292,21,110,116
286,26,111,99
272,29,113,108
267,30,112,114
253,33,117,112
245,36,118,110
233,43,116,112
214,45,125,120
215,46,119,113
215,48,113,109
206,52,123,113
196,54,124,121
186,55,127,122
182,59,126,125
184,64,121,135
170,65,133,131
171,72,129,131
171,76,124,127
162,82,124,133
151,84,131,126
143,90,127,128
128,90,130,122
116,90,127,127
93,88,136,133
79,85,140,141
73,81,145,145
61,76,140,150
41,78,151,152
23,67,160,180
18,62,161,191
11,63,160,195
9,57,154,191
4,53,153,207
0,54,155,195
7,52,155,203
4,52,144,197
5,51,154,200
14,48,155,184
20,34,158,174
19,34,166,168
9,23,164,165
10,22,163,167
6,18,164,154
7,9,164,171
1,8,172,156
9,4,165,174
10,6,171,169
18,7,171,152
26,19,169,149
44,25,159,149
61,36,150,151
69,43,150,149
81,50,144,151
90,60,138,142
92,70,140,140
94,75,138,148
97,84,138,136
102,88,135,145
113,96,136,145
115,106,136,134
123,117,131,126
124,127,131,127
129,132,132,135
123,145,128,123
109,149,127,131
98,167,131,119
82,172,139,131
78,175,137,145
68,177,145,150
74,184,138,155
66,182,142,149
66,197,139,145
67,198,139,146
67,207,136,144
56,210,141,143
57,215,139,141
51,213,141,144
46,212,145,141
45,211,147,138
48,206,145,140
53,200,144,138
54,191,142,139
57,182,142,143
53,173,150,141
60,166,145,145
65,157,134,128
73,154,134,124
72,141,139,123
78,131,139,132
81,121,141,136
88,114,143,140
101,120,133,123
112,109,134,133
127,107,132,140
135,101,129,139
150,105,125,118
160,105,120,116
166,101,124,119
174,98,126,122
183,90,126,122
189,79,125,127
204,80,120,120
210,78,124,115
217,72,123,116
236,70,110,103
242,55,114,109
259,51,111,115
273,49,110,103
290,50,102,93
299,43,107,95
308,44,111,98
329,47,107,107
336,47,108,102
348,51,111,102
365,58,106,95
370,63,114,96
386,68,116,99
399,75,106,96
405,81,116,94
408,93,120,110
415,105,123,89
425,112,120,97
434,121,128,99
448,126,125,98
448,127,129,94
452,129,130,91
452,128,136,96
467,129,132,93
476,131,138,95
484,130,141,99
494,127,136,105
504,128,132,103
506,121,123,111
512,115,118,108
522,112,112,107
522,106,112,107
519,101,112,106
520,96,114,107
514,91,120,107
506,86,124,111
507,83,127,109
507,86,123,116
494,85,135,108
490,92,131,109
481,99,141,102
479,107,126,105
471,117,127,110
468,125,127,110
466,134,128,106
466,142,127,115
468,149,125,112
471,161,127,104
477,166,126,110
475,170,128,113
476,175,126,110
475,184,125,105
475,180,124,109
472,184,124,112
467,183,119,109
466,183,112,104
452,179,107,116
449,179,105,113
434,175,109,108
420,166,109,116
411,164,117,103
406,164,110,104
398,163,110,106
385,168,117,110
377,180,116,102
366,185,118,107
359,195,114,113
357,200,111,115
349,210,110,117
342,212,109,124
342,222,100,115
326,225,106,117
309,229,112,117
296,239,120,113
291,241,110,114
287,244,108,113
278,251,111,104
256,255,113,103
242,252,114,107
226,250,115,107
208,246,122,110
200,249,117,109
187,244,119,111
164,244,124,112
147,244,128,117
130,244,137,115
114,239,142,121
95,243,139,114
70,230,153,128
59,234,149,123
43,230,150,129
14,224,167,135
5,220,161,137
0,206,154,146
-6,202,147,150
1,199,133,149
-1,179,123,161
1,168,106,164
3,153,110,175
-2,153,97,148
-1,133,93,169
0,126,83,160
0,116,85,151
0,103,90,149
0,88,93,162
-1,72,91,164
3,56,89,154
5,43,92,152
5,27,93,152
2,8,109,166
4,8,119,156
3,5,129,159
2,1,143,144
6,0,157,143
25,3,153,128
50,1,142,128
75,0,131,121
88,1,133,101
107,1,130,111
129,4,124,109
142,4,123,106
147,3,129,112
163,0,119,118
173,0,112,118
177,1,122,114
196,6,117,115
206,9,120,117
221,10,113,115
238,14,113,108
253,19,110,111
278,25,104,108
296,31,99,99
314,36,100,107
330,45,98,100
340,50,105,109
355,62,100,91
359,68,111,87
369,75,115,97
381,85,104,98
389,95,105,96
396,105,109,91
408,112,107,102
410,114,113,100
419,122,109,99
421,124,114,98
435,132,121,96
446,141,114,91
457,145,113,96
465,148,114,100
470,148,115,101
477,150,112,96
486,151,124,92
492,153,125,108
496,155,123,107
501,157,130,96
503,161,130,107
499,167,131,107
495,168,122,100
490,171,124,112
494,176,113,105
487,175,115,102
482,172,113,109
475,172,113,101
467,171,107,107
462,173,106,105
459,176,102,102
448,176,104,106
440,175,106,110
432,178,106,108
432,177,102,114
419,176,105,116
413,176,105,111
397,182,105,102
384,188,107,98
369,196,109,95
368,201,101,96
351,210,103,94
339,215,102,105
328,222,98,105
317,222,94,102
299,228,96,99
284,229,91,83
262,230,93,97
244,227,99,100
228,226,102,104
211,223,101,113
196,219,107,117
189,218,100,118
178,213,106,114
171,203,113,118
166,195,114,114
161,185,111,104
155,173,115,109
152,162,107,104
150,144,116,101
147,133,115,99
146,119,109,95
145,98,116,99
159,83,115,99
174,77,107,88
199,71,112,95
210,67,109,94
230,65,107,85
236,57,107,89
261,50,91,98
276,51,91,97
283,54,86,96
286,60,88,98
287,62,90,96
297,67,86,91
300,74,92,92
308,81,86,90
307,79,86,89
306,78,83,90
298,78,83,90
303,88,81,79
314,93,82,84
328,101,79,82
341,110,74,79
356,120,74,70
368,126,78,74
383,132,80,73
398,137,80,70
423,138,78,64
442,142,80,68
453,144,85,79
480,140,79,73
503,150,91,73
524,153,88,80
539,159,93,76
550,166,87,81
563,171,72,82
568,180,69,81
568,184,69,83
563,185,74,87
561,188,74,91
556,186,81,92
549,186,85,80
537,184,85,82
526,183,103,82
507,183,112,66
491,182,124,70
483,175,104,74
473,174,101,79
459,169,85,72
449,164,88,78
439,158,82,76
433,149,81,83
428,146,83,84
430,144,83,84
427,143,85,84
426,139,85,91
426,139,84,92
424,137,87,88
431,140,79,84
428,139,87,90
432,141,89,90
435,141,88,88
428,142,90,85
422,142,92,66
401,142,101,60
380,134,101,63
363,135,88,70
365,132,74,84
355,129,83,84
353,128,81,85
357,134,79,79
356,134,84,81
361,141,82,73
369,147,83,79
372,152,87,81
379,159,89,73
393,163,91,75
404,168,88,71
411,167,90,82
421,171,90,76
428,173,90,81
436,173,87,82
443,173,89,78
450,173,93,79
455,170,95,80
455,168,97,71
467,163,98,76
473,162,96,79
480,159,98,76
490,161,97,77
500,163,100,81
511,166,100,79
518,168,111,90
523,172,108,85
535,177,96,90
532,182,104,84
536,183,97,88
536,188,99,85
532,186,100,89
531,187,103,85
522,187,106,91
517,186,112,84
514,187,111,80
504,184,110,80
499,182,103,81
495,183,94,80
484,179,97,80
477,180,101,81
469,181,98,77
463,181,99,81
454,189,96,70
437,189,80,72
422,188,89,82
407,185,91,80
400,189,88,75
388,190,89,80
382,192,87,92
376,199,96,89
374,205,91,94
375,200,91,87
375,195,91,73
358,190,96,80
336,180,88,82
332,165,90,83
333,156,94,88
350,145,94,83
360,126,97,93
361,117,96,96
363,121,86,91
360,118,89,83
343,126,86,87
331,139,88,83
335,138,92,86
367,140,87,86
378,143,98,89
362,135,104,89
341,137,99,97
326,145,98,97
304,153,108,102
279,151,107,106
258,159,103,105
243,152,111,114
238,146,105,115
237,139,110,113
246,149,113,118
260,159,113,119
266,159,110,115
279,160,113,117
294,168,116,107
318,168,117,97
370,166,116,96
400,161,120,104
418,152,130,104
439,145,137,110
436,129,140,114
434,118,138,124
420,110,142,111
414,112,135,119
407,111,133,122
400,115,136,118
397,120,145,122
400,122,142,126
393,118,142,128
387,123,144,128
385,127,142,126
380,131,147,120
389,140,153,114
398,141,149,113
438,152,171,104
461,167,166,120
454,151,178,121
436,130,179,119
422,104,177,118
424,86,161,107
416,72,167,119
406,70,148,135
387,71,158,119
374,80,156,119
362,98,155,104
351,116,151,101
327,132,155,113
317,125,156,112
311,113,151,102
301,108,152,101
292,105,143,106
278,110,145,110
262,113,151,101
257,111,137,109
230,119,145,89
207,115,151,91
204,107,151,97
195,103,151,96
190,102,150,91
184,97,153,106
169,95,154,106
171,98,158,107
174,100,161,113
171,103,167,104
182,111,158,94
201,106,154,106
224,105,147,92
244,102,150,82
250,93,159,93
244,84,162,97
233,77,164,95
227,76,168,94
227,78,158,93
224,85,165,94
210,92,162,94
203,98,166,87
203,104,168,83
189,108,163,91
173,111,162,92
149,111,171,87
126,103,176,102
110,105,177,88
87,104,185,92
69,102,190,95
65,101,181,100
50,102,185,104
40,103,180,105
37,107,184,106
8,106,205,127
5,113,190,114
3,116,199,116
0,121,194,114
-1,120,192,117
9,116,179,117
5,110,180,110
5,106,185,114
4,101,182,122
8,93,177,111
14,86,169,125
8,79,171,115
6,73,165,116
7,62,167,118
11,59,167,122
7,51,187,105
29,44,197,107
44,42,182,101
47,27,171,109
42,31,192,103
48,27,182,104
53,21,180,110
39,25,187,111
65,30,176,113
77,37,183,107
72,35,181,104
66,42,184,105
68,41,184,108
70,43,176,114
50,46,189,113
52,53,178,113
43,57,184,112
29,57,188,111
18,58,195,118
12,58,193,115
9,62,195,119
5,58,194,119
9,63,189,111
7,62,190,120
6,64,184,112
5,62,189,122
6,64,195,114
13,65,188,118
17,71,200,116
21,69,190,115
25,67,181,115
32,72,176,118
48,75,166,107
44,78,168,114
43,85,169,106
50,93,167,103
46,96,162,106
47,100,167,109
42,109,167,103
44,111,174,104
50,114,163,105
46,113,166,107
42,109,161,109
27,110,173,102
20,106,180,106
16,102,174,114
19,104,179,110
27,103,169,113
39,111,157,109
40,121,167,112
45,120,163,108
47,123,158,108
48,129,161,99
43,127,165,108
49,128,158,105
38,132,164,101
38,132,163,104
37,130,158,108
44,132,157,108
45,137,162,102
53,134,157,102
64,137,150,106
71,134,145,107
75,132,155,109
78,135,158,107
79,134,156,107
82,132,153,112
76,132,144,105
76,132,149,106
67,127,152,110
57,131,156,108
54,125,154,112
52,123,151,107
46,126,154,108
45,118,158,117
47,121,161,112
40,119,163,113
45,123,155,111
46,123,159,109
55,130,156,105
63,134,155,106
58,132,157,109
62,130,152,109
65,130,156,105
70,129,152,107
68,128,156,111
68,123,156,114
66,120,158,111
67,118,155,111
64,122,158,109
62,117,154,110
53,119,158,105
51,117,165,106
56,116,153,107
55,119,158,108
59,118,161,110
61,120,160,108
67,122,155,106
57,117,156,110
56,123,162,103
54,117,159,109
55,113,157,110
62,111,159,108
67,108,154,110
69,105,153,108
68,101,154,108
58,98,161,112
55,94,157,116
57,100,159,108
54,97,164,110
48,100,162,110
50,95,157,110
52,96,159,111
56,100,158,110
49,97,160,111
53,95,156,114
56,96,154,111
62,96,153,112
55,96,157,110
62,98,151,106
51,93,165,107
64,91,150,110
60,85,163,113
60,80,162,113
61,79,162,114
50,76,177,104
59,70,172,110
51,68,169,113
49,77,174,116
62,90,173,116
56,102,173,117
69,112,168,115
73,122,172,115
61,128,176,107
60,133,175,111
67,138,177,113
61,138,181,114
56,153,182,110
69,155,174,113
53,160,181,107
55,162,188,114
44,161,186,112
25,163,197,115
13,171,201,119
2,170,202,136
3,170,182,135
8,171,173,129
4,170,177,135
4,154,176,141
1,150,172,134
4,140,173,128
3,130,173,132
9,124,167,131
6,114,178,133
8,105,172,121
9,99,171,129
5,95,180,138
6,94,183,130
3,88,184,128
6,97,198,120
5,106,201,111
6,111,203,132
23,121,193,117
47,125,186,120
69,127,176,117
87,123,175,116
115,109,163,122
140,102,161,118
169,87,162,111
188,78,157,110
214,63,158,113
245,55,158,120
263,46,159,116
269,33,162,127
293,27,160,122
305,22,157,132
310,31,162,131
303,34,157,126
287,56,160,121
272,68,140,118
231,86,144,125
213,86,148,118
208,88,160,129
211,88,150,130
225,80,143,123
220,81,136,112
205,73,137,115
202,70,132,124
194,73,137,123
192,68,132,128
203,69,134,121
218,68,127,123
234,67,125,113
248,56,117,111
260,47,116,121
272,46,120,116
271,47,124,116
270,51,118,121
270,59,116,118
250,79,117,120
249,68,117,117
263,51,119,119
272,42,121,114
274,48,120,114
272,56,114,121
262,64,100,115
243,60,108,111
230,53,111,105
213,39,122,111
209,14,117,117
235,11,102,113
259,21,104,114
286,25,99,109
298,26,106,111
325,38,107,108
349,45,104,108
366,50,108,107
379,47,109,111
397,44,104,105
416,40,107,100
430,34,111,112
441,35,113,116
450,46,113,110
458,57,112,114
466,72,113,104
475,90,113,110
487,106,107,110
492,124,110,99
497,136,111,110
509,152,106,103
508,161,105,104
507,169,112,100
511,179,108,90
510,188,109,92
505,194,109,92
502,195,108,92
503,195,107,102
501,194,98,98
497,191,103,100
501,188,106,100
498,185,107,101
503,182,105,91
498,172,104,92
498,164,103,93
499,150,106,89
508,133,111,88
522,118,111,96
530,100,105,109
534,92,100,98
542,87,91,94
547,79,88,100
547,83,86,102
547,90,86,105
540,99,93,98
532,115,101,90
518,118,108,98
513,126,105,102
509,131,107,97
509,134,107,110
509,140,107,100
512,145,102,97
509,151,105,96
510,155,102,96
510,157,108,100
508,162,107,98
507,165,103,96
502,169,102,97
499,172,103,97
500,174,99,100
496,174,98,108
495,175,103,104
493,178,98,108
485,182,98,95
475,185,98,96
473,182,97,101
471,181,100,100
472,181,99,105
469,178,101,107
468,182,100,96
470,183,95,101
472,181,95,103
469,180,100,104
469,177,101,106
471,176,100,99
471,179,98,101
471,175,101,106
460,174,106,100
464,177,98,94
455,177,97,101
458,176,94,98
454,176,94,100
450,179,98,100
453,179,102,97
450,177,98,101
449,176,101,97
450,174,97,103
451,175,97,102
453,174,99,96
453,172,93,100
452,175,100,101
455,171,96,100
453,168,98,107
449,168,99,103
446,170,97,110
444,170,97,102
442,169,101,100
440,167,99,96
442,169,94,93
439,169,91,91
435,170,92,96
429,167,96,99
425,174,93,92
415,175,97,96
415,188,94,89
406,191,95,93
408,202,87,93
398,212,92,102
397,221,94,101
398,226,92,99
393,225,88,99
382,223,91,101
380,221,84,96
361,213,91,96
352,210,90,95
352,213,84,94
336,208,93,104
334,211,88,100
326,213,88,95
313,208,85,94
294,203,94,100
283,202,90,94
275,202,96,106
271,205,97,109
276,210,96,110
277,219,98,106
283,224,102,111
295,231,95,108
296,233,97,107
294,240,101,104
291,241,100,105
291,240,97,102
298,240,99,100
306,235,102,101
317,228,109,92
337,215,108,101
350,207,103,101
364,198,112,96
384,185,112,103
400,175,110,99
409,166,119,94
423,156,117,102
433,148,122,105
448,139,119,110
446,135,133,114
449,129,129,111
441,118,130,108
437,121,112,106
413,114,122,103
399,115,118,98
379,109,113,104
360,108,116,112
356,107,118,111
352,100,115,113
350,105,120,112
349,111,119,112
358,119,118,109
366,124,117,100
378,125,119,107
378,127,125,113
388,128,121,111
400,124,119,117
401,128,125,113
400,131,120,111
396,131,119,111
391,137,120,107
384,142,117,112
382,145,113,113
379,143,120,113
384,148,122,114
392,148,120,113
395,153,119,111
401,155,120,112
403,153,123,117
411,153,118,115
413,156,123,114
412,152,123,115
414,150,122,108
412,153,129,109
417,153,123,114
416,153,121,117
412,149,121,117
417,154,124,117
416,151,124,113
417,148,126,119
417,147,125,117
413,146,119,113
415,143,126,120
411,143,126,113
412,145,122,113
404,141,123,115
404,139,122,118
406,142,119,114
405,140,120,118
402,143,124,109
406,141,125,119
403,136,121,115
405,138,123,112
402,139,121,115
401,139,123,112
394,139,119,116
384,141,115,119
374,143,112,112
370,144,111,115
361,145,111,111
366,149,112,109
366,152,106,106
364,150,105,106
371,151,104,104
375,161,102,109
374,166,104,107
373,174,105,95
371,181,101,100
364,188,99,90
361,200,98,90
353,210,99,87
344,222,93,91
338,226,98,91
339,227,96,87
345,220,97,90
345,221,98,78
348,218,98,83
353,218,95,87
358,216,97,84
364,212,102,89
374,215,102,81
392,217,101,79
409,218,112,76
422,221,108,75
447,227,100,86
459,230,113,92
461,228,114,91
470,229,114,102
474,224,110,106
470,228,110,99
468,225,108,107
468,226,110,104
464,222,106,93
457,220,110,94
459,217,110,94
455,216,104,93
451,214,105,95
446,215,110,90
445,213,109,88
439,213,109,97
437,210,112,106
437,214,108,93
436,209,109,96
436,212,109,91
439,211,110,92
435,209,105,98
438,206,107,99
434,209,108,88
431,205,110,86
433,203,110,97
434,202,107,96
430,203,110,93
434,203,109,92
433,201,111,91
431,202,116,100
435,203,108,92
433,201,110,100
429,206,108,101
429,202,108,86
428,203,109,94
431,199,110,103
429,204,111,91
428,200,112,98
429,199,110,101
428,200,109,94
433,202,110,99
431,200,110,92
431,200,108,91
427,200,110,96
424,199,110,99
425,197,109,96
423,195,106,93
419,194,110,97
423,192,107,96
420,194,108,92
419,194,113,99
422,195,106,90
419,195,112,89
417,193,109,92
419,194,107,97
415,191,110,93
416,192,112,93
417,192,111,93
416,189,109,98
415,190,110,92
417,189,110,95
411,189,110,98
410,191,105,87
411,188,108,92
412,192,111,97
411,189,110,101
412,188,111,98
411,191,110,90
414,189,110,100
411,193,112,91
410,192,109,90
410,188,109,100
411,190,106,97
414,191,108,90
408,188,107,91
407,187,111,99
402,188,107,94
400,183,111,100
398,182,107,91
398,182,108,92
398,178,107,97
393,179,110,99
394,174,109,94
390,175,112,88
392,175,111,81
392,173,107,101
391,177,114,87
390,176,114,87
388,175,106,90
382,179,111,82
382,180,112,91
382,177,110,103
385,173,112,97
381,173,115,96
386,173,113,93
382,169,115,98
386,169,117,93
390,171,116,90
393,169,114,85
399,169,113,93
402,167,118,96
403,169,119,98
404,176,113,100
402,176,118,86
402,177,117,102
403,177,115,100
406,178,118,93
405,178,118,98
404,180,116,97
