519,241,23,28
519,240,23,28
520,240,22,29
520,240,23,30
521,239,20,30
524,241,18,28
524,241,18,28
524,241,19,28
523,241,20,27
522,241,20,28
522,241,22,28
523,241,19,26
524,240,19,25
525,239,19,23
525,238,19,22
520,242,23,23
520,242,23,23
520,242,23,23
513,243,25,18
513,243,25,18
513,243,25,18
513,243,25,18
513,243,25,18
513,243,25,18
513,243,25,18
513,243,25,18
513,243,25,18
513,243,25,18
513,243,25,18
513,243,25,18
513,243,25,18
513,243,25,18
513,243,25,18
513,243,25,18
513,243,25,18
513,243,25,18
513,243,25,18
513,243,25,18
513,243,25,18
513,243,25,18
513,243,25,18
513,243,25,18
513,243,25,18
513,243,25,18
513,243,25,18
513,243,25,18
513,243,25,18
513,243,25,18
513,243,25,18
513,243,25,18
513,243,25,18
513,243,25,18
513,243,25,18
513,243,25,18
513,243,25,18
513,243,25,18
513,243,25,18
513,243,25,18
513,243,25,18
513,243,25,18
513,243,25,18
513,243,25,18
513,243,25,18
513,243,25,18
513,243,25,18
513,243,25,18
513,243,25,18
513,243,25,18
513,243,25,18
513,243,25,18
513,243,25,18
513,243,25,18
513,243,25,18
513,243,25,18
513,243,25,18
513,243,25,18
513,243,25,18
513,243,25,18
513,243,25,18
513,243,25,18
513,243,25,18
513,243,25,18
513,243,25,18
513,243,25,18
513,243,25,18
513,243,25,18
513,243,25,18
513,243,25,18
513,243,25,18
513,243,25,18
513,243,25,18
513,243,25,18
513,243,25,18
513,243,25,18
513,243,25,18
513,243,25,18
513,243,25,18
513,243,25,18
513,243,25,18
513,243,25,18
513,243,25,18
513,243,25,18
513,243,25,18
513,243,25,18
513,243,25,18
513,243,25,18
513,243,25,18
513,243,25,18
513,243,25,18
513,243,25,18
513,243,25,18
513,243,25,18
513,243,25,18
513,243,25,18
513,243,25,18
513,243,25,18
513,243,25,18
513,243,25,18
513,243,25,18
513,243,25,18
513,243,25,18
513,243,25,18
513,243,25,18
513,243,25,18
513,243,25,18
513,243,25,18
513,243,25,18
513,243,25,18
513,243,25,18
513,243,25,18
513,243,25,18
513,243,25,18
513,243,25,18
513,243,25,18
513,243,25,18
513,243,25,18
513,243,25,18
513,243,25,18
513,243,25,18
513,243,25,18
513,243,25,18
513,243,25,18
513,243,25,18
513,243,25,18
513,243,25,18
513,243,25,18
513,243,25,18
513,243,25,18
513,243,25,18
513,243,25,18
513,243,25,18
513,243,25,18
513,243,25,18
513,243,25,18
513,243,25,18
513,243,25,18
513,243,25,18
513,243,25,18
513,243,25,18
513,243,25,18
513,243,25,18
513,243,25,18
513,243,25,18
513,243,25,18
513,243,25,18
513,243,25,18
513,243,25,18
513,243,25,18
513,243,25,18
513,243,25,18
513,243,25,18
513,243,25,18
513,243,25,18
513,243,25,18
513,243,25,18
513,243,25,18
513,243,25,18
513,243,25,18
513,243,25,18
513,243,25,18
513,243,25,18
513,243,25,18
513,243,25,18
513,243,25,18
513,243,25,18
513,243,25,18
513,243,25,18
513,243,25,18
513,243,25,18
513,243,25,18
513,243,25,18
513,243,25,18
513,243,25,18
513,243,25,18
513,243,25,18
513,243,25,18
513,243,25,18
513,243,25,18
513,243,25,18
513,243,25,18
513,243,25,18
513,243,25,18
513,243,25,18
513,243,25,18
513,243,25,18
513,243,25,18
513,243,25,18
513,243,25,18
513,243,25,18
513,243,25,18
513,243,25,18
513,243,25,18
513,243,25,18
513,243,25,18
513,243,25,18
513,243,25,18
513,243,25,18
513,243,25,18
513,243,25,18
513,243,25,18
513,243,25,18
513,243,25,18
513,243,25,18
513,243,25,18
513,243,25,18
513,243,25,18
513,243,25,18
513,243,25,18
513,243,25,18
513,243,25,18
513,243,25,18
513,243,25,18
513,243,25,18
513,243,25,18
513,243,25,18
513,243,25,18
513,243,25,18
513,243,25,18
513,243,25,18
513,243,25,18
513,243,25,18
513,243,25,18
513,243,25,18
513,243,25,18
513,243,25,18
513,243,25,18
513,243,25,18
513,243,25,18
513,243,25,18
513,243,25,18
513,243,25,18
513,243,25,18
513,243,25,18
513,243,25,18
513,243,25,18
513,243,25,18
513,243,25,18
513,243,25,18
513,243,25,18
513,243,25,18
513,243,25,18
513,243,25,18
513,243,25,18
513,243,25,18
513,243,25,18
513,243,25,18
513,243,25,18
513,243,25,18
513,243,25,18
513,243,25,18
513,243,25,18
513,243,25,18
513,243,25,18
513,243,25,18
513,243,25,18
513,243,25,18
513,243,25,18
513,243,25,18
513,243,25,18
513,243,25,18
513,243,25,18
513,243,25,18
513,243,25,18
513,243,25,18
513,243,25,18
513,243,25,18
513,243,25,18
513,243,25,18
513,243,25,18
513,243,25,18
513,243,25,18
513,243,25,18
513,243,25,18
513,243,25,18
513,243,25,18
513,243,25,18
513,243,25,18
513,243,25,18
513,243,25,18
513,243,25,18
513,243,25,18
513,243,25,18
513,243,25,18
513,243,25,18
513,243,25,18
513,243,25,18
513,243,25,18
513,243,25,18
513,243,25,18
513,243,25,18
513,243,25,18
513,243,25,18
513,243,25,18
513,243,25,18
513,243,25,18
513,243,25,18
513,243,25,18
513,243,25,18
513,243,25,18
513,243,25,18
513,243,25,18
513,243,25,18
513,243,25,18
513,243,25,18
513,243,25,18
513,243,25,18
513,243,25,18
513,243,25,18
513,243,25,18
513,243,25,18
513,243,25,18
513,243,25,18
513,243,25,18
513,243,25,18
513,243,25,18
513,243,25,18
513,243,25,18
513,243,25,18
513,243,25,18
513,243,25,18
513,243,25,18
513,243,25,18
513,243,25,18
513,243,25,18
513,243,25,18
513,243,25,18
513,243,25,18
513,243,25,18
513,243,25,18
513,243,25,18
513,243,25,18
513,243,25,18
513,243,25,18
513,243,25,18
513,243,25,18
513,243,25,18
513,243,25,18
513,243,25,18
513,243,25,18
513,243,25,18
513,243,25,18
513,243,25,18
513,243,25,18
513,243,25,18
513,243,25,18
513,243,25,18
513,243,25,18
513,243,25,18
513,243,25,18
513,243,25,18
513,243,25,18
513,243,25,18
513,243,25,18
513,243,25,18
513,243,25,18
513,243,25,18
513,243,25,18
513,243,25,18
513,243,25,18
513,243,25,18
513,243,25,18
513,243,25,18
513,243,25,18
513,243,25,18
513,243,25,18
513,243,25,18
513,243,25,18
513,243,25,18
513,243,25,18
513,243,25,18
513,243,25,18
513,243,25,18
513,243,25,18
513,243,25,18
513,243,25,18
513,243,25,18
513,243,25,18
513,243,25,18
513,243,25,18
513,243,25,18
513,243,25,18
513,243,25,18
513,243,25,18
513,243,25,18
513,243,25,18
513,243,25,18
513,243,25,18
513,243,25,18
513,243,25,18
513,243,25,18
513,243,25,18
513,243,25,18
513,243,25,18
513,243,25,18
513,243,25,18
513,243,25,18
513,243,25,18
513,243,25,18
513,243,25,18
513,243,25,18
513,243,25,18
513,243,25,18
513,243,25,18
513,243,25,18
513,243,25,18
513,243,25,18
513,243,25,18
513,243,25,18
513,243,25,18
513,243,25,18
513,243,25,18
513,243,25,18
513,243,25,18
513,243,25,18
513,243,25,18
513,243,25,18
513,243,25,18
513,243,25,18
513,243,25,18
513,243,25,18
513,243,25,18
513,243,25,18
513,243,25,18
513,243,25,18
513,243,25,18
513,243,25,18
513,243,25,18
513,243,25,18
513,243,25,18
513,243,25,18
513,243,25,18
513,243,25,18
513,243,25,18
513,243,25,18
513,243,25,18
513,243,25,18
513,243,25,18
513,243,25,18
513,243,25,18
513,243,25,18
513,243,25,18
513,243,25,18
513,243,25,18
513,243,25,18
513,243,25,18
513,243,25,18
513,243,25,18
513,243,25,18
513,243,25,18
513,243,25,18
513,243,25,18
513,243,25,18
513,243,25,18
513,243,25,18
513,243,25,18
513,243,25,18
513,243,25,18
513,243,25,18
513,243,25,18
513,243,25,18
513,243,25,18
513,243,25,18
513,243,25,18
513,243,25,18
513,243,25,18
513,243,25,18
513,243,25,18
513,243,25,18
513,243,25,18
513,243,25,18
513,243,25,18
513,243,25,18
513,243,25,18
513,243,25,18
513,243,25,18
513,243,25,18
513,243,25,18
513,243,25,18
513,243,25,18
513,243,25,18
513,243,25,18
513,243,25,18
513,243,25,18
513,243,25,18
513,243,25,18
513,243,25,18
513,243,25,18
513,243,25,18
513,243,25,18
513,243,25,18
513,243,25,18
513,243,25,18
513,243,25,18
513,243,25,18
513,243,25,18
513,243,25,18
513,243,25,18
513,243,25,18
513,243,25,18
513,243,25,18
513,243,25,18
513,243,25,18
513,243,25,18
513,243,25,18
513,243,25,18
513,243,25,18
513,243,25,18
513,243,25,18
513,243,25,18
513,243,25,18
513,243,25,18
513,243,25,18
513,243,25,18
513,243,25,18
513,243,25,18
513,243,25,18
513,243,25,18
513,243,25,18
513,243,25,18
513,243,25,18
513,243,25,18
513,243,25,18
513,243,25,18
513,243,25,18
513,243,25,18
513,243,25,18
513,243,25,18
513,243,25,18
513,243,25,18
513,243,25,18
513,243,25,18
513,243,25,18
513,243,25,18
513,243,25,18
513,243,25,18
513,243,25,18
513,243,25,18
513,243,25,18
513,243,25,18
513,243,25,18
513,243,25,18
513,243,25,18
513,243,25,18
513,243,25,18
513,243,25,18
513,243,25,18
513,243,25,18
513,243,25,18
513,243,25,18
513,243,25,18
513,243,25,18
513,243,25,18
513,243,25,18
513,243,25,18
513,243,25,18
513,243,25,18
513,243,25,18
513,243,25,18
513,243,25,18
513,243,25,18
513,243,25,18
513,243,25,18
513,243,25,18
513,243,25,18
513,243,25,18
513,243,25,18
513,243,25,18
513,243,25,18
513,243,25,18
513,243,25,18
513,243,25,18
513,243,25,18
513,243,25,18
513,243,25,18
513,243,25,18
513,243,25,18
513,243,25,18
513,243,25,18
513,243,25,18
513,243,25,18
513,243,25,18
513,243,25,18
513,243,25,18
513,243,25,18
513,243,25,18
513,243,25,18
513,243,25,18
513,243,25,18
513,243,25,18
513,243,25,18
513,243,25,18
513,243,25,18
513,243,25,18
513,243,25,18
513,243,25,18
513,243,25,18
513,243,25,18
513,243,25,18
513,243,25,18
513,243,25,18
513,243,25,18
513,243,25,18
513,243,25,18
513,243,25,18
513,243,25,18
513,243,25,18
513,243,25,18
513,243,25,18
513,243,25,18
513,243,25,18
513,243,25,18
513,243,25,18
513,243,25,18
513,243,25,18
513,243,25,18
513,243,25,18
513,243,25,18
513,243,25,18
513,243,25,18
513,243,25,18
513,243,25,18
513,243,25,18
513,243,25,18
513,243,25,18
513,243,25,18
513,243,25,18
513,243,25,18
488,224,21,21
488,225,21,23
487,224,22,24
488,227,22,24
488,227,22,25
487,228,23,26
487,228,24,27
486,230,24,26
487,232,22,27
487,233,23,26
488,232,21,26
487,233,22,25
489,235,21,26
490,233,20,27
489,232,22,27
492,231,20,28
490,232,21,26
491,233,21,28
492,232,21,28
493,233,21,27
492,233,22,28
491,234,21,26
492,235,22,26
492,236,20,26
491,236,22,25
491,235,21,26
492,234,21,25
493,234,21,27
492,235,20,25
492,235,22,26
492,235,22,26
492,235,21,26
491,234,21,26
491,234,21,26
493,234,21,25
491,235,22,25
491,235,21,26
493,233,21,25
492,233,21,27
493,235,20,25
491,233,23,27
493,236,20,25
493,236,20,25
492,235,21,26
492,236,21,24
493,236,20,24
491,234,20,26
492,234,21,26
492,234,20,26
491,234,22,26
493,235,21,26
493,235,21,26
492,234,22,27
492,235,21,26
492,237,22,23
493,234,21,25
492,235,21,24
492,234,21,26
491,234,21,26
494,234,21,25
493,234,20,25
492,234,20,27
494,235,21,25
492,236,20,25
493,233,21,26
492,233,20,27
492,234,22,26
492,235,21,26
493,234,22,24
492,235,20,25
491,234,22,26
492,234,20,26
492,235,21,26
493,235,21,25
491,234,21,25
492,235,21,25
492,236,21,25
494,233,20,26
491,233,22,27
493,234,21,25
492,236,21,25
492,234,22,26
491,235,22,26
492,235,21,25
494,236,21,24
494,235,19,24
491,236,21,25
494,236,19,25
493,234,22,25
493,235,20,24
492,235,21,24
492,234,21,25
494,234,20,26
492,235,21,26
494,235,21,25
491,234,20,25
493,234,20,25
491,235,21,25
493,235,21,26
492,234,21,25
491,234,22,26
492,234,22,25
492,234,21,27
493,234,22,25
492,235,20,27
492,234,21,26
491,234,21,26
493,236,20,25
494,235,21,26
492,235,20,26
492,235,21,24
491,235,21,26
492,235,21,25
493,234,21,25
493,235,21,26
492,235,20,24
492,234,22,26
493,235,21,26
492,236,21,26
491,236,22,26
492,234,22,25
492,235,21,26
492,234,21,26
493,234,20,26
491,235,21,26
492,234,21,26
493,236,20,25
492,236,20,23
493,234,21,25
493,232,21,27
493,233,21,27
493,234,21,26
491,233,22,26
493,233,22,26
492,234,21,27
493,234,20,26
491,235,21,25
492,235,21,26
493,234,21,26
492,234,23,27
492,235,22,25
491,235,21,26
491,233,22,27
492,234,21,26
492,234,22,26
493,234,21,25
493,235,20,26
493,236,20,25
493,235,20,26
493,234,20,24
493,234,21,25
493,234,21,25
492,234,23,26
492,235,21,26
492,234,21,26
493,234,21,26
492,235,21,26
492,235,21,26
493,236,21,24
493,236,19,25
493,234,22,26
490,234,21,26
492,235,20,25
491,233,21,26
492,234,21,27
492,234,21,26
493,235,20,25
493,235,21,25
493,234,21,24
493,234,21,25
491,233,22,26
493,232,21,27
491,234,21,25
492,235,20,24
493,235,21,24
491,234,22,26
492,234,23,26
492,236,21,25
493,235,22,25
493,234,21,25
491,234,22,28
492,234,22,26
493,234,21,25
491,235,21,26
492,234,22,25
492,234,21,27
492,235,20,25
491,235,21,25
491,234,21,26
492,234,21,26
493,233,21,26
493,233,20,27
491,234,21,26
491,232,21,27
489,230,22,29
485,228,24,28
482,226,23,29
477,229,24,24
471,226,23,26
464,226,23,25
464,226,23,25
464,226,23,25
431,224,26,25
415,219,29,29
398,218,33,31
384,217,30,30
372,216,28,28
372,216,28,28
372,216,28,28
372,216,28,28
372,216,28,28
372,216,28,28
372,216,28,28
372,216,28,28
372,216,28,28
372,216,28,28
372,216,28,28
372,216,28,28
320,154,26,27
319,154,26,28
323,158,23,27
325,154,21,26
325,150,20,26
323,145,20,25
323,141,19,23
299,106,21,24
298,113,22,27
297,122,22,28
300,134,22,29
301,142,21,28
296,150,25,29
299,158,23,27
299,161,23,24
298,162,22,23
302,157,19,22
302,112,18,21
300,119,19,21
296,126,22,22
294,137,26,23
297,142,25,28
297,149,25,27
300,154,24,28
301,156,24,27
304,155,21,25
306,153,22,26
308,149,20,23
298,104,22,25
298,110,22,28
300,121,21,31
300,131,23,35
304,141,19,34
303,155,21,31
303,165,21,26
300,169,22,25
298,169,24,24
299,167,24,24
299,164,22,24
300,157,20,24
300,151,17,22
302,133,20,26
300,140,24,30
299,149,26,29
303,154,25,28
307,159,24,28
310,159,23,27
313,155,21,27
314,149,21,26
299,105,23,25
301,110,23,27
301,119,21,29
302,130,22,30
307,136,18,33
308,150,19,28
306,160,21,24
304,164,21,25
300,167,24,24
302,164,24,23
303,162,21,23
304,155,19,24
303,130,21,25
303,136,21,27
303,140,22,31
303,150,23,28
305,156,23,27
307,158,22,27
310,159,22,26
311,156,22,25
306,104,22,26
307,107,22,28
305,113,22,30
306,123,22,33
306,132,22,35
310,143,18,31
312,150,15,29
311,165,18,25
312,174,18,26
312,181,16,23
314,190,13,22
315,195,16,22
318,200,14,20
322,205,13,18
326,210,15,17
327,201,17,13
345,220,17,16
345,220,17,16
345,220,17,16
345,220,17,16
367,214,19,18
375,211,23,20
383,204,26,25
392,199,27,29
400,199,27,29
408,198,24,28
418,197,27,26
425,198,25,26
432,197,24,26
437,198,24,23
443,201,25,23
447,200,25,24
450,204,26,22
455,204,27,23
459,208,27,25
464,209,24,26
468,209,22,28
470,215,21,25
472,218,23,28
473,222,25,26
475,223,25,27
476,227,24,26
478,228,23,28
481,232,22,26
481,229,21,29
482,232,21,27
483,231,22,27
485,233,21,27
486,232,22,26
489,234,20,25
490,231,22,26
491,234,22,25
494,233,21,26
495,233,20,27
495,232,21,26
497,234,21,26
498,234,22,26
497,232,22,27
498,232,23,28
501,233,23,26
502,233,23,25
502,235,22,25
500,233,23,25
501,234,23,25
502,234,23,25
501,233,22,26
502,235,23,24
502,233,23,26
501,233,23,25
503,234,22,25
501,233,24,25
501,234,23,25
