161,226,55,74
157,223,59,61
156,222,57,70
156,218,57,65
153,217,58,72
155,216,58,60
156,214,58,66
157,213,57,61
161,213,57,65
155,212,58,60
158,212,57,58
157,211,57,62
159,210,57,64
164,208,59,64
164,208,60,61
165,208,59,60
167,207,60,64
170,206,59,66
171,204,58,73
174,202,60,70
179,201,60,72
184,200,58,63
185,199,62,62
191,199,58,63
195,196,57,71
199,191,58,86
205,183,57,79
211,181,57,80
216,180,57,79
225,181,55,71
232,183,53,64
233,183,59,66
247,182,56,67
256,184,55,67
263,185,52,66
274,185,53,65
283,186,51,74
291,185,51,80
298,185,54,83
302,184,54,79
304,186,54,83
303,188,52,83
300,194,54,78
294,197,53,81
287,202,48,81
278,212,48,69
267,211,51,64
258,208,52,64
255,203,50,64
252,205,49,59
252,204,50,61
253,207,45,61
256,211,46,61
259,215,47,63
263,221,48,70
272,230,48,73
279,238,47,74
283,247,48,77
287,257,47,76
290,263,48,75
288,268,48,74
285,267,51,76
280,265,53,74
270,261,54,74
259,260,54,73
243,259,57,60
226,258,56,54
206,256,62,60
191,253,63,62
176,250,70,61
164,235,70,72
159,219,69,80
159,209,68,76
161,195,71,81
162,195,76,74
173,188,73,76
188,185,71,77
211,186,66,76
228,185,61,72
251,195,55,64
268,198,53,56
288,195,48,66
302,188,48,65
314,179,46,67
323,167,47,67
329,157,48,66
332,149,47,65
334,139,47,64
333,132,47,63
324,127,51,64
317,124,52,63
307,127,54,66
296,130,56,66
281,136,53,68
262,141,52,68
244,144,50,61
213,142,57,60
177,139,67,70
148,124,71,77
120,114,79,71
99,106,77,69
95,93,63,62
80,86,63,61
66,77,64,61
66,73,63,58
70,71,58,56
77,72,55,54
88,69,54,57
100,75,51,54
116,78,51,54
134,82,48,54
153,86,44,55
171,84,39,61
185,85,39,58
201,89,36,55
215,90,38,59
225,90,41,62
229,86,42,57
232,83,41,56
232,82,41,55
229,78,44,56
220,77,48,59
213,79,47,58
204,84,45,57
192,90,43,55
175,93,46,54
159,90,46,59
138,93,51,59
120,91,56,63
102,91,59,62
94,92,55,60
92,94,53,55
89,89,52,57
86,89,52,56
85,88,53,56
88,92,48,51
90,96,49,46
98,94,46,48
107,98,48,47
120,95,49,49
132,97,48,48
152,96,45,49
173,97,40,46
194,97,38,46
213,104,35,39
231,104,33,31
248,104,32,31
258,101,36,37
270,97,39,46
277,90,42,53
286,84,42,54
292,81,41,54
298,75,39,54
294,68,40,55
293,65,39,51
288,63,40,48
282,61,38,51
275,61,37,51
267,64,37,52
257,63,37,52
245,64,39,50
239,68,37,42
230,68,39,43
222,70,40,45
220,69,39,46
220,71,39,45
219,73,40,45
223,75,39,44
231,75,38,48
242,78,33,45
249,83,32,46
255,88,33,49
265,89,31,51
272,91,31,48
280,88,32,49
287,83,33,51
291,79,32,50
295,74,31,50
296,63,31,52
293,55,32,53
289,44,34,56
284,37,34,55
277,29,33,55
271,23,31,55
262,21,33,57
253,19,31,55
240,18,29,52
230,21,30,52
217,25,30,52
207,32,30,51
197,41,32,49
191,49,35,48
186,55,36,50
186,63,35,51
185,69,36,51
191,81,34,49
199,90,35,50
210,96,33,51
224,108,29,48
237,119,29,48
249,124,27,56
263,133,28,54
275,136,27,55
288,143,29,54
298,146,28,50
306,148,30,49
314,149,28,46
317,149,29,44
320,148,28,45
321,149,26,45
323,151,26,44
321,152,25,43
316,151,26,48
311,150,26,49
306,149,24,52
299,148,24,53
291,147,24,52
282,145,27,52
275,141,27,52
268,138,28,51
263,133,28,49
258,130,28,49
256,126,28,44
255,124,27,43
254,122,28,43
255,121,27,43
259,119,25,43
265,117,23,46
271,115,22,50
278,116,21,50
282,116,21,50
287,114,22,50
292,113,22,50
295,114,22,50
296,112,22,48
296,111,24,47
294,106,25,48
291,105,26,47
289,101,25,48
284,103,26,49
279,102,24,51
271,103,23,49
263,103,24,51
257,103,23,49
251,102,25,46
241,105,27,42
235,104,29,44
227,104,29,44
223,105,30,44
221,107,32,42
218,108,32,42
218,109,33,42
219,107,34,44
218,108,33,42
221,108,31,44
223,111,29,41
224,110,31,42
227,114,32,42
235,115,31,43
242,120,33,45
253,125,31,45
261,129,31,53
270,134,31,56
279,142,31,56
290,152,30,55
296,161,29,52
304,171,29,51
308,178,31,49
312,185,31,50
316,193,29,51
317,200,28,52
316,209,29,53
314,216,28,54
308,225,31,59
300,232,32,65
293,241,33,64
283,249,33,64
272,253,34,67
259,259,36,65
243,262,44,68
229,268,47,68
220,269,46,70
214,267,43,70
208,265,45,68
205,260,48,65
205,254,45,70
208,251,42,63
209,243,42,62
211,232,38,63
215,225,35,60
217,212,33,55
216,198,33,55
216,181,32,58
214,168,34,58
211,158,34,53
208,143,34,54
204,134,33,51
200,126,31,54
197,123,30,52
192,121,30,52
184,122,29,46
182,123,31,38
173,119,34,42
166,114,35,43
161,111,35,43
155,103,37,45
150,99,38,47
147,92,39,51
145,87,36,48
143,81,36,46
144,79,35,43
144,74,36,50
144,70,34,49
148,70,33,47
150,68,32,47
152,69,33,45
154,68,29,42
159,68,28,42
158,68,28,42
161,66,26,37
162,68,26,43
164,66,26,42
165,68,25,41
164,68,26,41
162,68,26,41
162,66,26,42
160,65,28,44
157,62,25,44
155,57,27,43
151,54,29,42
149,49,28,40
147,45,28,38
142,37,30,37
140,38,30,36
139,33,32,38
138,36,32,38
138,37,31,39
140,42,31,41
144,48,33,47
146,55,34,47
154,65,33,43
162,69,33,41
173,72,31,44
185,78,27,36
194,77,25,36
205,84,25,33
215,89,23,33
221,92,25,32
226,91,29,36
230,89,28,38
232,86,28,44
232,87,31,43
231,86,29,40
225,86,31,35
217,86,31,32
209,86,28,37
200,86,27,31
187,86,29,31
173,83,29,34
158,77,32,37
143,75,32,33
133,65,33,36
120,58,35,38
112,55,35,37
101,51,40,40
93,47,45,43
95,48,46,41
104,53,42,39
119,57,32,36
125,63,35,39
135,69,37,41
149,74,37,39
163,80,33,41
183,83,28,41
199,90,28,40
213,85,27,35
217,93,25,29
227,94,27,30
240,92,26,27
247,92,30,33
252,86,33,40
258,85,33,39
263,82,32,38
264,82,30,38
261,82,32,39
256,83,34,43
248,88,36,47
242,92,34,41
225,95,40,31
210,101,42,26
188,99,39,28
172,96,35,31
151,90,39,33
129,87,39,34
115,82,38,32
97,72,40,35
83,66,45,38
81,66,40,35
78,63,39,34
80,62,38,35
83,62,38,33
86,63,42,36
95,68,44,36
106,74,44,37
124,79,42,38
138,88,42,38
155,94,39,36
178,100,35,38
200,102,31,32
216,101,30,26
230,96,30,30
240,91,33,37
246,86,33,43
248,80,35,42
251,75,31,41
252,71,32,43
248,71,33,42
243,70,32,44
234,69,36,41
222,70,36,37
209,73,31,30
189,72,33,31
174,69,32,33
151,61,37,36
134,51,35,39
112,43,41,41
94,38,42,40
86,31,41,40
77,24,42,41
69,22,40,36
63,19,44,39
60,22,45,38
63,25,49,42
75,30,47,46
85,38,46,47
93,51,48,46
118,61,47,45
144,71,40,42
169,80,35,43
192,87,34,38
212,98,31,35
233,101,32,31
249,100,30,35
258,99,34,41
264,96,34,42
269,94,34,40
270,92,34,41
264,90,37,41
259,91,38,44
250,94,40,46
245,97,36,46
226,101,40,48
210,110,33,44
187,112,36,36
162,108,38,39
138,106,41,40
115,98,44,38
93,84,44,44
79,75,47,45
64,67,46,44
53,59,49,42
51,51,46,41
48,47,50,41
50,44,50,43
59,50,49,40
69,54,47,43
82,59,46,44
95,64,48,52
109,79,49,47
133,87,45,43
158,94,42,38
179,99,41,35
201,100,38,31
222,99,32,32
234,93,41,37
245,87,37,47
249,80,37,50
253,77,37,46
253,73,37,47
250,73,37,48
243,73,39,49
233,77,42,50
219,78,43,49
203,83,40,42
185,87,38,36
161,89,41,35
136,87,44,37
115,82,44,42
95,68,45,47
80,65,47,44
65,56,49,45
56,47,50,46
54,43,45,39
56,38,49,41
62,36,48,40
76,38,45,41
84,43,47,42
91,44,47,43
96,46,50,43
105,49,53,45
127,60,53,48
147,66,56,49
171,76,57,43
196,81,54,40
226,90,46,35
248,88,43,42
264,84,46,44
275,78,47,47
288,73,45,45
295,67,41,44
296,62,40,40
293,57,41,41
287,57,44,45
278,58,48,48
268,62,46,51
253,67,48,57
236,75,47,46
213,76,47,39
183,75,43,40
156,72,43,40
130,60,50,45
103,54,56,43
89,47,51,42
81,40,47,40
74,30,44,42
73,27,41,39
72,28,42,39
74,30,43,41
81,35,45,46
88,43,44,47
94,51,50,46
117,66,51,47
142,80,46,42
164,89,42,43
193,101,36,37
219,109,31,30
239,113,35,29
255,111,36,36
272,110,35,43
278,110,41,42
287,109,38,42
292,112,39,43
292,119,40,43
294,126,38,46
286,138,42,53
284,158,41,57
276,177,43,61
263,197,43,61
242,210,45,54
216,218,45,49
193,218,47,42
165,213,53,41
141,206,50,42
122,191,54,49
103,185,53,51
87,185,53,45
76,182,51,46
71,180,49,46
62,182,55,47
65,183,56,53
70,187,53,56
82,203,53,57
91,215,60,60
105,233,62,55
124,247,68,62
153,258,60,67
185,264,53,71
214,272,47,62
254,277,43,51
272,266,48,58
292,256,48,57
307,247,45,55
319,234,45,54
326,222,40,50
329,213,42,50
331,205,41,47
326,200,42,45
322,199,44,43
315,201,46,47
311,207,45,53
303,217,44,60
292,231,43,62
275,243,43,63
258,256,43,62
233,261,45,57
207,265,46,65
176,273,54,65
154,263,59,75
130,256,64,78
114,260,60,68
98,255,64,62
87,248,65,61
86,245,64,56
90,242,60,58
90,242,65,58
102,247,61,58
116,246,57,63
136,254,54,58
156,258,49,65
183,257,40,70
209,264,40,61
229,266,43,55
251,267,39,53
268,268,39,51
282,265,39,48
295,263,38,47
304,262,36,48
309,260,35,45
311,259,35,47
310,257,37,47
305,258,38,49
299,260,39,52
287,264,43,54
274,269,44,56
261,279,42,57
243,285,46,58
212,293,51,61
185,288,58,65
184,290,48,65
168,293,55,63
155,290,60,64
128,278,63,73
106,273,67,74
86,265,65,63
73,255,61,71
67,245,60,61
59,242,62,59
52,241,62,56
54,242,61,53
56,246,61,53
65,248,60,58
75,258,59,63
90,264,60,68
108,271,60,67
132,273,58,79
156,285,58,69
180,292,55,63
208,285,46,58
230,283,44,54
245,273,45,52
260,267,40,50
273,257,40,50
280,250,41,49
288,242,38,48
293,237,35,46
294,237,35,43
295,235,34,44
288,237,40,48
280,241,41,51
272,248,40,54
261,257,40,57
238,264,47,56
211,269,48,64
191,278,48,65
163,282,54,62
128,272,63,71
101,273,67,67
77,255,70,73
69,249,61,61
57,243,54,53
45,235,56,51
35,225,55,49
31,219,55,50
31,217,57,49
40,215,54,50
45,220,57,50
58,222,55,54
71,231,57,59
86,235,59,64
108,245,54,54
131,246,54,54
158,245,53,56
181,242,44,56
202,237,44,53
219,232,37,53
233,223,43,48
249,217,39,51
257,208,39,50
264,201,39,52
266,197,37,52
265,193,39,53
263,194,40,49
257,195,40,51
250,198,38,53
229,198,47,50
213,194,43,54
192,193,48,53
162,181,52,62
144,171,52,53
116,160,53,50
94,146,53,51
75,132,55,49
54,115,55,51
51,100,48,49
48,88,44,45
45,77,41,43
47,69,40,43
52,67,40,40
57,64,43,39
64,65,46,41
72,66,48,43
89,71,41,43
98,77,48,47
118,88,48,42
141,92,43,41
163,100,37,37
181,104,35,35
202,106,33,35
221,103,30,31
235,96,35,34
245,88,36,43
253,81,34,48
258,75,36,49
262,71,35,48
264,66,36,49
264,64,38,50
260,61,37,50
256,60,38,48
247,60,39,50
239,62,38,49
229,62,39,44
214,64,38,46
201,61,37,46
183,61,36,43
165,59,41,45
150,57,41,44
134,52,41,51
117,57,44,46
107,59,41,43
101,59,41,43
89,64,46,42
92,68,42,41
90,70,44,43
96,76,42,41
102,83,43,41
111,92,45,41
127,96,43,42
143,102,37,45
165,105,30,45
187,109,26,45
209,114,27,42
210,114,25,41
228,111,25,43
253,109,26,44
262,109,33,51
273,102,42,51
285,95,46,51
300,87,48,51
311,80,48,50
318,73,52,50
325,68,50,48
328,63,50,48
328,63,52,49
323,62,53,50
311,61,55,57
297,67,57,57
277,71,57,60
252,77,57,60
215,84,60,62
183,93,47,62
152,100,51,58
125,105,51,55
100,103,55,53
87,103,53,54
80,101,52,56
76,101,56,53
79,99,53,54
92,104,44,47
103,103,45,49
115,105,43,51
129,107,43,49
146,113,37,47
158,119,39,52
175,123,34,57
188,131,34,53
203,135,38,52
217,139,34,55
228,137,39,55
240,143,39,56
250,143,40,56
255,141,39,55
256,134,40,58
257,129,42,58
252,123,45,61
242,119,46,58
233,115,46,53
216,110,49,52
200,106,48,55
184,106,46,60
165,104,45,60
153,104,46,58
137,103,48,57
133,101,48,56
129,101,49,56
129,99,51,59
135,101,47,58
142,104,43,55
151,108,46,55
161,108,43,54
175,111,39,53
188,117,35,48
199,119,34,47
213,125,30,45
222,129,32,41
232,133,34,46
240,133,33,39
245,136,35,41
250,139,37,48
249,138,39,53
248,134,40,57
242,133,41,61
236,130,43,55
223,126,45,58
212,122,56,59
195,118,53,59
180,110,53,59
164,108,56,56
152,106,56,57
139,106,60,57
128,111,62,56
126,117,58,56
127,124,53,56
124,132,52,56
128,142,52,58
134,158,51,54
143,168,49,57
153,178,46,53
163,193,46,52
176,202,43,46
190,209,41,49
203,213,41,48
216,214,37,48
228,215,34,47
238,218,33,38
246,217,33,36
254,217,31,41
257,214,33,45
258,214,34,48
259,214,33,48
260,217,34,49
257,217,35,51
252,220,34,52
246,226,35,47
236,232,40,44
227,236,35,53
214,236,37,57
203,237,43,58
190,240,42,56
180,237,43,59
173,232,43,59
165,228,45,64
163,224,43,56
163,224,42,48
165,223,41,45
168,218,41,46
170,214,43,48
177,218,41,46
184,216,41,50
195,222,41,49
200,224,42,50
209,231,39,41
215,232,35,50
221,230,34,56
225,233,36,57
232,232,37,54
238,234,40,46
242,233,41,46
246,232,43,49
246,231,43,57
242,230,46,55
235,230,49,59
228,231,46,71
217,234,48,73
204,239,47,78
189,248,47,78
169,252,51,83
149,264,55,76
128,270,62,71
114,277,62,71
99,279,66,68
90,280,62,64
91,277,61,66
99,275,60,59
111,276,55,55
124,275,54,56
141,284,54,49
153,287,59,52
173,290,57,52
194,294,58,52
224,296,51,57
248,298,49,54
270,294,45,47
294,287,43,46
315,282,41,44
336,271,38,45
352,264,34,42
352,264,34,42
352,264,34,42
352,264,34,42
352,264,34,42
352,264,34,42
352,264,34,42
352,264,34,42
352,264,34,42
352,264,34,42
352,264,34,42
352,264,34,42
352,264,34,42
362,292,40,45
337,300,48,50
305,311,49,45
270,317,51,40
229,321,56,37
180,317,63,41
136,302,66,49
78,281,70,51
39,253,72,56
1,228,61,61
1,228,61,61
1,228,61,61
1,228,61,61
1,228,61,61
1,228,61,61
1,228,61,61
1,228,61,61
1,228,61,61
1,228,61,61
1,228,61,61
1,228,61,61
1,228,61,61
1,228,61,61
2,219,60,70
56,247,51,73
76,271,61,80
118,299,71,64
164,311,78,50
210,325,70,36
258,322,58,37
291,311,53,42
318,291,49,50
341,273,41,47
357,260,37,40
357,260,37,40
357,260,37,40
357,260,37,40
357,260,37,40
357,260,37,40
357,260,37,40
357,260,37,40
357,260,37,40
357,260,37,40
357,260,37,40
357,260,37,40
349,284,39,44
335,301,39,46
306,321,40,40
272,330,43,32
272,330,43,32
272,330,43,32
272,330,43,32
272,330,43,32
272,330,43,32
272,330,43,32
272,330,43,32
272,330,43,32
272,330,43,32
272,330,43,32
272,330,43,32
272,330,43,32
272,330,43,32
272,330,43,32
272,330,43,32
272,330,43,32
272,330,43,32
272,330,43,32
272,330,43,32
272,330,43,32
272,330,43,32
272,330,43,32
190,246,47,37
206,234,43,43
236,221,49,44
257,210,45,50
256,208,44,50
267,201,46,49
266,198,46,48
274,190,46,44
281,187,41,41
284,184,41,41
287,185,39,41
284,189,39,44
281,195,39,49
274,206,42,52
264,219,44,58
253,233,43,61
230,254,48,65
205,269,48,68
179,284,49,67
149,289,57,66
116,289,60,68
86,287,61,65
69,273,56,62
52,269,54,52
35,261,54,49
22,251,57,52
10,246,60,52
8,241,65,54
7,240,65,52
18,244,59,52
34,247,53,52
50,252,54,55
70,256,58,58
89,259,52,58
111,266,51,57
138,268,51,56
163,263,47,64
187,268,47,59
208,268,46,49
227,264,47,50
239,262,48,49
255,260,44,49
264,257,40,51
267,256,42,51
272,257,39,52
270,261,40,52
267,264,40,55
260,265,39,57
249,271,43,52
237,274,40,46
224,273,31,53
205,271,40,56
187,264,45,61
172,257,44,63
160,253,48,59
155,250,45,51
148,246,44,46
147,244,39,41
148,236,36,43
149,234,36,38
152,229,35,39
157,226,36,38
163,223,34,39
169,219,35,38
178,216,32,40
184,213,31,40
191,207,30,44
195,207,30,44
199,206,33,43
206,202,31,45
208,201,30,47
209,198,30,44
208,195,30,48
207,193,30,49
203,192,30,48
198,193,32,47
191,192,33,46
186,191,33,47
179,193,32,48
169,191,35,49
160,195,38,44
155,195,38,41
149,197,38,42
146,197,38,40
143,199,39,40
143,204,38,36
145,204,38,37
148,205,41,39
154,208,38,37
161,210,35,36
172,210,34,40
185,210,35,45
193,217,35,39
205,213,30,42
213,214,32,39
221,211,29,43
226,207,32,43
232,206,31,35
233,203,33,36
233,200,34,37
232,202,33,39
225,202,36,40
218,204,35,46
209,207,37,51
196,209,35,49
182,211,39,52
165,211,40,44
152,209,41,42
133,203,43,44
118,202,48,44
106,199,51,47
96,199,53,48
91,197,55,45
89,198,54,45
94,199,51,46
99,204,51,44
108,206,50,47
123,208,46,46
139,218,41,38
156,226,38,31
173,227,40,34
190,226,39,38
203,223,38,44
218,220,32,44
229,214,36,49
229,214,38,42
238,212,35,39
237,210,38,37
244,207,34,40
247,205,31,42
250,204,31,41
251,202,31,41
249,203,31,43
244,204,35,46
237,209,37,41
225,212,39,51
214,216,35,49
198,219,36,50
179,222,40,47
158,219,42,42
139,211,41,43
122,206,44,45
103,205,52,42
86,196,53,47
78,189,53,50
73,180,52,52
72,179,51,50
72,181,53,49
75,185,55,48
87,192,50,44
98,198,53,44
113,205,49,42
135,207,44,43
158,219,41,35
174,222,41,36
194,220,38,41
210,219,38,43
223,217,39,42
235,213,39,38
249,209,34,40
254,205,34,45
255,202,33,44
256,198,31,43
252,195,32,43
245,193,33,43
229,189,36,34
214,182,33,42
197,176,39,46
176,165,43,45
158,148,43,42
132,135,48,47
115,117,47,42
100,100,46,46
89,83,40,45
80,70,42,43
68,59,46,42
60,47,47,38
56,40,49,37
55,37,52,36
68,34,45,37
77,36,44,39
86,39,43,39
98,42,44,43
114,51,42,40
131,56,41,44
153,65,37,39
171,70,33,33
187,76,28,30
204,77,28,29
212,77,31,31
220,71,33,33
224,69,33,35
226,65,31,34
227,64,32,34
223,63,32,34
219,65,34,35
209,66,32,38
198,68,31,37
186,69,30,36
172,67,29,33
155,67,31,31
140,61,33,37
118,56,40,36
97,50,45,44
87,49,45,37
79,44,41,35
78,44,40,36
75,46,41,35
74,49,43,34
80,53,41,37
86,60,44,41
97,70,46,39
113,83,44,40
132,93,41,38
154,101,38,36
178,111,32,31
196,116,29,26
213,122,31,33
233,123,32,34
247,121,33,37
258,123,33,39
263,127,36,42
271,131,33,42
276,139,32,42
278,149,31,43
274,159,34,47
271,174,36,53
264,189,37,51
254,202,36,53
241,217,35,40
220,226,40,48
203,231,45,46
181,233,48,47
162,230,51,54
156,230,47,45
145,232,43,40
138,232,42,39
131,231,45,43
128,233,46,42
132,237,44,42
141,241,41,39
146,241,41,41
156,244,39,38
167,245,40,40
178,238,40,44
192,233,35,47
201,224,36,48
207,213,36,54
212,211,34,53
217,201,35,51
216,196,33,56
218,183,35,58
217,170,34,57
216,157,36,55
210,145,36,56
202,133,33,53
194,121,34,50
195,122,35,46
195,122,35,46
195,122,35,46
195,122,35,46
195,122,35,46
195,122,35,46
114,30,39,48
122,14,37,44
130,23,35,46
141,29,33,45
150,38,31,42
159,43,31,45
167,51,29,44
176,57,29,43
181,66,30,41
185,72,29,42
190,82,29,45
193,94,28,48
194,103,29,48
194,112,30,47
193,123,29,48
191,132,30,50
190,143,32,44
188,153,32,41
185,162,32,44
184,171,33,47
183,180,33,47
182,192,34,45
182,201,33,52
184,211,35,55
187,220,35,54
190,233,36,50
192,239,36,53
197,248,34,52
202,257,33,48
207,261,32,52
211,267,32,48
214,270,31,44
221,272,29,35
224,269,28,38
225,268,27,40
226,263,29,44
226,262,29,42
224,256,29,44
222,250,30,47
218,240,32,45
211,231,33,49
207,219,32,50
199,206,35,51
194,190,34,54
189,177,36,52
180,163,36,46
175,148,34,45
168,133,34,50
162,116,34,46
156,104,36,49
152,90,34,47
149,77,33,42
146,66,33,44
142,55,34,46
140,47,33,42
140,38,33,43
139,35,32,41
138,30,34,42
139,26,32,44
139,23,33,45
142,24,32,43
147,26,31,42
149,30,28,36
153,32,29,39
156,37,28,37
158,42,28,41
163,49,27,36
166,57,26,35
168,65,27,38
171,75,26,41
171,85,27,42
174,96,26,36
175,109,27,38
174,122,27,34
176,131,26,38
176,143,27,36
175,154,29,41
175,164,31,41
175,174,31,41
177,185,29,41
176,196,32,41
176,207,32,42
180,219,32,43
180,231,32,45
182,241,32,44
180,249,31,51
183,257,33,56
187,264,32,56
190,271,32,54
191,273,32,55
197,276,31,51
200,278,30,46
200,274,30,50
202,269,31,52
204,261,30,55
206,250,30,51
205,244,31,50
205,233,32,48
206,229,31,45
204,223,31,47
204,218,30,46
202,203,32,42
199,189,31,45
197,171,31,48
191,156,33,44
187,139,31,45
182,112,31,49
177,99,33,49
171,81,32,48
163,67,35,49
163,55,33,47
160,45,33,43
156,37,34,41
152,29,35,43
148,24,37,44
147,19,40,46
148,14,39,48
149,16,38,46
152,19,36,43
156,22,33,45
161,28,32,43
165,37,30,41
168,42,30,46
170,53,30,49
173,65,30,52
177,74,30,54
179,89,31,47
180,103,30,47
186,118,28,43
186,132,27,41
190,145,27,39
190,160,30,39
193,170,30,43
195,182,30,50
198,199,31,47
201,210,31,53
205,222,31,51
207,232,31,54
210,243,31,56
211,251,32,53
215,259,32,48
218,270,30,44
220,277,30,40
219,286,32,41
219,293,33,43
218,297,36,48
216,302,34,48
219,302,35,50
219,306,34,46
220,311,33,44
219,316,36,41
220,319,36,40
223,321,35,38
226,320,34,40
232,317,37,42
240,316,36,43
245,311,37,45
258,307,32,49
267,301,30,51
274,293,29,53
279,284,32,51
284,273,32,51
288,266,30,47
289,262,30,44
287,255,32,44
285,253,32,44
281,253,33,40
277,253,34,43
267,254,36,47
257,259,35,47
242,260,40,46
225,265,34,49
206,263,36,57
186,259,45,60
162,252,52,61
147,248,51,50
129,233,56,52
113,223,55,52
98,215,64,51
92,205,65,50
91,199,64,55
90,199,65,51
98,202,63,49
111,207,54,48
124,214,54,51
146,223,48,47
158,230,51,54
182,234,42,59
205,237,41,54
228,242,46,53
250,237,38,47
261,230,39,49
274,224,39,48
283,219,39,47
291,213,36,43
296,211,34,41
297,211,35,40
294,211,35,43
291,217,36,45
282,222,39,48
273,231,43,52
259,238,44,54
241,248,47,47
222,255,47,51
196,253,56,54
168,247,58,63
155,243,54,54
134,236,58,49
122,224,56,51
108,218,56,51
98,214,61,50
94,217,60,45
94,216,61,47
97,219,60,50
101,226,62,52
124,237,51,48
139,250,53,47
156,257,53,49
182,263,52,57
185,263,51,56
205,268,47,53
209,264,46,53
232,272,47,48
257,264,39,46
269,257,40,47
281,251,42,51
289,244,41,48
299,239,39,45
305,236,36,43
306,234,35,42
305,235,35,41
301,237,37,45
291,241,39,52
278,249,45,52
261,256,48,54
242,262,46,49
220,266,37,43
193,263,45,46
165,252,52,55
145,252,57,45
126,241,56,46
114,231,53,45
95,225,59,47
90,221,58,45
86,220,56,44
87,219,55,46
88,221,59,49
102,227,54,50
111,238,54,49
128,251,56,46
146,257,56,51
165,268,50,60
187,278,52,63
209,295,49,59
230,306,50,51
263,313,40,45
280,321,42,36
300,324,42,34
320,328,40,32
338,329,38,31
355,330,36,29
369,324,36,35
369,324,36,35
369,324,36,35
369,324,36,35
369,324,36,35
369,324,36,35
369,324,36,35
369,324,36,35
369,324,36,35
369,324,36,35
369,324,36,35
369,324,36,35
369,324,36,35
369,324,36,35
369,324,36,35
369,324,36,35
366,292,34,41
346,304,39,51
323,318,44,43
296,330,45,36
271,334,43,27
271,334,43,27
205,327,46,32
168,311,48,44
137,280,56,52
107,244,59,59
83,206,59,64
62,172,64,62
43,140,68,64
34,128,68,58
34,128,68,58
14,93,67,54
11,91,68,52
18,94,60,58
27,112,63,59
34,128,69,62
54,151,62,67
75,181,59,78
92,213,66,73
124,251,63,66
153,278,64,79
187,300,73,65
224,312,61,47
256,328,54,35
286,327,47,32
309,328,41,33
331,321,41,38
350,313,36,44
366,305,32,46
366,305,32,46
366,305,32,46
366,305,32,46
366,305,32,46
366,305,32,46
366,305,32,46
366,305,32,46
366,305,32,46
366,305,32,46
366,305,32,46
366,305,32,46
366,305,32,46
366,305,32,46
364,310,33,47
352,320,37,38
326,332,37,28
285,338,42,22
246,348,46,17
210,336,46,22
172,329,47,29
138,299,50,40
98,264,55,50
75,235,57,54
54,210,59,52
37,183,57,56
29,166,54,50
24,157,50,46
21,153,51,43
19,151,53,43
23,153,54,44
36,154,58,51
35,154,66,51
55,160,58,56
57,166,58,54
74,174,58,60
93,192,69,62
123,201,66,58
153,210,54,62
181,219,47,58
201,225,48,55
222,228,40,57
238,238,42,52
258,244,35,52
269,252,36,51
279,259,33,50
287,264,33,50
295,267,31,49
300,271,29,46
307,273,29,44
308,273,29,44
313,274,28,44
316,274,26,42
317,274,26,42
321,276,26,40
321,276,26,39
322,274,25,39
325,274,24,40
325,274,26,39
327,273,25,41
329,274,26,39
331,276,27,39
334,275,27,40
337,275,27,38
340,273,26,40
344,275,27,38
348,277,28,38
353,277,27,37
358,281,27,35
363,282,31,38
369,283,24,35
375,281,20,40
379,285,17,35
379,285,17,35
379,285,17,35
379,285,17,35
379,285,17,35
379,285,17,35
379,285,17,35
379,285,17,35
379,285,17,35
379,285,17,35
379,285,17,35
379,285,17,35
379,285,17,35
379,285,17,35
379,285,17,35
379,285,17,35
379,285,17,35
379,285,17,35
379,285,17,35
379,285,17,35
379,285,17,35
379,285,17,35
379,285,17,35
379,285,17,35
379,285,17,35
379,285,17,35
379,285,17,35
379,285,17,35
379,285,17,35
379,285,17,35
379,285,17,35
390,303,14,32
387,304,17,34
380,306,22,30
376,306,23,29
370,308,25,32
366,306,26,34
358,304,28,35
354,304,28,35
346,303,29,37
342,300,26,39
333,297,29,41
325,296,28,40
316,295,32,42
306,293,33,43
296,293,34,44
283,292,39,49
271,286,38,53
262,283,37,47
246,280,42,46
235,273,43,42
224,267,40,43
213,258,42,47
201,253,47,48
189,250,50,51
184,243,49,56
182,241,49,53
185,241,49,50
189,240,47,49
199,238,44,47
208,238,40,48
217,233,36,48
226,228,35,53
236,223,35,48
240,219,36,47
245,214,37,49
248,213,35,50
251,212,34,48
250,212,33,49
250,216,31,47
246,219,32,46
239,223,34,48
234,227,33,50
225,228,33,52
218,230,31,48
206,234,36,51
193,237,41,53
183,239,41,55
174,238,45,58
165,240,47,59
165,240,44,54
165,239,46,55
165,237,46,55
165,236,47,56
171,233,43,57
178,232,46,55
188,230,45,56
201,231,47,54
214,230,39,59
228,237,41,58
241,233,42,57
257,231,39,64
268,231,42,65
275,231,43,63
280,226,43,60
285,224,43,61
285,217,43,63
282,217,45,60
276,217,47,62
268,219,45,65
257,224,47,65
248,227,43,64
232,235,45,63
220,236,35,63
204,232,41,65
191,231,38,61
180,229,38,61
169,224,42,58
162,220,41,52
158,217,43,51
153,217,44,46
151,216,49,47
152,217,47,46
154,221,48,49
159,226,45,52
173,227,40,59
184,229,42,65
204,229,46,72
224,232,40,69
244,223,48,73
263,214,52,76
279,202,55,80
295,191,61,76
306,180,65,70
315,173,67,71
321,169,66,66
325,169,61,64
326,170,64,68
321,177,65,70
313,182,59,73
301,192,63,80
287,204,54,80
273,215,48,78
253,224,45,75
235,232,36,63
211,234,41,66
194,233,40,64
179,232,43,63
169,228,42,60
160,225,45,56
156,223,45,50
153,217,44,50
156,220,42,50
158,218,43,53
162,223,41,55
165,224,44,64
173,231,45,67
182,240,45,66
195,245,45,66
207,249,45,62
223,249,39,60
236,250,43,58
248,247,40,54
257,245,40,56
264,243,40,57
272,242,38,57
273,243,38,54
275,244,36,54
276,246,36,55
274,245,33,51
270,247,32,49
263,245,31,50
257,245,32,47
250,243,31,46
241,243,34,42
235,243,34,44
227,241,33,48
221,241,30,50
216,241,33,46
209,239,33,47
202,234,34,47
198,233,34,49
191,230,36,48
188,226,34,49
186,221,34,52
185,221,35,48
185,221,32,43
184,217,35,44
183,216,36,46
187,214,35,49
189,210,36,54
192,212,35,53
199,215,34,47
203,217,32,46
206,218,33,46
212,217,33,50
218,218,31,51
223,219,30,52
227,224,31,48
233,230,29,41
239,231,30,43
242,229,29,39
246,229,29,41
248,227,30,41
249,227,30,40
248,227,30,39
243,227,31,39
241,228,30,42
237,227,31,37
230,226,32,37
221,222,32,43
214,218,34,39
204,212,34,43
201,208,35,50
192,202,39,55
189,203,41,49
180,196,38,51
167,187,40,51
160,177,42,53
155,168,41,45
149,160,38,40
145,151,39,38
145,138,35,42
144,127,34,41
148,119,33,39
149,109,33,43
154,99,31,42
156,90,30,39
159,82,32,42
164,77,29,41
166,69,27,43
170,63,27,45
173,58,26,44
172,58,28,42
174,55,26,40
175,56,25,36
177,56,24,35
175,56,23,36
174,58,22,30
174,60,25,29
171,63,25,31
172,65,26,33
171,65,27,36
171,64,30,42
171,65,29,41
177,64,28,36
180,65,26,33
181,64,27,36
185,63,27,40
189,62,26,35
193,61,24,37
195,59,27,37
194,60,26,37
193,58,25,31
194,58,26,31
189,58,27,37
184,57,28,42
178,58,26,42
171,54,26,40
163,53,26,34
154,49,28,35
143,45,30,39
132,45,35,36
127,40,34,35
121,41,34,37
113,39,39,41
112,37,39,40
111,38,39,40
116,41,38,43
123,48,35,41
129,52,36,40
139,58,36,41
147,66,39,41
165,72,33,38
180,74,32,38
197,81,29,32
212,81,25,32
222,81,29,38
233,78,27,35
240,73,30,40
245,68,30,40
246,62,28,41
247,57,30,40
244,53,32,43
242,49,31,42
240,50,29,39
225,50,34,38
211,50,38,45
202,52,32,37
183,52,33,35
163,46,34,35
139,39,37,37
119,33,37,34
98,25,38,34
79,15,41,37
60,4,47,37
48,0,47,33
48,1,41,30
47,0,40,30
47,0,40,33
50,2,40,36
53,9,43,39
64,20,46,43
79,33,47,41
97,46,44,39
122,60,41,36
145,68,40,39
170,75,36,46
192,78,28,35
214,87,24,27
227,86,28,32
243,84,29,36
247,79,32,40
249,76,33,39
252,73,33,41
251,70,32,39
251,72,30,38
245,72,32,41
239,78,32,44
228,82,35,40
218,90,29,33
204,99,30,31
184,106,31,35
169,111,31,33
149,114,32,32
127,112,35,36
111,110,40,40
92,114,41,38
81,120,46,35
71,123,43,37
68,128,39,40
70,134,40,44
72,144,42,45
77,156,45,48
78,158,46,51
82,168,51,50
85,173,54,49
98,182,53,46
107,183,54,50
135,203,45,40
160,212,41,40
183,222,39,44
202,226,43,45
223,229,37,43
236,228,43,41
255,226,37,43
263,223,40,44
269,218,35,44
272,214,35,43
273,212,35,43
269,213,35,40
263,212,36,42
255,215,37,44
241,220,41,42
226,223,43,51
207,228,41,52
187,232,42,54
165,234,43,51
146,234,46,46
126,229,47,43
102,225,54,49
88,223,56,46
83,214,50,45
75,207,52,48
74,206,51,47
76,207,53,48
82,212,49,44
87,219,53,47
98,226,53,52
115,231,54,51
135,242,52,46
155,250,52,41
180,252,45,44
205,250,42,45
226,246,39,45
242,238,39,44
256,231,37,45
263,225,39,45
272,219,36,44
278,214,33,40
277,211,35,41
278,210,35,41
273,211,35,42
266,216,39,43
255,218,39,46
236,223,46,43
220,228,42,47
199,227,42,47
170,227,48,44
144,217,48,37
119,202,50,43
86,190,57,50
73,165,49,54
59,148,48,51
47,133,48,44
38,112,42,45
37,95,38,46
31,78,46,47
31,78,46,47
35,61,44,40
44,57,44,38
56,55,45,34
75,54,42,32
86,52,44,37
108,53,42,35
138,54,34,38
158,53,34,38
178,61,33,36
200,63,31,30
218,63,33,29
230,60,35,33
244,57,34,41
244,51,37,45
250,48,34,40
253,45,33,40
249,43,35,39
244,45,36,39
241,48,33,44
236,52,33,43
222,59,34,40
208,67,31,37
189,71,34,31
173,74,32,30
152,71,34,32
131,64,38,36
107,58,45,38
91,54,44,36
80,46,43,36
70,40,42,34
65,36,43,33
62,32,42,34
66,33,39,29
74,35,39,32
83,40,39,34
94,46,39,37
111,54,42,40
132,67,38,36
156,73,35,38
175,81,32,39
199,88,30,37
218,91,28,34
237,93,35,35
250,96,33,38
260,96,34,38
270,99,33,38
277,104,33,38
280,113,32,39
287,122,30,40
286,133,30,42
278,145,34,45
268,157,38,47
253,168,38,49
235,179,39,44
210,184,35,48
178,179,43,49
145,175,48,44
102,167,54,47
86,156,61,52
72,154,54,49
58,137,57,52
35,128,62,57
4,101,68,59
4,101,68,59
4,101,68,59
4,101,68,59
4,101,68,59
4,101,68,59
150,31,63,50
150,31,63,50
150,31,63,50
158,46,69,44
46,164,68,52
70,199,71,64
97,215,73,59
138,232,65,58
174,237,54,56
206,242,47,54
229,239,45,46
243,234,45,50
256,226,42,49
265,223,39,47
268,219,37,46
266,217,38,45
266,219,36,44
259,221,38,47
253,227,37,48
237,231,43,45
223,238,32,41
204,240,39,35
182,236,43,36
162,227,43,40
140,212,45,42
121,196,44,42
101,175,49,51
88,154,52,57
85,129,45,57
78,110,48,58
77,93,43,53
77,76,38,46
77,57,40,44
80,42,37,43
82,27,38,42
83,18,39,42
86,5,38,46
91,2,39,44
94,2,39,40
100,0,37,40
107,2,35,36
112,3,33,38
118,7,33,44
124,17,31,45
128,30,32,43
132,44,31,46
140,64,30,47
144,86,30,50
148,103,30,53
152,124,33,59
157,147,34,48
163,168,34,47
165,179,34,52
166,184,32,48
186,140,33,42
181,117,28,40
173,92,29,44
164,63,29,45
154,41,33,48
145,20,31,49
135,4,35,43
124,0,39,32
112,-3,38,28
112,-3,38,28
112,-3,38,28
112,-3,38,28
112,-3,38,28
112,-3,38,28
112,-3,38,28
73,0,37,26
72,2,40,35
69,17,41,40
77,35,40,48
81,59,42,50
88,83,43,57
96,109,42,64
107,141,46,61
123,163,41,62
140,186,41,66
155,214,40,59
168,232,43,64
181,254,40,68
190,274,42,67
205,294,38,63
209,304,44,53
220,317,39,42
229,319,36,39
237,313,35,45
244,300,38,52
256,278,34,59
265,257,33,66
275,236,32,64
280,216,31,63
282,193,33,58
284,169,33,59
282,152,31,54
281,133,33,58
277,119,35,55
273,108,35,52
267,98,34,50
261,89,35,48
260,89,34,45
252,84,34,48
246,82,38,47
237,75,38,46
220,69,40,42
199,60,33,42
180,58,31,47
161,59,35,45
133,62,41,46
106,65,40,50
80,66,44,47
56,70,44,46
56,70,44,46
56,70,44,46
-2,75,47,55
-2,75,47,55
-2,75,47,55
-2,75,47,55
-21,102,48,52
-22,118,61,51
-1,128,59,59
7,138,69,63
34,151,67,55
66,166,55,60
90,174,54,51
116,178,51,52
142,186,45,46
159,186,42,50
174,186,43,52
187,187,41,53
204,186,38,54
213,186,34,57
221,187,36,58
227,193,39,52
235,198,37,50
241,200,36,55
243,207,36,53
246,213,35,49
244,216,34,54
242,219,33,53
237,227,31,49
233,231,33,52
226,232,33,55
219,238,33,51
210,244,37,47
203,245,41,50
200,242,38,51
198,242,38,49
196,239,36,52
197,239,35,48
135,254,31,42
142,252,30,40
144,250,30,40
207,235,27,41
147,249,29,38
210,236,28,42
208,235,29,46
203,235,33,45
200,235,32,47
196,237,32,45
188,239,32,47
181,240,31,46
171,239,34,48
157,235,38,50
146,233,36,39
131,230,40,39
117,225,45,44
103,221,48,46
92,219,53,52
85,216,51,52
80,216,51,50
79,215,49,49
82,216,52,50
87,218,56,53
96,223,58,54
113,223,53,54
126,227,51,52
147,231,52,56
168,237,45,57
189,236,40,57
206,238,43,57
223,233,40,55
236,227,40,46
247,221,36,50
255,214,35,48
257,208,35,50
257,206,36,47
258,205,34,43
252,206,35,44
247,209,37,47
234,215,40,43
218,220,41,48
201,225,49,52
181,230,48,53
161,234,46,52
141,235,43,43
114,229,48,52
87,224,55,51
67,217,54,50
52,211,56,48
44,207,51,45
36,204,49,44
34,202,49,44
38,201,47,43
41,203,50,45
51,208,51,46
61,213,52,44
75,217,49,48
95,223,47,43
117,221,40,55
137,221,39,45
158,227,37,44
178,220,45,49
194,215,43,51
201,207,43,52
215,205,37,50
220,199,40,45
224,196,37,39
225,193,38,42
224,195,38,44
219,196,38,46
218,195,38,50
213,199,36,48
211,199,36,48
201,203,39,49
191,202,39,47
175,202,39,49
158,199,45,54
146,199,43,41
131,196,47,41
124,189,43,41
112,184,46,46
106,184,44,43
104,181,41,41
103,176,41,43
103,173,40,44
105,170,40,47
111,171,37,43
119,169,33,36
122,169,34,34
129,167,32,31
134,165,34,31
141,164,32,34
147,162,31,31
152,160,31,31
155,158,31,34
158,158,31,32
159,156,31,37
160,155,31,36
160,155,31,39
160,154,30,35
159,152,31,36
157,152,30,38
154,151,30,37
152,150,31,40
151,150,31,42
150,151,31,40
151,155,31,36
150,157,30,35
150,157,29,34
149,160,30,34
149,164,28,30
148,167,28,30
149,170,29,29
149,171,28,28
147,171,27,28
145,172,27,28
145,171,27,29
144,173,28,29
142,173,27,28
141,175,27,28
142,176,27,27
140,175,28,28
141,177,29,30
137,176,32,36
138,176,29,39
139,177,29,39
141,177,30,38
142,177,32,42
142,176,31,44
143,176,30,42
146,173,29,39
147,173,29,40
147,175,28,38
146,174,28,36
148,173,27,31
146,173,29,26
146,173,27,26
147,173,26,25
149,174,26,26
148,174,27,27
147,175,26,26
146,175,26,26
145,175,26,27
143,176,27,26
141,176,28,26
140,177,28,26
138,176,27,27
139,177,27,28
135,176,30,30
136,176,28,27
136,177,27,27
137,176,28,26
138,178,27,27
139,177,26,26
140,178,26,26
139,178,26,27
138,178,27,26
139,178,26,25
139,179,26,27
139,179,26,26
140,181,25,26
140,180,26,26
138,181,27,27
140,182,25,28
142,183,24,28
139,187,27,28
139,190,27,29
138,192,31,35
130,196,38,36
132,195,37,45
133,201,38,43
131,204,40,47
134,208,40,46
136,213,38,44
135,218,40,43
136,220,42,46
137,224,43,45
139,228,42,43
139,231,41,44
141,234,43,46
140,235,45,47
139,236,46,48
139,238,47,46
138,242,52,45
135,241,53,47
131,245,58,47
130,246,60,48
127,250,65,46
124,252,66,46
125,256,67,45
128,259,65,45
137,263,64,43
143,265,59,43
151,264,52,46
155,261,44,50
159,263,36,49
163,267,34,46
168,267,33,43
170,267,36,46
173,269,33,45
176,267,31,49
179,266,29,47
182,268,30,49
186,269,28,49
188,265,28,51
187,266,28,52
186,266,28,50
187,267,29,47
188,266,28,47
185,265,28,45
182,265,29,47
179,266,29,47
177,266,29,48
173,268,32,47
170,267,34,46
168,267,35,47
165,269,35,41
159,268,36,48
159,268,37,49
159,270,35,47
156,270,37,47
156,271,37,46
156,270,36,44
158,268,36,47
158,268,35,47
162,268,35,45
163,264,33,47
165,264,34,46
168,261,35,48
168,261,34,49
168,259,34,49
171,259,33,48
169,260,32,46
170,262,32,40
168,260,34,44
165,261,33,46
163,261,34,46
162,260,32,44
160,260,32,44
156,259,34,47
153,259,34,45
150,260,34,45
148,261,35,42
147,261,33,45
145,262,35,42
144,264,33,40
143,265,35,41
144,269,34,40
144,270,36,40
144,271,37,42
147,271,36,44
153,272,38,47
158,274,39,48
164,272,36,50
171,271,35,53
177,272,32,51
185,270,29,50
191,269,29,46
192,268,30,44
195,265,30,45
195,262,31,47
195,261,31,47
193,262,33,46
189,263,32,46
184,263,31,46
180,264,31,49
172,267,32,45
164,267,35,49
156,270,38,47
146,267,39,50
138,272,40,44
135,271,37,37
130,273,38,37
125,271,40,40
124,270,41,41
124,271,40,41
126,270,41,42
132,273,41,45
139,270,42,49
143,274,40,50
155,275,39,47
165,276,37,44
174,271,33,50
183,270,29,49
191,269,31,48
196,267,31,49
198,265,31,48
200,262,33,48
202,262,32,47
203,262,32,47
201,262,31,49
196,266,32,47
191,268,33,49
187,273,31,49
179,272,30,53
169,275,36,54
160,280,42,47
153,283,41,47
146,281,41,47
143,282,40,45
142,281,37,43
140,284,38,40
140,284,39,43
142,284,40,43
147,286,38,37
156,286,36,44
163,284,35,46
172,280,33,46
179,273,30,52
186,271,30,48
190,268,31,46
192,263,32,46
195,259,31,48
195,260,31,42
196,257,31,45
196,258,31,48
193,258,32,47
193,258,31,45
188,262,30,47
185,264,30,49
180,266,31,51
172,267,32,49
167,269,39,52
161,269,40,49
158,272,39,48
157,271,36,47
156,270,37,46
157,268,35,47
155,264,34,47
158,259,33,48
158,255,31,46
156,250,32,46
158,248,30,45
157,246,29,46
155,248,30,45
155,252,32,41
150,252,34,45
149,257,35,43
147,258,37,43
148,259,40,43
152,259,39,44
157,260,39,49
162,260,41,51
168,259,39,51
177,258,34,52
184,253,30,52
186,250,32,48
190,245,33,47
191,244,33,46
191,243,32,47
193,244,29,50
191,249,32,44
192,249,28,45
191,248,28,48
189,248,29,48
187,248,30,45
183,243,29,45
180,240,30,47
174,239,32,46
168,237,31,43
162,236,31,46
154,237,33,43
147,237,32,37
137,236,35,35
129,235,37,36
122,231,38,40
118,228,40,43
116,228,40,43
114,226,42,42
120,226,38,38
125,221,38,42
130,219,35,38
137,216,34,35
144,209,35,39
152,206,33,36
158,201,33,38
162,199,35,40
168,199,35,45
172,197,34,46
174,200,35,51
173,199,35,51
170,197,37,52
168,198,37,52
162,196,39,57
157,197,39,57
148,197,41,63
139,200,43,65
129,202,43,66
116,204,47,62
104,205,51,63
95,199,50,62
87,197,54,66
83,194,56,63
79,195,57,61
78,197,55,62
82,201,54,58
88,206,57,58
100,207,55,58
113,211,52,60
128,214,49,55
145,214,52,55
162,215,51,58
180,212,45,61
180,212,45,61
210,194,44,63
223,185,47,67
238,177,48,60
251,173,51,58
262,162,58,66
279,154,61,71
297,152,68,70
319,151,78,79
350,135,82,95
386,124,87,100
421,115,76,94
421,115,76,94
421,115,76,94
485,107,91,84
485,107,91,84
485,107,91,84
485,107,91,84
467,196,85,93
454,211,73,98
436,219,64,95
421,222,67,86
398,217,74,77
389,210,72,81
375,202,73,98
363,197,79,114
362,200,72,94
360,199,68,88
356,199,71,94
356,194,67,95
357,190,68,104
357,189,72,98
358,193,72,83
361,194,74,78
358,195,77,77
362,194,77,77
372,192,78,78
379,191,88,90
396,191,87,83
416,199,82,75
432,199,82,76
447,196,84,69
460,192,88,70
468,196,88,68
470,189,87,76
460,182,88,82
446,182,94,82
429,184,94,105
413,185,93,110
393,206,80,101
366,218,80,101
341,225,70,92
316,236,72,79
292,238,76,72
277,234,74,76
264,236,75,73
258,241,68,71
254,245,67,70
252,249,69,74
258,258,71,77
271,268,74,81
288,282,75,80
309,293,70,69
334,309,71,59
366,323,67,44
395,321,67,37
421,335,65,28
443,336,71,26
469,330,66,32
491,321,61,39
496,313,72,46
505,306,71,54
510,296,72,62
512,287,71,69
502,280,73,79
496,276,73,82
483,274,74,82
469,270,73,74
449,271,70,77
429,272,67,79
404,269,65,80
375,269,67,78
343,269,69,79
308,266,76,75
277,264,79,78
244,263,79,83
205,266,88,79
172,263,84,86
140,257,91,90
107,257,96,94
78,262,96,95
57,266,99,91
35,282,96,81
27,281,96,79
17,289,100,72
16,296,101,63
20,302,97,58
28,309,101,55
44,322,88,49
44,322,88,49
76,313,88,47
76,313,88,47
76,313,88,47
76,313,88,47
76,313,88,47
76,313,88,47
76,313,88,47
76,313,88,47
76,313,88,47
76,313,88,47
76,313,88,47
76,313,88,47
76,313,88,47
76,313,88,47
76,313,88,47
76,313,88,47
76,313,88,47
76,313,88,47
76,313,88,47
225,325,75,52
218,324,80,42
203,319,80,39
183,318,84,43
169,317,86,44
158,313,84,49
149,312,87,47
144,310,87,49
138,311,89,48
141,311,85,49
142,316,89,44
148,318,93,42
161,334,94,28
172,338,93,25
170,341,105,19
170,341,105,19
170,341,105,19
227,338,101,21
227,338,101,21
227,338,101,21
227,338,101,21
