197,172,61,61
194,169,65,62
194,169,66,62
190,171,69,62
190,171,68,64
193,172,63,60
191,172,66,65
191,172,66,62
188,173,67,63
189,172,66,62
188,176,67,61
184,177,70,60
183,178,69,58
182,181,65,60
181,179,67,63
179,180,66,62
181,182,63,64
178,183,62,63
175,184,61,61
176,189,58,62
173,191,59,61
173,194,56,64
168,198,58,65
162,201,64,66
164,204,59,64
163,207,62,65
164,208,62,65
165,208,64,63
169,211,63,63
173,210,60,58
172,209,59,57
179,207,55,59
178,207,58,55
185,202,56,54
188,198,53,54
192,194,52,53
194,189,54,54
196,185,54,52
198,179,53,55
198,176,54,55
200,174,50,54
200,175,51,54
202,178,52,53
202,180,52,52
203,183,55,49
207,189,52,44
208,194,49,43
211,201,45,41
214,205,44,35
217,220,44,35
221,232,43,31
221,245,45,33
222,259,45,38
224,274,42,39
225,290,42,44
224,304,42,38
230,316,35,41
230,316,35,41
230,316,35,41
217,228,24,45
217,228,24,45
217,228,24,45
217,228,24,45
217,228,24,45
217,228,24,45
217,228,24,45
217,228,24,45
217,228,24,45
217,228,24,45
217,228,24,45
217,228,24,45
217,228,24,45
217,228,24,45
217,228,24,45
217,228,24,45
189,174,28,40
178,159,36,41
170,145,40,40
170,145,40,40
170,145,40,40
149,114,47,42
149,114,47,42
149,114,47,42
149,114,47,42
149,114,47,42
149,114,47,42
149,114,47,42
149,114,47,42
149,114,47,42
152,139,43,37
152,139,43,37
152,139,43,37
152,139,43,37
199,133,35,45
203,130,32,39
203,130,32,39
203,130,32,39
203,130,32,39
203,130,32,39
203,130,32,39
136,133,39,43
133,133,46,45
132,134,47,49
132,135,47,50
133,138,46,48
134,138,44,50
134,138,43,49
135,137,45,52
137,136,44,53
138,137,45,51
141,137,44,50
143,137,44,49
143,137,44,49
143,137,44,49
143,137,44,49
143,137,44,49
143,137,44,49
143,137,44,49
143,137,44,49
143,137,44,49
143,137,44,49
143,137,44,49
143,137,44,49
143,137,44,49
143,137,44,49
143,137,44,49
143,137,44,49
143,137,44,49
143,137,44,49
143,137,44,49
143,137,44,49
143,137,44,49
143,137,44,49
143,137,44,49
143,137,44,49
143,137,44,49
143,137,44,49
143,137,44,49
143,137,44,49
143,137,44,49
143,137,44,49
143,137,44,49
143,137,44,49
143,137,44,49
143,137,44,49
143,137,44,49
143,137,44,49
143,137,44,49
143,137,44,49
143,137,44,49
143,137,44,49
143,137,44,49
143,137,44,49
143,137,44,49
143,137,44,49
143,137,44,49
143,137,44,49
143,137,44,49
143,137,44,49
143,137,44,49
143,137,44,49
143,137,44,49
143,137,44,49
143,137,44,49
143,137,44,49
143,137,44,49
143,137,44,49
143,137,44,49
143,137,44,49
143,137,44,49
143,137,44,49
143,137,44,49
143,137,44,49
143,137,44,49
143,137,44,49
143,137,44,49
143,137,44,49
143,137,44,49
143,137,44,49
143,137,44,49
143,137,44,49
143,137,44,49
205,166,50,47
205,166,50,47
205,166,50,47
205,166,50,47
205,166,50,47
202,159,47,39
202,159,47,39
202,159,47,39
202,159,47,39
202,159,47,39
202,159,47,39
202,159,47,39
202,159,47,39
202,159,47,39
202,159,47,39
202,159,47,39
202,159,47,39
202,159,47,39
202,159,47,39
170,260,51,32
171,259,51,41
171,241,54,46
174,225,54,53
178,212,54,54
181,201,54,56
183,193,56,53
186,188,53,49
191,184,53,50
194,180,53,46
197,179,54,49
197,179,56,49
199,183,55,46
198,187,55,46
200,193,53,45
199,201,51,45
194,209,54,49
193,219,52,49
192,225,49,55
188,236,50,54
186,247,49,54
181,258,48,54
178,266,48,55
177,272,51,53
177,274,52,53
178,271,53,53
179,265,53,53
187,257,62,51
189,246,67,49
195,235,56,46
200,220,52,45
204,204,51,42
202,188,53,35
202,172,57,44
201,157,47,39
199,143,46,39
197,128,45,41
195,117,44,43
191,107,43,43
188,100,45,43
185,92,44,43
180,88,46,44
174,85,49,45
172,83,47,46
167,84,48,48
163,86,48,46
156,90,47,49
150,99,51,43
147,105,48,48
139,116,53,44
137,119,51,46
136,121,50,47
131,121,51,46
127,119,53,45
126,114,50,46
125,108,50,46
122,100,51,49
122,94,49,48
121,89,51,47
120,84,51,47
121,80,51,48
122,77,52,48
125,75,51,49
127,74,51,50
130,76,50,49
132,79,52,48
136,83,52,50
140,88,50,48
145,96,51,48
147,105,53,46
152,117,52,48
158,130,48,49
159,130,48,48
164,144,46,45
165,145,46,43
176,166,42,51
182,182,42,60
182,200,46,54
184,215,47,48
185,230,50,49
185,230,50,49
181,247,56,53
181,247,56,53
181,247,56,53
181,247,56,53
181,247,56,53
181,247,56,53
214,251,49,48
226,238,45,44
232,223,44,47
240,208,43,45
250,193,37,40
249,175,42,43
250,158,42,44
248,142,44,44
249,130,44,44
247,118,49,45
251,111,46,41
252,104,47,43
254,99,43,42
256,96,43,42
256,92,44,44
259,94,43,42
257,93,44,44
258,98,43,47
257,101,43,47
261,108,42,47
258,118,42,45
261,128,46,44
258,141,44,44
258,157,46,44
257,175,47,39
256,193,50,33
258,209,47,37
255,222,45,43
250,234,46,46
242,242,49,49
239,249,47,53
229,252,49,53
229,252,49,53
229,252,49,53
223,249,46,51
223,249,46,51
223,249,46,51
223,249,46,51
223,249,46,51
223,249,46,51
223,249,46,51
223,249,46,51
223,249,46,51
223,249,46,51
223,249,46,51
178,220,38,57
175,236,33,49
172,236,38,51
169,234,40,53
166,236,37,48
164,238,36,49
163,238,37,50
164,239,38,49
163,238,40,48
162,236,42,48
163,232,40,49
164,226,41,48
166,221,50,49
168,210,44,50
172,206,45,49
175,203,40,52
178,199,31,54
176,198,31,52
172,198,31,52
172,201,26,47
168,204,28,44
167,201,21,46
164,201,15,42
164,201,15,42
164,201,15,42
164,201,15,42
164,201,15,42
164,201,15,42
164,201,15,42
164,201,15,42
164,201,15,42
164,201,15,42
193,149,17,39
177,130,23,38
177,130,23,38
177,130,23,38
177,130,23,38
177,130,23,38
216,200,31,32
213,209,37,31
211,184,43,40
205,170,49,42
200,158,52,53
196,147,52,52
193,139,52,56
189,133,55,54
188,132,53,54
183,131,56,54
183,132,53,58
180,136,54,58
180,140,52,58
179,146,51,58
176,154,52,56
174,160,51,59
177,163,45,55
175,164,45,55
179,165,40,54
176,164,44,55
177,163,43,57
171,164,47,51
168,164,51,42
169,166,46,35
170,167,49,35
169,168,49,35
169,169,51,37
170,169,52,39
172,171,47,38
171,173,50,42
172,176,52,38
174,179,51,36
177,183,51,42
191,187,58,40
180,193,58,45
185,195,62,44
186,200,52,36
188,206,51,36
191,211,49,37
194,216,47,40
197,221,43,36
196,225,45,35
196,228,46,36
194,231,48,39
196,234,47,38
195,235,48,42
196,236,47,40
198,238,45,43
198,238,46,43
197,239,48,41
196,239,49,45
197,238,50,43
199,238,48,40
201,236,47,41
200,234,49,39
201,231,51,41
203,229,50,40
203,226,53,40
201,223,54,38
206,219,48,46
212,214,41,50
220,211,33,44
211,208,38,51
211,204,37,51
207,201,43,54
206,199,43,62
204,197,51,60
207,201,47,63
213,201,57,68
210,205,58,70
208,210,53,70
210,214,42,75
209,218,43,77
207,221,47,87
207,224,51,80
211,231,46,87
203,223,48,80
211,229,51,75
210,242,47,65
208,246,51,54
223,242,45,41
224,242,40,32
202,250,36,39
220,231,36,33
201,235,33,33
200,225,33,40
201,215,32,42
200,207,29,33
215,182,32,27
191,180,35,28
193,158,34,30
194,137,37,38
200,112,38,40
206,84,40,44
215,61,41,43
225,38,39,41
234,20,41,41
242,4,40,40
249,-2,40,37
257,-7,37,28
266,-9,35,26
266,-9,35,26
266,-9,35,26
266,-9,35,26
266,-9,35,26
266,-9,35,26
266,-9,35,26
266,-9,35,26
266,-9,35,26
266,-9,35,26
266,-9,35,26
266,-9,35,26
266,-9,35,26
266,-9,35,26
266,-9,35,26
266,-9,35,26
333,0,35,29
344,7,33,33
351,18,32,35
354,32,32,35
361,51,29,32
365,67,30,34
365,78,29,32
361,87,31,33
358,97,32,33
356,109,32,36
351,124,34,37
348,143,35,36
343,162,35,39
339,189,36,38
334,213,36,42
327,246,42,44
322,281,43,52
320,321,38,43
320,321,38,43
320,321,38,43
320,321,38,43
320,321,38,43
320,321,38,43
320,321,38,43
320,321,38,43
320,321,38,43
320,321,38,43
320,321,38,43
320,321,38,43
320,321,38,43
320,321,38,43
320,321,38,43
320,321,38,43
320,321,38,43
320,321,38,43
320,321,38,43
320,321,38,43
320,321,38,43
320,321,38,43
320,321,38,43
320,321,38,43
320,321,38,43
320,321,38,43
320,321,38,43
