197,172,61,61
192,169,63,59
193,170,66,60
191,170,68,62
189,171,69,60
190,172,67,61
192,172,62,60
187,175,68,55
188,177,64,55
188,175,65,55
185,176,70,59
184,176,67,60
184,175,65,59
184,179,65,55
179,177,68,59
185,180,61,53
184,182,58,57
184,183,57,66
174,185,63,70
174,188,61,67
170,189,62,66
168,195,61,55
164,198,62,55
172,201,57,51
164,205,59,51
165,205,58,54
164,208,62,54
167,210,63,50
169,210,62,52
172,210,59,47
172,210,60,53
178,208,55,53
179,204,55,58
185,203,53,54
186,198,53,54
188,195,54,48
193,192,53,49
194,185,53,46
196,180,54,51
200,177,51,52
201,176,48,48
200,176,50,48
198,178,53,47
203,181,49,45
202,185,52,43
199,188,57,46
204,194,52,45
209,202,50,46
211,211,51,44
219,220,44,40
220,232,46,33
223,246,43,32
228,259,40,32
226,275,41,32
231,289,38,33
233,304,34,30
234,318,32,31
233,331,31,29
233,331,31,29
233,331,31,29
233,331,31,29
233,331,31,29
233,331,31,29
233,331,31,29
233,331,31,29
233,331,31,29
233,331,31,29
233,331,31,29
233,331,31,29
233,331,31,29
233,331,31,29
233,331,31,29
233,331,31,29
233,331,31,29
233,331,31,29
233,331,31,29
266,273,34,26
273,247,33,29
273,247,33,29
273,247,33,29
273,247,33,29
273,247,33,29
273,247,33,29
273,247,33,29
273,247,33,29
273,247,33,29
273,247,33,29
273,247,33,29
273,247,33,29
273,247,33,29
273,247,33,29
273,247,33,29
273,247,33,29
273,247,33,29
273,247,33,29
273,247,33,29
273,247,33,29
273,247,33,29
273,247,33,29
273,247,33,29
273,247,33,29
273,247,33,29
273,247,33,29
273,247,33,29
273,247,33,29
273,247,33,29
273,247,33,29
246,245,32,34
246,245,32,34
246,245,32,34
246,245,32,34
246,245,32,34
246,245,32,34
246,245,32,34
246,245,32,34
246,245,32,34
246,245,32,34
246,245,32,34
246,245,32,34
246,245,32,34
246,245,32,34
246,245,32,34
246,245,32,34
246,245,32,34
246,245,32,34
217,292,27,33
217,292,27,33
238,282,30,26
244,277,31,22
251,273,30,20
256,269,31,19
260,265,29,19
259,262,31,17
258,259,31,17
260,259,28,16
259,261,27,16
259,265,26,14
257,268,26,14
253,272,26,13
251,278,24,15
248,282,23,15
244,287,22,18
245,291,19,19
245,291,19,19
245,291,19,19
245,291,19,19
245,291,19,19
245,291,19,19
245,291,19,19
245,291,19,19
245,291,19,19
245,291,19,19
245,291,19,19
245,291,19,19
245,291,19,19
201,249,23,20
201,249,23,20
201,249,23,20
201,249,23,20
201,249,23,20
210,250,20,22
210,250,20,22
210,250,20,22
210,250,20,22
210,250,20,22
210,250,20,22
210,250,20,22
210,250,20,22
210,250,20,22
210,250,20,22
210,250,20,22
210,250,20,22
210,250,20,22
210,250,20,22
210,250,20,22
210,250,20,22
210,250,20,22
210,250,20,22
210,250,20,22
251,296,24,24
250,295,28,24
251,294,32,22
253,290,32,23
259,287,33,23
262,285,33,23
262,285,33,23
264,281,32,22
264,281,32,22
264,281,32,22
272,332,41,26
272,332,41,26
248,331,48,25
236,331,52,28
223,331,52,28
212,331,53,26
197,328,56,29
184,323,60,31
176,316,61,38
168,304,62,46
166,290,62,52
162,272,65,62
166,259,62,61
162,249,65,58
168,234,61,56
170,224,60,56
176,212,57,49
180,203,57,46
181,194,55,41
186,189,53,43
190,183,51,44
193,181,51,39
198,178,49,39
196,181,53,40
200,184,51,38
200,187,51,38
199,193,51,36
198,201,52,35
195,210,51,39
191,220,50,49
188,227,49,55
185,232,54,59
179,247,58,54
177,256,51,53
176,265,49,54
175,270,51,55
177,271,51,52
179,272,52,51
180,268,51,49
183,257,51,51
188,248,58,48
193,236,58,53
199,222,55,51
202,203,61,48
201,189,59,38
201,173,58,35
200,158,50,41
200,143,50,32
195,130,50,37
192,117,48,40
188,107,44,42
186,97,46,44
183,94,46,45
178,88,48,44
175,86,49,47
171,85,50,46
168,84,48,45
162,87,47,45
159,93,49,39
151,97,48,42
145,106,50,45
139,115,53,44
137,122,49,36
132,123,53,40
131,122,51,43
124,120,55,45
125,113,51,43
122,106,53,46
121,101,54,47
120,96,51,45
118,88,51,46
120,83,50,44
121,78,50,47
122,75,51,47
126,75,48,47
126,75,50,47
127,76,52,48
131,79,51,46
134,84,52,45
141,89,52,46
143,96,52,43
149,106,51,40
152,116,53,47
155,129,53,47
155,130,51,47
167,143,43,46
165,144,48,42
177,164,41,41
181,183,43,41
186,202,43,48
186,217,44,44
183,229,50,52
177,241,59,49
176,249,59,52
172,249,64,58
171,249,68,60
174,247,68,64
180,247,69,62
186,250,69,51
200,249,65,45
219,238,55,47
229,225,48,46
233,210,50,43
243,193,44,41
249,178,44,40
255,160,38,39
251,143,40,42
252,129,41,43
250,119,44,41
255,110,43,43
253,102,43,42
254,98,44,44
254,95,44,44
255,92,45,44
256,93,43,44
257,94,45,43
256,98,44,42
259,100,43,44
259,109,44,42
260,117,43,39
259,128,43,38
258,141,43,42
260,158,44,40
257,175,48,36
254,194,49,29
256,211,48,28
252,223,50,28
244,235,52,38
244,244,48,40
241,251,45,47
237,253,46,51
222,253,55,55
217,249,56,58
222,247,44,57
227,246,40,60
235,242,30,57
235,242,30,57
235,242,30,57
235,242,30,57
235,242,30,57
235,242,30,57
235,242,30,57
235,242,30,57
235,242,30,57
235,242,30,57
235,242,30,57
235,242,30,57
235,242,30,57
167,236,30,51
165,238,35,49
161,240,38,48
162,241,40,47
162,238,39,46
163,238,39,46
164,233,39,46
163,227,44,47
166,222,36,39
169,214,34,39
173,207,33,37
173,207,33,37
173,207,33,37
173,207,33,37
173,207,33,37
173,207,33,37
173,207,33,37
173,207,33,37
210,131,40,34
198,125,45,38
193,125,44,40
242,200,39,45
248,206,37,41
248,215,40,38
244,223,45,35
242,231,47,36
235,237,51,34
233,239,49,37
229,243,52,42
224,244,54,49
216,243,58,48
213,237,55,48
208,231,58,47
210,218,55,50
211,209,50,45
210,197,48,42
205,184,52,43
201,167,52,52
198,158,55,53
195,148,52,51
191,140,55,54
188,135,56,55
187,132,54,52
186,131,52,51
185,133,50,53
180,137,53,53
179,141,54,56
178,148,49,56
176,153,49,53
173,159,48,51
173,164,49,52
172,165,50,54
169,165,51,52
171,165,50,53
169,165,51,51
166,163,51,51
168,165,50,51
167,166,50,47
166,168,51,53
168,168,51,45
168,169,53,43
169,170,44,41
171,171,38,36
172,174,37,36
172,176,40,34
171,180,45,32
175,184,43,31
178,188,43,28
177,193,50,28
179,199,51,25
183,202,49,25
187,207,48,20
192,211,46,20
195,219,44,19
192,222,47,19
195,227,45,18
196,230,43,20
194,232,46,20
196,234,44,20
195,236,44,20
197,237,44,23
197,240,43,21
196,239,44,21
198,239,45,21
199,239,44,21
201,240,42,21
201,239,41,23
203,237,43,23
204,236,43,23
204,232,42,22
205,230,45,23
201,226,50,24
200,224,52,24
202,222,50,24
203,216,47,24
201,213,50,25
206,209,43,21
209,206,38,21
208,204,39,15
208,202,37,17
210,202,32,18
212,203,37,20
210,203,36,21
207,206,41,24
209,208,38,24
209,215,38,27
207,221,41,29
205,225,46,33
202,231,44,34
203,237,41,38
203,242,40,42
206,248,35,31
206,252,37,28
206,254,37,28
204,255,35,27
204,254,36,27
203,249,34,27
203,244,33,28
203,236,31,26
200,226,32,26
200,216,30,25
201,204,29,26
198,193,28,26
200,175,25,28
197,157,30,28
195,136,35,36
198,108,37,44
207,80,41,50
214,56,45,44
223,35,46,43
232,20,47,40
242,5,46,41
248,-1,39,30
185,71,41,33
185,71,41,33
185,71,41,33
185,71,41,33
185,71,41,33
185,71,41,33
161,64,35,28
166,68,29,25
172,74,23,24
175,76,19,23
179,84,18,19
182,92,17,16
185,101,16,16
193,113,16,14
199,126,16,15
208,138,14,15
208,138,14,15
222,170,14,14
222,170,14,14
222,170,14,14
222,170,14,14
222,170,14,14
222,170,14,14
222,170,14,14
222,170,14,14
222,170,14,14
222,170,14,14
222,170,14,14
222,170,14,14
222,170,14,14
222,170,14,14
222,170,14,14
222,170,14,14
222,170,14,14
222,170,14,14
222,170,14,14
222,170,14,14
222,170,14,14
222,170,14,14
222,170,14,14
222,170,14,14
222,170,14,14
222,170,14,14
222,170,14,14
222,170,14,14
222,170,14,14
222,170,14,14
222,170,14,14
222,170,14,14
222,170,14,14
222,170,14,14
222,170,14,14
222,170,14,14
222,170,14,14
222,170,14,14
222,170,14,14
222,170,14,14
222,170,14,14
222,170,14,14
222,170,14,14
222,170,14,14
