308,136,69,71
306,133,62,66
303,136,65,62
301,137,65,62
297,140,68,59
297,142,64,56
297,143,62,56
293,145,66,58
291,147,66,52
287,151,67,45
284,153,61,44
283,152,53,47
286,148,53,47
287,147,54,44
287,146,49,41
288,146,52,46
289,148,47,45
286,151,48,40
287,148,46,47
293,147,42,51
299,148,36,52
300,153,34,45
299,157,34,42
301,160,32,36
303,161,35,36
306,166,37,31
311,168,46,25
315,169,32,19
320,171,27,17
319,160,33,25
317,164,32,19
316,159,36,24
314,160,31,22
313,160,28,22
312,157,29,23
311,159,29,21
310,156,28,23
309,158,27,20
309,157,26,23
308,156,24,34
307,156,34,54
307,156,36,57
306,156,39,57
306,155,40,60
304,156,43,58
303,160,41,54
303,159,40,55
302,159,41,56
302,155,40,60
301,155,41,58
302,152,38,61
306,151,34,66
305,149,27,48
308,149,26,39
308,149,27,34
307,151,29,34
306,152,29,31
306,151,30,31
304,152,32,29
302,154,33,28
300,154,36,30
298,155,38,31
298,157,39,30
299,157,38,31
303,156,37,31
308,155,36,30
314,154,32,30
318,151,30,31
321,148,30,32
323,148,28,33
329,149,24,31
333,151,21,29
333,152,23,28
331,154,30,28
329,156,28,27
336,160,23,25
335,158,23,26
335,158,24,25
335,159,24,25
335,160,23,25
333,161,25,26
334,161,23,26
333,160,24,27
332,160,26,27
331,161,26,26
333,162,25,26
334,163,25,26
334,163,24,26
327,164,32,28
322,167,37,25
324,168,32,28
322,168,40,26
327,167,36,27
329,165,29,26
327,163,34,33
333,160,26,36
329,152,27,62
329,141,25,78
327,133,24,90
325,127,24,94
325,123,24,96
325,120,24,99
323,117,26,102
318,115,33,99
313,112,37,96
310,112,43,96
311,109,37,83
311,108,36,84
315,109,31,81
316,109,30,86
314,110,40,89
312,109,41,96
316,108,32,94
320,109,27,96
324,108,26,102
321,106,27,101
321,105,26,104
323,105,24,100
322,106,24,98
322,104,26,100
319,103,30,102
318,104,28,86
316,105,30,95
317,106,28,89
318,106,25,89
317,106,28,92
318,104,30,99
319,103,31,102
320,104,31,103
321,106,27,103
323,106,24,105
325,105,25,105
327,106,28,105
329,105,28,105
328,106,33,104
328,106,28,102
327,109,50,83
318,114,56,79
308,119,56,77
302,122,51,84
300,123,43,86
301,124,46,80
303,124,51,77
307,124,51,75
306,124,48,81
307,125,40,83
308,122,44,85
306,124,40,82
308,122,46,92
311,119,38,92
316,117,31,94
315,109,34,103
316,106,36,108
319,107,34,110
321,105,34,110
322,105,33,110
321,100,33,114
323,104,31,110
321,106,29,109
321,107,27,108
320,106,26,110
322,109,25,104
320,108,26,100
320,105,26,108
319,106,28,99
318,103,30,99
319,94,34,105
320,94,30,105
318,97,39,104
313,96,36,100
303,94,41,98
296,87,45,99
292,85,49,101
288,83,53,102
285,81,57,104
286,82,57,104
284,83,59,103
282,86,60,102
279,86,62,104
275,87,66,106
273,87,69,104
269,88,73,101
266,87,77,102
263,86,83,103
259,87,84,96
256,88,86,93
255,89,87,92
259,86,82,96
265,80,74,99
277,77,63,101
284,75,55,90
296,74,45,85
308,70,35,130
316,72,28,139
318,77,26,124
314,75,27,134
315,76,31,143
312,73,35,137
309,75,40,138
299,78,51,129
288,86,57,103
280,96,61,89
279,109,66,86
278,115,64,77
280,126,52,56
279,134,55,64
279,144,55,52
277,150,57,45
276,155,56,42
277,160,55,38
278,163,48,37
276,163,54,39
277,164,52,36
276,164,60,38
276,164,59,38
275,164,62,39
273,165,64,38
273,167,68,38
273,169,77,36
274,171,74,33
273,170,76,36
275,170,77,38
274,172,79,36
272,176,83,32
272,175,84,32
278,177,79,30
273,174,84,33
277,175,81,32
278,177,80,30
276,173,80,33
274,173,82,31
275,172,79,31
276,170,76,30
276,169,72,31
273,166,71,35
274,165,68,37
277,165,65,35
275,166,66,34
274,166,66,33
273,166,66,32
273,166,68,32
272,165,66,33
272,164,67,33
271,162,67,35
272,162,64,35
272,161,65,34
272,160,64,34
272,160,63,34
272,161,62,35
272,160,61,35
272,158,61,35
273,156,60,36
273,155,62,35
273,154,59,35
272,151,60,39
271,152,59,40
270,153,60,38
270,153,60,38
270,153,62,37
268,153,62,37
269,153,60,37
271,152,57,38
272,151,57,38
272,152,56,36
273,150,57,35
275,148,58,35
276,147,59,32
275,147,59,33
276,147,60,33
278,146,59,34
280,149,58,30
282,151,55,28
281,148,54,33
284,146,50,33
286,143,45,38
287,139,43,40
285,137,43,42
285,138,36,40
288,138,32,39
285,138,39,43
283,142,42,42
280,143,45,42
275,141,50,44
274,142,54,44
272,142,56,45
272,142,58,44
274,141,57,45
276,140,60,48
279,142,62,47
285,145,49,46
291,154,43,36
293,166,47,21
295,164,56,23
297,162,45,28
304,168,44,25
308,159,43,38
309,166,47,37
309,172,51,31
311,177,57,28
310,181,61,25
312,185,59,20
313,184,66,20
309,177,75,25
309,171,75,29
309,172,70,26
305,168,77,31
302,168,76,30
302,167,80,30
305,169,79,29
303,167,85,32
304,166,85,31
306,165,84,31
307,163,87,29
303,163,90,25
305,161,84,27
307,158,84,28
310,157,80,26
309,157,84,22
315,157,78,21
321,157,73,20
323,155,76,22
325,154,80,22
327,152,84,24
327,151,85,26
327,151,87,26
327,150,89,28
329,149,89,27
330,148,88,28
325,147,95,27
318,145,105,31
311,142,111,32
302,140,128,37
301,137,107,57
288,140,180,38
300,137,160,44
269,136,96,43
271,130,108,33
261,132,51,28
252,130,54,26
248,128,51,27
248,127,43,26
244,125,46,26
244,124,46,26
241,122,50,27
241,121,49,27
234,119,54,27
231,117,50,30
222,116,50,35
219,117,48,29
215,117,46,25
212,116,46,28
212,116,46,25
212,114,44,26
206,113,47,26
204,111,46,26
198,110,47,26
195,110,46,25
195,108,43,28
190,112,44,24
188,111,45,26
190,112,43,28
191,117,42,23
191,117,41,24
192,117,40,23
185,117,48,24
187,118,46,24
190,117,44,24
188,115,46,26
188,117,44,24
187,117,46,26
192,116,43,27
195,120,38,24
193,124,39,33
186,130,46,32
190,135,45,23
191,137,42,24
192,135,39,21
193,132,36,27
192,131,39,18
187,132,43,21
188,133,39,17
186,132,45,18
192,127,69,21
203,117,68,29
186,110,30,35
186,103,35,37
187,98,41,34
190,95,30,31
192,90,30,29
197,84,29,30
202,80,31,26
205,76,29,28
209,72,28,28
212,69,36,30
215,68,35,28
217,68,43,26
221,70,38,24
223,72,64,29
227,75,33,24
230,79,32,25
231,79,29,24
230,75,31,28
229,69,32,29
230,64,34,29
230,61,34,28
234,54,32,29
236,47,33,29
240,40,32,30
242,33,31,31
243,25,31,33
243,12,30,41
242,6,29,43
243,7,30,34
247,3,31,32
254,2,31,26
257,2,36,23
270,1,27,27
278,0,24,23
283,1,21,22
285,0,26,35
283,3,26,44
365,133,29,51
370,137,31,52
369,136,30,50
367,133,34,51
366,134,33,50
365,134,34,49
364,134,34,49
365,135,33,47
364,134,33,48
365,135,32,48
365,134,31,49
364,134,32,50
365,138,31,48
366,141,31,45
361,138,27,33
358,134,28,34
363,139,36,44
364,140,35,40
360,134,44,49
369,139,37,41
359,126,50,50
380,133,36,39
351,105,69,59
372,106,51,55
361,97,67,56
386,105,43,41
361,87,76,50
399,87,42,45
368,70,84,42
394,71,61,32
385,62,77,26
380,57,82,23
376,49,86,21
382,42,73,20
378,34,79,18
386,21,71,21
380,9,78,25
407,3,50,19
469,131,59,25
572,137,31,64
536,56,72,37
544,3,87,85
256,268,86,87
257,269,78,86
474,103,50,63
566,9,73,89
568,4,70,92
564,4,72,92
575,5,63,90
577,11,62,79
580,12,56,75
579,5,61,80
579,11,59,76
574,6,61,79
572,6,62,80
575,10,63,77
565,4,70,81
578,10,61,76
571,7,63,80
557,5,78,83
573,4,62,87
583,11,57,82
549,2,84,82
569,4,66,86
574,7,66,81
567,5,73,84
572,6,67,86
571,7,68,81
569,9,64,79
552,2,81,80
573,3,64,90
559,4,75,75
571,8,67,78
560,3,73,86
291,6,74,81
290,9,81,70
289,25,79,60
289,35,83,50
286,44,90,41
282,48,101,42
274,53,118,35
269,54,133,35
273,55,123,31
359,61,49,25
362,69,54,20
368,74,58,16
374,78,59,18
379,85,59,19
383,92,58,19
387,97,58,17
387,100,59,21
378,107,68,19
368,109,79,23
353,111,93,29
380,117,59,29
367,119,70,31
363,120,69,35
375,124,54,34
364,124,55,34
341,101,66,54
329,79,75,76
324,63,75,92
326,65,73,90
336,76,64,80
325,56,75,91
342,79,58,69
351,85,57,69
375,105,35,40
374,98,34,44
363,65,43,78
378,94,35,50
379,87,39,52
381,79,44,60
386,90,38,44
389,88,35,47
392,89,23,44
395,91,20,40
398,94,17,36
401,99,16,32
403,102,15,31
404,107,15,26
404,111,16,24
399,113,25,22
353,98,64,36
323,86,88,47
317,105,89,35
313,121,77,33
312,124,100,56
317,137,78,66
333,133,75,93
350,191,54,55
371,211,67,44
402,140,61,98
433,181,63,55
447,155,56,58
459,124,55,42
408,97,104,59
401,69,84,72
391,69,54,76
358,73,56,62
335,100,53,54
333,132,38,54
336,138,77,71
356,174,48,57
378,185,58,49
414,175,50,54
416,154,63,61
407,130,79,61
400,105,76,57
397,80,68,75
376,77,46,76
347,81,53,60
330,105,38,66
331,137,33,67
340,178,49,75
358,200,59,78
385,213,67,65
414,199,62,67
436,179,51,67
426,148,68,75
411,134,82,70
401,128,71,54
390,130,67,57
388,136,36,70
387,149,36,76
389,158,37,71
391,164,39,65
390,169,45,61
402,167,44,57
407,158,50,53
393,156,72,51
390,149,82,47
404,142,68,45
393,136,80,47
385,132,87,45
383,129,89,44
381,122,90,48
382,118,91,47
383,113,95,50
382,113,104,46
408,114,84,41
391,112,98,44
399,108,104,47
392,107,105,46
404,108,66,46
384,106,90,50
392,106,78,46
396,111,85,44
396,109,84,47
393,104,94,51
371,104,113,49
370,104,110,46
360,100,128,49
351,100,136,48
346,103,143,49
351,103,149,52
344,104,168,48
339,107,156,46
358,106,133,47
374,103,109,53
377,109,111,46
356,110,169,46
344,104,177,51
352,96,170,64
374,86,106,85
364,97,99,70
402,72,133,94
389,53,107,135
360,76,114,104
392,68,105,116
395,73,108,100
376,77,145,103
364,89,118,76
547,86,90,174
550,93,81,176
541,91,90,188
534,135,94,132
440,99,92,48
431,105,79,45
366,115,130,34
471,77,50,72
423,99,68,52
466,79,47,79
464,78,43,60
455,73,45,83
372,121,93,32
372,121,93,32
269,126,165,28
306,119,118,35
425,86,64,60
326,124,127,34
419,83,54,61
424,77,45,71
422,79,51,69
419,81,45,57
405,82,51,72
406,84,49,74
403,88,53,74
384,102,50,70
385,102,64,72
382,98,56,74
378,106,52,73
266,148,132,31
376,117,57,64
268,151,116,34
373,123,60,74
267,153,121,32
370,127,57,71
266,156,117,33
365,130,62,74
267,157,113,36
366,132,52,81
261,157,114,38
358,135,56,75
261,158,114,39
261,162,114,32
263,164,103,33
260,163,108,33
264,164,105,35
265,167,101,32
265,165,99,35
266,168,95,32
268,170,96,30
268,171,93,29
269,172,92,29
269,172,91,28
270,173,89,28
272,172,86,30
272,173,87,30
273,172,87,30
273,172,87,32
275,172,87,32
275,172,85,33
276,172,87,32
277,172,78,33
278,171,81,33
279,171,80,34
280,171,76,33
281,171,75,33
281,169,76,36
282,169,76,35
283,168,74,37
284,167,73,37
285,167,75,37
287,168,70,36
288,168,70,36
289,169,67,35
290,170,68,34
291,170,69,35
293,171,64,34
294,172,64,33
295,173,62,31
297,172,61,32
297,172,61,31
299,173,61,32
299,173,61,31
300,174,58,28
300,174,60,29
300,174,60,26
301,172,68,31
301,172,67,28
302,173,72,30
303,175,66,28
303,176,75,25
301,177,88,26
301,169,106,42
302,168,93,39
302,154,30,43
302,173,24,22
299,171,42,24
300,168,24,27
299,165,30,27
299,162,29,28
301,160,30,30
301,157,35,32
303,154,31,32
303,150,33,35
304,141,35,41
304,128,46,60
308,126,42,61
310,121,46,66
313,118,49,73
317,114,48,80
317,113,48,83
317,112,46,72
314,113,51,79
313,113,41,65
315,113,38,72
320,111,33,79
324,113,29,84
328,116,24,83
330,115,22,96
330,117,20,75
329,120,19,67
326,127,20,59
325,137,22,52
323,153,26,40
321,172,29,23
322,172,30,29
321,170,35,31
311,167,49,37
313,161,49,43
309,156,48,51
304,151,54,58
295,147,63,64
289,141,67,68
285,139,78,72
283,137,75,70
284,134,74,72
286,134,69,65
287,134,69,66
288,134,66,66
284,135,65,67
281,137,66,64
278,139,68,60
274,140,69,56
271,143,70,51
267,147,76,47
262,147,78,45
262,144,78,52
265,141,73,55
266,136,64,54
267,129,53,56
266,124,51,57
265,122,50,60
262,121,52,61
260,120,52,60
258,119,54,65
256,117,54,65
252,117,54,58
250,116,54,57
249,111,56,63
249,108,56,64
248,104,55,66
246,101,56,69
244,100,58,69
239,98,65,67
235,99,71,62
232,99,71,57
232,96,68,58
231,92,69,60
230,92,68,55
227,97,79,43
227,100,73,32
227,108,60,20
229,103,58,35
232,94,54,57
237,92,46,67
243,89,37,79
246,88,32,85
247,88,27,87
248,87,24,91
246,86,24,95
244,86,22,97
241,89,22,97
239,85,23,103
236,87,24,102
230,96,25,97
222,103,31,97
217,104,31,95
214,113,29,92
207,121,30,91
201,126,30,92
194,138,31,89
187,148,33,88
179,158,38,76
182,165,32,67
179,168,30,63
177,162,29,72
176,173,28,61
175,174,26,60
176,177,24,55
176,192,26,34
179,193,22,37
179,191,23,38
179,189,25,40
179,188,24,41
179,187,23,42
179,181,26,48
178,184,27,46
179,184,27,45
179,182,30,49
177,188,30,41
178,190,28,40
179,187,26,43
177,187,28,44
173,192,32,39
167,191,38,40
165,196,38,35
165,195,39,36
164,196,40,35
162,195,42,39
160,198,41,36
157,197,41,38
155,197,43,36
151,197,51,35
146,196,62,25
142,196,81,24
143,192,65,25
145,193,70,21
151,191,72,23
156,196,70,22
158,195,63,27
162,193,52,31
165,194,44,32
170,196,36,33
172,196,27,36
172,198,22,36
172,194,19,40
172,196,20,39
170,197,22,37
170,196,25,40
168,196,26,39
163,196,27,37
154,198,32,35
142,202,39,29
135,204,47,25
127,202,64,28
125,198,76,29
124,188,86,39
127,200,86,26
122,209,55,21
126,207,47,23
126,210,45,21
130,214,39,18
131,219,36,35
133,225,31,31
125,217,40,34
122,223,37,41
123,230,33,34
120,235,33,28
88,228,58,50
39,215,96,95
290,250,84,92
302,143,69,61
305,308,64,44
291,136,89,50
407,8,107,100
264,251,105,93
259,248,101,98
141,196,77,54
45,213,85,93
