341,162,29,86
341,161,28,86
337,156,30,89
335,153,31,91
332,148,33,96
328,147,36,92
324,143,39,103
322,148,40,95
321,147,35,91
317,143,34,92
308,131,40,109
294,135,39,94
294,133,34,106
299,132,41,117
305,133,34,99
283,127,36,103
284,127,39,108
282,126,37,109
280,132,49,106
295,133,45,113
281,137,60,84
279,146,62,82
286,148,58,77
293,153,49,84
300,157,49,88
297,159,54,83
312,163,38,79
301,158,49,88
319,166,39,80
328,169,38,77
309,164,56,79
309,162,57,80
316,160,49,77
317,158,53,67
332,158,69,44
342,153,63,37
349,148,56,39
322,144,90,48
335,142,75,55
353,141,57,50
330,140,84,76
361,146,48,50
334,147,79,75
338,143,75,79
335,142,67,82
352,130,47,82
333,145,43,86
333,142,39,100
333,125,39,101
302,108,58,91
291,119,49,66
279,128,57,49
333,177,34,71
331,188,34,56
303,134,75,31
304,132,76,33
316,122,62,44
298,124,80,49
298,132,78,46
461,140,21,78
531,161,38,92
341,135,35,59
305,122,67,135
300,141,75,65
306,139,71,69
302,134,73,76
302,145,48,83
304,137,62,84
300,141,64,84
311,152,57,91
311,153,51,90
319,155,43,82
331,165,37,79
325,166,38,79
312,154,42,88
318,155,37,93
317,151,40,88
320,150,39,89
317,137,45,92
316,137,48,83
319,146,46,80
324,143,43,81
328,167,38,70
333,172,37,76
313,123,65,111
328,131,42,88
324,137,55,80
356,116,41,64
351,119,49,112
346,132,56,74
356,132,45,61
342,134,59,82
351,147,50,67
351,151,49,57
356,152,46,61
353,154,49,62
359,153,41,70
349,155,55,74
362,154,43,54
359,159,47,65
368,157,37,52
367,155,40,78
349,159,54,72
357,158,47,72
353,156,50,71
360,156,47,71
358,156,50,71
368,157,42,63
370,154,41,83
369,155,40,79
371,156,41,78
371,157,41,77
370,162,41,79
378,154,37,73
379,161,36,73
375,161,39,76
377,161,37,80
372,162,42,82
376,163,37,76
377,159,36,84
376,160,36,81
377,162,35,77
377,164,33,75
379,166,32,77
371,166,40,78
373,166,41,81
368,168,44,81
376,165,37,81
372,168,44,81
376,169,39,76
374,170,42,79
377,174,39,68
376,177,40,70
367,183,48,68
376,179,41,66
369,182,48,66
368,185,48,63
361,187,55,66
346,188,71,69
345,183,74,71
365,182,51,64
349,186,67,76
350,187,65,71
349,185,68,72
350,183,67,75
370,183,47,65
371,183,47,68
357,189,64,69
366,189,53,63
363,197,53,57
362,198,54,59
364,198,49,57
362,198,52,60
367,195,48,61
371,198,47,60
359,193,61,67
362,195,56,64
375,195,43,60
376,192,47,59
346,190,73,84
359,190,53,74
346,198,78,63
356,197,71,63
350,198,86,64
343,196,92,75
351,198,75,63
348,198,92,64
359,203,70,52
345,201,94,63
342,202,90,67
340,203,95,65
343,213,52,55
352,200,89,64
347,199,86,67
459,138,27,74
379,196,59,61
370,198,63,62
462,138,23,78
395,194,41,60
389,198,44,54
361,200,72,61
461,135,24,66
369,179,59,77
461,139,25,77
532,162,36,92
461,137,21,68
531,161,36,94
531,161,36,94
358,182,58,69
364,180,51,64
358,178,61,65
372,173,43,69
461,135,22,62
375,172,40,72
357,182,53,62
370,185,41,59
351,189,55,56
363,185,43,58
343,183,69,62
369,175,41,66
351,182,47,64
367,174,42,69
342,183,60,62
366,172,46,68
365,172,42,66
462,134,20,76
533,162,35,95
462,138,19,64
532,161,32,89
462,134,22,59
378,161,45,79
357,176,67,54
339,167,80,63
353,171,58,55
362,168,48,52
327,142,62,77
461,136,24,76
367,151,33,78
369,189,36,49
371,191,38,49
375,182,33,57
463,135,20,83
373,141,23,75
370,166,32,68
370,166,32,68
330,126,57,88
340,133,45,101
460,136,24,76
368,148,21,64
372,149,23,58
376,155,26,53
385,161,24,43
387,161,23,47
388,159,24,49
388,159,24,49
344,172,27,81
346,170,29,80
345,167,30,81
346,164,32,85
346,165,32,84
346,164,31,85
346,163,31,84
346,163,31,83
346,164,31,81
345,164,33,82
342,163,35,86
344,165,32,82
341,167,31,82
342,168,31,79
342,168,33,81
343,170,30,80
341,173,32,77
342,171,31,77
342,171,32,80
341,177,31,70
342,179,34,76
342,184,42,62
380,141,43,42
327,61,29,21
327,61,29,21
327,61,29,21
331,4,48,83
243,63,47,154
217,97,48,110
379,267,52,63
461,139,19,81
532,161,37,94
460,135,25,64
530,160,42,94
461,139,24,77
463,132,20,76
532,159,37,94
532,159,37,94
532,159,37,94
460,137,29,96
583,171,32,77
532,164,36,82
463,133,24,62
531,161,39,95
421,48,37,39
400,0,76,93
281,179,35,66
278,182,36,66
272,196,23,55
272,196,23,55
263,195,35,78
274,188,35,79
288,182,47,80
325,216,62,46
447,141,42,100
585,174,42,72
456,112,34,75
416,168,82,54
449,160,58,65
479,148,68,59
465,138,92,83
487,133,73,80
515,134,47,59
525,131,41,86
525,128,42,107
466,135,97,118
466,139,89,114
465,143,87,111
469,142,86,110
470,143,86,112
475,144,77,109
497,144,56,96
473,158,70,107
479,143,57,73
451,160,61,102
460,144,50,120
450,146,54,118
450,139,49,121
446,144,46,112
437,148,49,105
436,162,42,85
422,136,53,112
424,140,38,109
418,142,41,102
415,143,37,98
399,141,43,102
393,132,47,106
395,129,44,112
384,139,46,101
385,138,43,99
346,160,52,90
377,135,39,103
379,139,36,88
376,138,37,91
375,132,36,96
374,139,37,78
369,138,39,84
365,139,37,82
365,131,37,87
363,131,35,87
361,131,37,90
365,131,32,87
363,135,36,90
362,139,36,89
362,138,38,92
364,137,35,93
361,139,42,96
359,139,42,102
363,137,39,101
357,139,41,107
370,136,33,98
368,136,36,97
360,132,43,107
360,133,40,99
365,138,34,90
366,135,33,88
366,135,34,84
363,134,33,91
366,135,31,86
365,136,32,89
367,137,33,87
369,138,35,86
373,139,33,88
376,140,32,85
383,140,30,86
384,139,33,89
393,138,33,86
403,141,42,92
405,142,32,81
404,139,35,91
412,136,33,95
416,144,37,85
424,144,34,84
425,143,41,83
429,150,44,87
443,143,36,90
435,145,42,102
434,174,38,70
427,170,46,77
447,158,28,84
430,151,44,98
457,137,25,86
457,140,26,94
408,154,65,93
430,175,38,72
420,172,50,83
423,179,45,72
418,183,48,72
419,161,57,96
319,185,38,61
427,205,36,52
408,192,63,67
324,183,39,62
321,183,41,62
322,183,44,63
320,181,44,62
323,183,41,60
324,180,40,64
322,183,39,63
317,183,44,62
317,184,37,62
319,184,41,61
320,187,44,61
318,187,56,60
459,153,27,87
453,166,34,88
532,166,34,84
458,134,25,61
438,195,38,58
532,162,37,90
531,165,34,88
452,157,32,93
454,145,29,99
456,142,27,96
458,150,24,87
449,163,29,88
450,168,29,79
451,165,28,80
450,166,30,84
451,172,27,74
449,165,31,87
453,165,28,77
449,178,27,71
454,146,29,109
456,140,30,99
445,158,35,96
455,147,28,97
455,133,27,123
457,145,29,97
582,171,33,76
455,139,27,106
455,147,30,98
458,137,27,107
455,149,34,98
582,171,46,91
584,172,43,86
458,154,25,82
532,165,35,89
448,174,37,67
451,159,30,90
452,146,33,106
583,173,42,79
455,150,34,92
454,138,31,107
337,183,33,60
318,184,56,66
456,165,29,61
532,162,38,93
455,158,32,82
458,141,26,107
457,159,29,87
454,142,30,110
454,136,31,114
531,165,34,84
451,162,30,86
447,162,33,91
454,165,27,75
443,159,34,98
454,146,33,104
454,140,33,106
455,155,31,89
455,143,27,109
581,170,35,88
453,144,32,99
449,162,33,85
450,162,29,88
447,162,33,93
453,165,28,77
450,167,29,83
449,161,31,90
450,158,32,94
451,146,33,107
455,152,32,89
456,156,28,90
452,154,25,99
531,165,37,85
448,167,40,74
452,166,30,77
452,167,27,79
450,149,31,110
455,151,29,92
452,159,28,89
450,154,33,98
581,173,36,82
453,167,29,79
453,161,27,83
446,183,26,68
533,163,35,89
451,149,33,103
452,151,30,93
453,133,30,120
332,187,34,59
320,183,46,63
458,151,27,85
452,152,28,107
455,147,28,101
451,167,29,80
451,168,27,80
454,163,26,84
451,170,29,79
451,160,29,92
449,156,32,101
457,149,27,96
451,154,30,101
582,172,33,77
447,150,34,108
455,148,29,90
451,164,26,83
449,150,31,105
581,172,36,77
450,154,30,99
452,148,30,101
453,147,28,104
454,141,30,107
455,138,26,114
452,171,28,74
450,157,30,98
453,150,30,94
447,167,29,85
450,154,31,97
452,152,31,96
456,138,29,108
453,154,30,88
453,144,28,106
452,167,28,76
450,156,29,95
451,156,30,93
453,146,31,100
582,172,36,83
455,149,28,95
453,158,27,88
448,151,29,106
452,149,30,102
453,146,30,104
581,171,39,87
455,154,28,85
443,160,35,102
582,172,36,80
453,147,29,105
582,172,33,82
453,140,27,118
581,172,38,84
450,160,36,87
580,172,39,83
451,152,31,100
581,173,36,77
453,138,27,114
449,158,31,94
449,165,31,88
448,161,33,91
447,166,33,84
447,168,33,81
449,159,31,96
449,158,32,89
449,153,31,101
452,145,30,107
454,163,30,75
445,180,28,75
451,150,29,107
454,149,29,101
454,145,27,103
454,140,27,113
582,171,35,86
456,144,27,98
453,162,26,86
450,169,27,79
448,163,31,89
447,157,32,95
455,145,28,105
583,169,31,82
448,150,34,109
585,173,37,77
447,161,32,100
449,157,29,100
446,158,34,99
582,173,34,76
454,135,29,119
456,150,31,87
448,154,33,106
456,146,27,100
346,47,48,87
314,188,49,63
318,187,50,61
316,186,44,63
355,83,33,55
324,186,38,53
320,187,52,63
314,189,43,55
318,185,45,63
316,186,48,62
430,204,32,54
431,204,34,52
532,161,30,84
435,206,25,45
435,206,25,45
442,136,33,120
445,133,32,103
452,136,23,51
422,195,39,69
449,128,28,113
405,195,49,62
533,165,38,86
413,207,39,47
414,198,46,60
445,167,29,74
413,193,52,60
412,212,35,42
409,205,43,52
456,171,28,66
452,179,28,54
404,208,38,44
400,209,43,42
324,190,33,53
401,209,46,48
455,170,27,62
454,174,25,54
458,165,25,63
458,155,25,74
390,201,44,54
389,200,40,54
456,137,23,58
456,137,23,58
456,133,24,51
392,195,35,59
395,198,33,53
399,200,31,51
395,198,34,50
396,192,29,58
390,194,38,56
390,194,38,56
390,194,38,56
402,184,28,52
403,185,24,55
327,189,27,50
401,194,29,44
402,186,26,55
407,188,22,56
407,182,22,57
405,182,24,59
406,181,22,63
407,178,22,63
408,183,20,59
408,182,21,59
407,178,23,62
407,181,21,61
408,181,20,59
407,183,21,57
407,186,21,54
406,185,21,56
406,186,22,57
407,186,21,55
406,187,22,54
405,187,23,55
404,186,24,55
403,186,24,56
404,187,24,57
406,185,23,59
403,185,25,59
405,188,22,55
404,188,24,60
406,192,24,53
403,187,26,59
408,199,20,44
405,193,24,52
406,196,22,48
405,197,23,47
406,195,23,48
405,197,24,45
407,199,23,43
408,199,22,43
406,199,24,41
407,202,23,41
407,201,23,42
404,185,27,71
394,196,28,52
396,198,30,49
407,193,23,52
405,202,23,42
336,189,38,53
403,191,29,49
320,163,49,74
458,155,29,73
454,168,29,68
456,170,27,66
531,161,38,94
457,160,31,76
531,162,34,91
398,180,41,70
399,193,42,51
429,175,44,66
456,152,31,89
395,187,42,64
462,135,21,79
397,192,36,62
396,191,44,58
401,198,33,55
402,199,29,54
397,194,32,58
397,199,34,53
394,203,37,50
459,137,20,49
397,196,36,50
400,187,38,66
400,188,37,64
400,188,42,63
403,191,40,58
442,166,37,73
454,165,31,71
411,183,51,69
423,172,48,76
415,174,54,74
466,138,24,64
423,162,41,83
421,157,40,85
420,144,39,92
418,140,34,90
409,127,46,108
402,133,52,83
401,131,40,83
393,131,50,79
395,128,45,72
391,139,45,55
389,139,43,49
397,146,32,38
384,146,36,35
373,117,47,51
388,92,35,78
379,82,39,72
372,82,44,86
368,83,47,77
363,79,49,99
357,81,52,85
350,85,54,87
348,107,49,56
346,79,57,111
344,105,53,66
342,99,56,79
337,85,64,101
324,94,73,99
325,96,74,107
328,99,73,92
329,102,74,105
331,104,72,91
335,108,68,95
336,107,70,98
334,105,76,101
333,103,77,103
335,103,74,104
337,104,72,105
338,104,70,106
341,102,68,103
342,93,67,117
344,92,64,113
345,88,62,125
352,87,52,127
360,86,46,130
366,85,41,133
370,85,39,136
377,88,35,134
372,78,46,146
381,89,42,137
381,79,47,145
382,82,49,142
385,87,51,138
384,84,50,141
386,82,52,144
389,82,48,143
392,85,42,139
387,102,49,119
380,80,56,143
376,94,61,124
369,98,70,123
366,104,74,116
363,121,69,96
359,124,72,89
356,117,81,94
356,126,76,83
352,124,84,85
352,125,84,78
349,128,87,77
356,127,77,70
345,129,84,73
345,129,84,72
345,129,82,73
339,131,84,70
339,134,78,70
333,135,82,71
322,139,89,71
327,144,78,54
349,141,57,59
347,146,56,58
349,147,52,62
357,150,43,64
355,153,45,55
363,157,37,51
362,160,38,46
353,163,50,34
350,160,52,35
342,156,60,36
361,152,42,40
364,149,38,42
367,145,38,47
366,141,44,53
357,166,59,50
380,136,40,80
357,140,67,79
361,266,63,62
377,134,45,89
364,146,62,71
369,141,56,75
378,140,46,80
381,140,48,82
387,140,44,85
401,143,34,93
399,143,35,92
401,144,33,92
397,147,34,90
398,147,33,90
397,146,33,91
315,186,35,62
324,181,40,61
402,145,31,94
406,147,32,93
460,136,23,71
401,151,37,91
459,134,25,67
401,151,34,89
403,150,35,87
532,162,30,87
407,150,31,91
403,151,36,80
411,156,30,89
406,155,33,88
532,164,30,86
402,156,33,84
401,151,35,81
398,154,35,84
404,157,32,81
406,166,35,80
401,164,37,85
390,163,47,73
396,160,35,77
461,137,24,62
396,165,33,81
396,168,33,76
393,170,37,75
384,169,45,77
391,170,37,74
384,173,43,72
381,174,42,69
376,172,47,71
460,136,24,56
377,164,44,87
371,176,46,63
374,174,43,65
374,168,41,71
377,168,39,73
376,170,43,72
380,170,44,74
393,175,32,66
380,172,44,74
376,168,45,71
377,167,40,70
375,168,42,70
380,166,34,70
457,152,26,87
376,169,47,76
382,168,42,73
385,168,38,71
379,168,44,70
378,168,43,69
376,170,43,69
373,166,44,70
363,163,53,75
360,167,55,64
357,166,56,70
357,170,55,66
356,167,52,66
357,170,53,63
362,169,48,66
369,170,42,60
371,168,42,50
354,162,58,60
360,155,54,40
365,141,47,50
365,134,43,58
357,144,44,51
358,132,44,61
359,137,39,66
357,137,40,66
359,120,41,70
359,107,44,79
361,114,41,67
360,125,39,52
362,114,40,83
360,108,43,103
364,102,40,92
357,96,51,110
357,95,49,113
348,100,57,120
355,106,48,94
337,106,67,109
346,107,59,85
337,111,68,90
338,112,65,96
339,108,66,87
330,111,75,93
330,116,73,81
324,120,75,84
322,125,76,76
322,127,78,74
327,129,74,73
316,132,84,84
313,135,83,94
314,140,76,95
320,142,71,87
316,143,67,99
308,144,79,100
307,145,71,96
338,137,49,56
345,134,36,52
320,127,55,95
311,123,53,106
276,139,71,119
295,136,49,96
303,132,50,98
298,129,60,73
306,128,54,78
285,133,77,74
295,135,57,72
291,134,65,76
298,142,51,70
302,119,66,120
305,132,60,76
300,132,78,71
301,133,73,69
304,131,76,67
311,128,73,70
311,128,73,72
313,127,75,71
317,125,69,71
318,127,67,68
318,122,72,72
317,121,68,78
317,119,65,80
310,119,72,80
310,132,61,65
313,119,68,73
307,127,62,71
309,120,67,73
302,118,73,80
303,119,69,79
304,121,66,75
301,121,69,76
301,123,64,77
300,123,65,74
299,122,66,73
298,124,68,72
301,125,60,69
302,125,61,67
303,126,60,64
304,124,59,66
304,125,59,68
304,127,60,63
303,130,64,58
305,130,64,59
305,128,66,59
306,120,65,71
307,118,65,75
309,115,61,84
310,114,65,83
312,113,67,80
316,113,66,82
321,113,63,84
324,110,63,89
324,109,65,103
330,112,60,98
337,109,56,92
335,107,61,92
330,108,68,92
339,107,60,92
338,107,63,93
337,109,66,89
341,109,63,88
345,110,60,86
344,107,62,86
346,107,59,86
347,114,54,80
340,112,58,94
347,112,51,84
346,115,55,82
348,115,51,89
351,134,46,74
350,138,46,62
351,133,51,68
354,133,50,74
354,127,52,90
357,129,50,83
359,128,48,95
358,127,47,83
359,126,46,97
360,129,47,77
360,119,48,106
363,120,44,86
363,124,47,86
360,125,49,76
363,124,46,78
359,136,49,67
359,135,46,83
360,137,49,67
358,134,55,86
361,135,51,71
361,133,54,70
356,132,61,81
360,141,56,61
355,146,60,74
354,156,57,61
354,156,63,63
353,160,61,63
355,165,61,64
360,164,58,57
359,167,59,62
357,174,64,50
357,180,62,44
350,183,78,43
369,175,61,46
361,177,69,56
374,183,54,54
380,184,51,55
379,188,55,52
378,191,56,52
382,189,52,53
385,191,54,50
389,194,46,45
396,190,44,50
395,180,37,55
399,183,40,53
402,180,39,57
407,170,35,74
402,169,54,73
404,164,60,80
407,163,52,83
404,165,53,77
406,169,43,70
402,151,54,99
416,165,36,73
417,163,39,81
421,168,37,72
420,166,37,75
422,166,37,79
419,162,40,82
418,160,45,79
418,150,51,90
433,143,43,97
423,154,41,90
418,162,36,80
416,157,42,89
419,160,39,80
419,155,45,91
424,159,40,78
419,159,39,81
416,151,49,93
416,158,38,76
411,160,36,80
407,157,42,85
410,164,38,75
408,160,41,82
414,159,39,86
415,164,41,80
465,133,21,64
412,148,41,96
421,140,53,99
410,158,38,81
404,155,39,83
410,154,40,86
407,155,40,84
410,158,41,81
412,156,43,88
413,154,41,87
418,155,36,88
415,147,40,93
414,145,41,93
410,145,41,89
406,141,39,96
407,141,40,96
405,145,37,90
400,145,42,95
395,148,44,92
399,153,39,82
398,150,38,92
400,153,39,89
397,156,43,86
403,152,38,87
407,148,38,89
399,140,50,94
405,135,48,103
416,150,39,90
417,143,49,101
419,144,42,96
419,145,43,98
420,143,42,95
422,141,38,96
423,138,33,94
421,135,34,101
420,130,36,108
420,128,35,107
420,128,34,110
422,125,39,112
420,129,46,108
421,129,40,100
417,133,42,100
411,137,45,96
415,149,34,84
332,187,29,59
410,136,31,100
407,139,34,92
406,140,34,88
401,146,35,90
402,141,33,90
402,142,32,88
403,142,29,86
397,142,32,91
396,144,31,90
395,145,30,92
392,146,32,92
390,147,33,93
393,148,29,93
393,148,30,92
390,148,33,91
396,149,27,91
390,147,32,94
390,148,34,95
397,146,28,97
396,147,32,96
403,146,26,97
401,143,31,95
403,143,32,94
407,140,32,95
411,140,30,96
414,135,31,95
417,135,30,103
330,182,29,64
420,127,34,115
428,150,28,98
425,127,39,114
433,165,32,71
425,126,33,106
325,177,27,68
334,185,28,61
424,121,32,119
316,177,30,68
337,188,30,54
421,124,31,117
316,175,33,71
332,181,27,63
419,131,28,113
328,179,27,68
419,146,28,90
415,134,27,104
326,180,28,66
412,131,26,100
411,139,28,103
410,141,28,96
409,147,26,98
408,137,28,98
407,137,28,85
408,137,27,106
406,139,29,99
407,142,30,98
405,140,32,94
406,141,32,96
406,143,32,97
407,144,33,94
408,146,33,94
411,147,34,93
414,148,34,93
417,148,32,94
419,148,33,94
420,146,32,98
424,147,31,92
423,145,33,100
426,145,30,99
423,140,35,96
426,139,36,103
430,140,31,102
429,139,33,99
433,142,29,98
429,136,32,98
333,182,27,62
339,186,27,58
423,125,39,96
430,130,32,115
323,180,33,66
424,121,34,97
325,184,34,62
428,125,34,107
324,180,28,63
328,184,38,60
433,137,27,90
533,162,34,88
428,128,29,97
431,118,40,118
437,129,42,103
317,174,29,70
417,106,35,91
331,177,29,65
416,107,30,87
331,180,27,63
407,86,38,107
412,119,30,87
413,122,28,71
410,109,31,84
323,182,29,64
400,108,32,99
399,118,33,93
399,127,31,89
392,133,36,91
391,138,37,92
394,144,34,90
396,148,32,91
398,150,32,93
400,150,33,91
401,148,35,91
406,146,32,92
329,184,28,64
411,140,31,95
409,141,36,90
409,141,36,92
407,143,36,90
404,146,37,84
402,149,37,79
325,183,26,61
394,158,42,74
312,181,29,47
390,163,38,69
390,166,43,60
387,165,44,59
382,162,50,66
383,157,47,68
386,151,45,69
385,146,47,75
387,139,43,83
395,136,34,90
394,132,36,77
401,128,34,85
407,121,28,95
408,123,29,84
410,118,26,87
407,119,29,84
406,122,28,86
406,114,27,95
403,116,29,98
404,118,28,95
401,115,31,104
403,121,29,98
405,118,27,104
399,113,35,112
400,125,37,95
398,121,39,99
390,130,47,91
383,134,52,93
384,133,48,89
390,136,39,93
393,135,35,99
381,127,46,105
383,128,39,96
381,133,37,88
380,125,41,109
379,139,43,90
384,137,39,96
391,130,30,109
384,129,37,106
383,127,36,107
378,129,41,100
381,139,43,83
390,131,35,100
391,138,34,90
392,139,33,91
389,130,34,103
388,134,31,95
387,140,35,89
384,145,41,87
389,145,34,89
389,145,36,88
387,133,35,100
387,131,33,99
387,129,35,97
390,139,33,86
393,141,35,90
398,143,29,89
394,137,34,94
389,129,38,101
390,131,34,91
390,126,31,88
389,128,36,92
392,133,34,93
397,143,34,83
395,142,37,85
390,134,39,93
383,134,44,81
380,132,43,89
378,134,42,80
372,139,45,62
369,145,47,53
362,149,50,46
359,152,53,45
355,156,56,44
364,158,45,40
356,160,53,46
359,158,47,50
365,150,37,54
359,142,42,67
363,137,36,71
361,136,36,62
337,138,56,64
346,130,47,48
331,159,42,71
331,181,36,65
330,178,38,68
320,170,43,75
317,177,37,64
316,177,41,67
320,178,41,68
311,181,41,58
312,160,45,83
312,174,35,66
296,156,43,75
330,169,32,79
292,155,41,69
293,157,41,70
293,157,43,71
322,166,34,81
298,161,34,80
298,161,38,77
298,162,37,82
319,167,36,83
313,171,40,74
312,173,42,72
328,180,33,66
309,166,50,81
327,177,32,71
319,174,39,72
318,177,41,67
307,174,50,65
327,178,32,69
322,169,35,78
321,163,37,84
322,178,39,67
325,171,38,76
326,177,39,67
329,174,35,72
329,147,41,100
326,168,41,77
332,138,54,94
332,132,49,98
350,142,47,75
363,146,35,54
353,150,48,53
350,152,53,59
352,152,52,67
361,154,44,59
360,152,48,65
359,153,51,61
361,153,50,63
360,154,53,62
361,154,53,67
364,153,48,74
364,158,50,72
362,163,55,63
363,164,51,63
362,163,48,66
359,165,51,69
357,170,53,63
357,169,44,68
351,173,54,65
354,174,49,62
350,177,52,60
347,176,51,62
353,181,45,42
359,183,40,37
356,186,41,35
355,188,38,31
349,187,47,40
349,190,39,43
349,168,53,72
365,129,46,63
264,21,32,57
341,145,66,47
263,27,33,51
335,148,50,38
367,115,41,62
361,121,47,61
358,127,48,60
355,129,52,63
356,133,53,58
359,139,48,59
344,142,60,67
340,148,62,57
347,151,56,55
347,153,55,53
342,155,58,58
341,156,58,68
331,160,68,60
332,162,56,64
333,161,69,58
336,160,66,60
331,160,72,67
333,161,71,70
342,162,66,53
334,160,75,63
330,163,78,67
335,161,75,63
333,163,75,68
332,162,78,64
331,164,79,65
328,164,81,64
333,164,75,66
336,163,74,69
333,165,75,61
341,163,67,73
328,165,79,70
338,165,70,61
332,165,74,69
348,166,57,54
338,167,65,69
339,168,70,56
334,165,71,70
338,166,70,63
342,165,64,66
344,166,61,64
337,165,70,69
342,167,64,65
340,168,65,64
344,169,60,62
347,166,63,66
339,168,68,62
344,168,65,63
340,167,67,64
343,168,58,64
343,167,60,67
338,166,67,66
342,165,61,67
341,165,63,65
339,164,66,63
342,163,62,62
350,163,53,59
348,161,56,59
347,163,57,62
350,162,51,64
349,163,56,53
344,163,60,65
347,163,54,62
344,163,60,65
348,166,55,60
344,166,61,65
346,167,58,60
346,166,60,63
342,167,63,61
342,168,64,56
342,166,62,68
345,168,58,55
344,168,61,63
342,168,63,58
343,169,64,60
347,170,59,54
343,168,65,66
346,170,60,59
343,169,68,60
345,170,63,64
348,171,64,63
340,169,72,72
343,169,75,68
339,169,78,66
344,168,79,66
357,166,67,69
349,168,81,73
369,164,71,68
369,169,69,68
371,169,76,72
382,173,63,61
384,170,65,73
391,158,80,84
391,182,45,53
390,173,72,75
388,193,53,51
383,185,83,71
436,155,46,92
418,188,52,60
403,201,45,50
408,197,62,61
406,201,66,52
406,195,72,57
408,196,69,63
419,201,56,52
390,198,87,60
405,201,70,52
359,212,81,38
353,208,85,46
366,208,53,48
365,211,61,35
371,208,51,37
357,206,67,40
360,208,51,36
343,206,66,44
346,208,48,32
317,206,69,45
316,206,55,43
301,209,66,46
297,213,64,42
294,212,65,46
292,213,59,47
292,213,60,48
293,207,59,58
287,218,56,48
292,220,57,49
297,211,49,57
296,217,50,52
296,215,53,55
291,170,76,105
308,188,65,85
359,158,35,59
359,155,35,60
359,155,38,60
361,155,39,62
361,155,42,65
364,156,42,67
306,219,52,40
366,155,40,68
367,155,44,83
369,154,40,67
300,214,50,41
361,153,49,78
362,153,45,74
359,152,49,91
365,155,42,71
359,158,49,79
359,159,45,77
356,161,39,81
347,161,40,81
304,151,58,99
298,139,58,63
302,128,50,62
306,117,45,73
308,112,43,74
303,112,45,68
300,115,44,68
296,117,48,74
327,178,49,89
328,174,43,93
324,171,46,97
320,175,48,94
316,170,52,100
311,168,54,105
310,167,52,104
307,168,55,106
308,169,52,105
310,164,49,109
308,166,52,107
306,168,52,105
306,165,51,108
308,161,48,112
306,163,51,111
305,162,51,112
305,162,53,111
305,158,52,114
303,135,54,140
302,132,55,142
303,137,52,137
301,98,57,181
305,105,52,168
306,102,53,171
308,102,51,167
308,101,54,169
309,105,52,164
310,104,54,167
311,109,51,161
311,106,52,167
312,111,49,163
312,101,51,175
313,107,51,166
313,112,51,165
314,113,51,166
313,119,50,161
314,153,47,123
316,138,50,138
317,161,47,114
318,157,49,118
319,150,50,124
320,161,49,112
321,138,49,138
325,138,46,136
328,114,45,162
326,107,46,168
326,96,45,176
328,96,50,174
330,93,49,174
337,92,49,176
338,89,51,182
339,88,50,183
340,86,51,184
342,84,51,187
344,83,50,186
344,84,51,185
345,82,52,188
346,82,51,185
348,80,51,187
349,81,52,189
349,80,52,189
351,81,51,188
349,80,55,189
352,79,46,185
352,79,51,193
354,80,48,190
356,80,48,194
357,83,49,195
361,92,46,181
360,83,49,188
362,83,49,192
363,83,47,194
364,82,49,191
366,81,42,183
365,80,47,182
366,80,48,186
366,98,46,161
365,80,45,179
366,132,42,118
365,112,40,140
362,113,42,135
362,96,43,159
356,125,38,123
356,76,43,179
353,83,45,170
351,84,43,170
349,87,42,167
348,85,39,171
346,85,40,166
343,90,40,162
341,88,37,164
341,96,39,153
336,99,39,154
336,104,37,148
333,109,40,142
330,103,41,146
330,103,38,153
328,115,40,131
324,124,41,125
323,136,38,114
321,125,40,128
319,129,41,119
317,129,40,123
317,162,35,90
316,156,34,100
316,154,36,101
318,156,36,99
309,182,40,72
314,178,35,76
303,165,44,92
313,182,39,71
312,155,37,102
320,161,37,93
322,156,32,100
330,136,34,110
334,131,31,126
339,128,34,117
346,128,34,120
459,137,24,76
460,129,24,98
364,132,32,123
369,135,38,122
460,130,28,71
380,133,32,122
387,155,25,104
392,151,24,111
399,152,22,107
454,177,22,57
455,170,26,58
532,161,38,94
586,170,40,100
583,173,45,89
584,171,43,92
583,171,42,88
583,170,41,93
584,172,40,86
583,171,40,88
583,173,43,88
328,91,35,100
336,86,30,104
342,87,30,102
347,90,33,108
352,82,34,113
343,172,39,87
363,80,35,104
333,175,36,76
375,81,36,110
381,76,30,113
385,76,33,116
394,75,28,124
327,181,27,67
329,188,27,55
330,188,26,57
330,188,25,56
329,188,27,56
330,187,27,57
330,188,28,56
329,188,28,56
330,189,26,55
329,189,28,56
330,189,27,56
329,187,27,56
329,187,29,59
330,186,26,57
330,187,28,59
331,187,27,60
330,182,28,65
330,187,27,59
330,187,27,57
330,184,28,62
330,187,26,58
330,188,28,57
329,186,27,58
329,187,28,58
330,187,27,58
330,186,28,59
330,187,27,58
330,188,27,56
331,182,26,64
330,182,29,63
331,184,25,63
331,187,27,59
331,178,27,70
331,177,25,70
330,185,25,60
331,178,29,71
331,186,27,58
330,188,28,58
331,183,26,63
330,186,25,60
331,186,27,60
331,186,26,60
331,185,26,60
330,186,26,59
329,188,28,57
331,187,26,58
329,186,28,59
330,187,27,58
330,186,26,59
330,187,27,58
330,187,25,58
331,187,24,57
330,189,24,55
331,185,25,61
330,187,25,58
331,181,26,67
330,186,26,61
331,184,25,62
332,184,27,65
332,180,26,68
331,182,26,65
332,179,30,68
340,164,34,87
340,164,33,88
334,175,31,75
337,165,31,85
335,174,27,76
337,168,29,82
336,180,28,68
335,183,27,65
334,184,28,65
335,185,27,63
334,186,25,60
334,187,23,60
332,185,24,62
333,187,23,61
334,187,25,64
333,187,30,70
331,192,24,50
402,121,33,103
371,125,55,151
373,138,50,149
361,136,53,167
352,141,44,154
335,140,57,161
329,148,57,158
318,152,57,155
308,151,58,160
299,152,58,156
295,148,55,156
291,145,55,164
288,146,51,156
285,146,51,161
281,144,51,158
278,144,49,154
273,142,51,157
270,143,48,151
267,146,49,148
265,148,46,142
258,144,47,144
256,145,43,145
243,139,50,146
233,136,56,152
231,135,49,149
229,136,48,147
226,140,47,142
224,145,44,134
221,142,43,142
220,142,44,143
217,152,41,133
213,143,47,142
209,151,46,131
208,152,46,132
203,150,46,133
198,156,39,132
194,159,44,131
189,160,39,130
185,159,35,129
183,160,36,129
178,163,37,128
173,164,40,126
169,167,40,125
163,167,45,128
159,166,48,129
153,166,48,128
149,163,55,154
141,164,52,160
133,179,63,118
126,174,53,139
120,195,57,94
118,180,45,113
110,179,45,109
111,186,43,96
105,175,42,106
100,176,37,102
101,169,35,110
94,162,43,117
89,151,41,122
84,154,46,118
83,156,44,115
81,155,39,114
77,165,42,102
74,159,36,106
72,193,38,68
70,185,42,79
67,170,52,98
327,181,26,64
334,173,28,79
332,184,26,64
332,181,25,68
332,180,26,71
332,177,25,72
331,180,25,68
332,179,26,69
333,180,26,70
333,178,27,73
332,182,27,69
332,183,26,67
332,180,26,68
331,180,25,68
331,181,26,67
333,176,26,74
331,182,25,66
331,175,27,74
331,182,25,66
331,183,26,64
332,178,27,72
331,180,25,68
331,182,25,65
331,181,26,67
331,184,25,62
331,184,27,64
332,183,25,64
331,183,25,64
331,184,26,64
332,184,24,62
331,184,28,64
332,186,26,61
331,182,26,64
332,175,28,75
332,178,27,71
332,184,26,65
331,182,25,65
331,184,27,63
331,185,24,62
331,184,27,64
332,184,25,63
331,185,26,62
331,185,25,62
331,182,25,65
332,183,25,66
332,185,25,63
333,185,26,63
331,185,27,64
332,185,25,63
331,184,25,64
332,182,26,66
332,186,25,61
332,186,25,61
330,186,26,59
331,184,27,62
332,185,25,63
332,186,26,62
331,185,25,62
331,186,27,61
331,185,25,63
332,180,27,68
331,186,26,62
331,187,26,60
331,181,26,68
331,187,25,61
330,187,27,59
331,188,26,59
331,186,24,60
330,182,29,65
331,181,27,67
331,183,25,63
330,185,26,63
331,184,26,63
331,183,25,64
330,187,26,60
331,184,25,63
331,184,25,64
331,182,26,65
331,183,27,65
331,184,26,63
332,185,24,61
331,177,28,72
332,182,29,65
331,184,25,61
331,185,26,62
331,185,25,61
331,186,29,60
332,187,24,58
331,184,26,62
332,184,25,63
331,182,27,66
331,178,25,70
331,176,27,72
331,183,25,66
332,180,25,69
331,173,26,76
332,185,24,62
331,181,26,67
332,178,26,71
331,183,26,66
332,181,26,68
332,183,25,66
331,183,24,64
331,180,28,69
332,185,26,65
332,185,28,63
331,185,28,62
332,180,28,69
330,180,33,69
332,185,28,64
331,188,26,60
331,183,26,64
331,186,27,64
331,190,26,59
331,191,29,57
315,189,46,59
318,182,38,69
324,177,36,78
329,171,31,87
334,165,33,100
337,159,34,110
347,182,23,70
352,185,22,65
352,170,25,79
361,180,25,61
366,173,25,69
375,175,27,72
380,173,30,78
389,182,24,77
462,136,20,60
528,158,37,99
452,118,36,81
581,171,33,87
585,171,39,87
583,171,44,89
584,171,36,84
583,170,47,96
318,167,33,88
330,188,25,59
333,189,26,56
334,180,32,69
338,184,32,68
331,178,24,66
332,175,30,75
333,170,35,79
333,179,32,70
329,187,35,58
327,190,40,50
328,190,33,55
330,182,29,61
329,187,29,56
330,185,27,57
331,184,26,60
331,179,26,67
331,182,26,63
331,184,26,60
332,182,25,63
331,185,24,58
330,182,26,62
330,179,26,68
331,184,24,61
330,188,25,56
330,188,24,57
330,187,24,54
330,187,24,56
330,188,25,55
331,183,25,61
329,189,29,54
330,187,26,59
330,189,25,53
330,188,25,55
329,188,27,54
330,186,25,56
331,186,26,59
332,186,24,57
330,188,26,55
331,188,25,56
332,182,26,64
331,187,25,59
330,185,26,61
330,188,27,58
330,184,28,60
328,190,30,52
329,188,31,56
328,189,30,56
327,192,31,47
329,186,29,58
330,185,27,61
332,183,26,63
329,188,31,53
331,185,30,58
329,181,34,65
327,185,35,54
327,186,33,55
328,185,32,56
329,182,29,64
330,181,29,65
328,182,32,63
329,174,40,71
324,158,57,94
342,150,56,88
335,154,61,87
328,158,63,77
321,162,66,86
338,159,65,74
328,171,63,72
364,162,51,85
340,175,46,78
335,188,25,60
328,189,34,55
327,186,41,59
331,186,35,62
331,182,25,62
350,218,42,108
513,112,29,97
583,170,36,84
586,171,39,87
586,172,42,94
584,172,43,84
584,171,44,90
583,172,48,88
582,172,45,83
584,170,46,93
582,172,46,87
582,172,46,83
583,171,44,85
582,168,51,94
433,119,46,142
426,160,38,94
423,172,39,88
428,181,33,75
427,184,30,72
425,173,33,85
418,164,43,95
428,179,36,76
423,156,41,107
583,171,36,82
585,173,41,80
433,150,44,116
455,138,28,94
457,128,27,115
584,173,35,84
587,171,43,94
328,189,29,61
325,172,36,80
324,188,29,60
333,173,42,81
329,184,30,64
328,188,32,59
331,185,28,63
330,185,29,61
331,187,27,60
330,186,29,59
330,186,25,56
330,187,31,59
331,184,25,63
329,188,28,56
330,186,24,60
331,181,27,66
331,183,24,63
331,184,29,63
331,182,25,64
331,183,26,64
331,186,25,60
332,183,26,63
331,186,27,61
331,185,26,62
333,185,27,63
332,182,24,65
331,185,25,62
331,185,25,62
330,186,26,60
331,184,26,63
331,186,26,61
331,186,25,61
331,185,26,62
332,186,25,62
332,185,27,62
332,186,25,62
332,179,30,68
332,186,27,62
331,187,25,59
331,185,25,62
331,188,25,59
331,174,30,74
332,185,25,62
331,187,25,57
331,185,27,62
332,181,26,67
331,186,24,60
331,179,28,70
331,187,26,61
331,185,26,61
331,187,25,59
330,180,27,68
332,187,25,61
331,184,25,63
331,187,26,60
331,180,28,68
332,179,26,70
332,187,25,60
331,189,27,57
331,187,26,59
331,182,26,65
330,184,26,63
334,174,27,78
341,191,27,63
337,192,27,59
333,190,29,57
335,196,22,47
331,188,28,57
336,190,26,56
333,187,25,58
332,188,26,57
332,188,24,58
331,190,25,54
330,190,27,55
329,188,27,58
329,192,27,53
328,190,28,54
330,191,27,55
330,189,29,57
328,186,27,60
329,187,28,60
328,189,28,58
329,189,28,57
329,190,29,57
327,188,29,59
330,182,28,67
328,186,29,61
329,188,28,60
329,188,29,59
329,187,29,60
330,188,27,58
328,187,28,59
330,188,27,57
328,187,30,59
333,189,24,55
326,185,31,60
329,191,29,51
326,191,32,53
328,192,30,46
321,186,38,60
324,192,36,44
320,187,39,58
325,190,37,55
319,188,39,41
320,190,49,49
399,138,67,60
392,132,70,64
382,134,87,65
309,205,39,46
326,193,32,56
327,195,37,50
327,193,39,51
330,194,35,50
326,195,39,50
330,202,34,41
331,200,32,48
332,202,36,48
325,203,40,46
323,205,37,45
329,206,30,44
317,209,41,39
324,208,31,42
323,212,34,35
327,212,29,35
321,209,35,40
324,211,33,36
330,208,28,40
328,205,38,45
338,203,31,46
343,201,31,41
341,197,32,47
339,196,34,50
341,193,29,54
333,192,29,49
328,192,34,52
332,194,28,51
330,194,28,53
327,196,24,50
323,194,28,56
324,195,34,58
367,154,87,45
356,154,92,53
345,155,83,57
343,205,26,47
326,198,32,49
329,196,28,52
331,198,29,52
332,199,30,51
329,199,35,51
326,201,43,48
335,199,36,52
341,199,30,51
338,196,31,55
334,197,34,52
331,197,35,53
328,200,33,47
328,203,27,40
328,199,37,44
329,203,27,42
332,205,29,37
332,209,21,38
333,211,23,33
334,210,25,37
333,209,24,39
331,203,26,47
331,200,27,54
331,207,23,50
395,167,32,83
332,185,33,70
331,177,36,73
331,195,28,56
333,180,26,73
333,189,24,63
331,189,23,58
333,188,22,58
334,181,28,67
334,181,27,68
333,186,25,62
332,182,23,64
331,185,26,64
330,176,26,72
331,180,25,67
330,185,27,62
330,180,29,67
330,181,26,65
329,187,27,62
327,180,25,68
327,185,25,63
326,184,26,68
326,186,27,66
326,192,26,59
326,189,27,63
325,191,26,61
326,187,27,66
325,192,28,58
325,189,28,63
326,190,29,61
324,190,32,61
325,188,31,63
325,186,33,65
325,191,33,60
324,191,34,51
323,194,37,56
323,192,49,61
334,202,73,49
