346,280,43,35
346,279,38,35
346,279,39,36
345,279,40,36
345,279,40,36
345,279,40,36
346,279,40,36
345,279,39,36
346,279,40,36
344,279,42,35
345,279,41,35
344,279,41,35
345,279,40,36
345,279,40,36
345,279,40,36
345,279,41,37
345,279,41,37
345,279,41,36
344,279,41,36
345,279,40,36
345,279,40,36
345,279,40,36
345,279,40,37
345,279,40,36
345,279,40,36
345,279,41,36
345,279,40,36
346,279,39,36
346,279,40,36
345,279,40,36
346,279,40,36
345,278,40,37
346,279,39,36
345,279,41,36
347,279,38,36
345,279,40,35
346,279,38,35
346,279,39,35
345,278,40,36
346,279,37,34
345,279,40,35
347,280,38,34
346,278,40,36
348,280,38,34
347,279,40,36
349,281,36,33
349,281,38,34
349,282,38,32
347,283,40,32
348,283,38,31
348,281,37,33
347,280,38,34
348,281,37,33
347,282,39,31
348,279,37,35
346,278,37,34
340,275,43,36
335,270,43,40
328,266,48,45
332,269,40,35
331,263,35,36
325,262,38,36
248,278,81,33
313,259,43,38
312,259,34,32
306,259,35,31
301,258,35,30
298,258,35,30
295,254,33,34
293,255,32,31
289,256,32,31
272,241,48,47
270,243,47,51
275,260,40,33
269,242,46,49
276,261,37,34
270,245,42,46
271,246,40,50
277,263,36,33
279,263,32,30
278,264,33,28
278,264,33,28
275,257,37,37
270,246,42,48
276,261,36,35
273,250,40,43
279,263,33,28
278,260,34,33
266,246,45,47
276,262,35,33
277,257,35,36
272,252,41,41
276,255,36,38
276,255,36,40
275,254,36,41
273,252,38,43
277,258,34,34
275,257,37,37
279,259,33,34
280,263,31,30
269,250,42,43
277,258,35,36
278,261,33,31
272,253,41,41
272,250,39,43
275,255,36,37
272,249,39,46
272,249,40,46
268,246,42,50
277,263,34,33
271,248,41,46
270,253,41,45
269,250,42,48
276,260,36,37
276,257,36,37
277,259,35,35
275,256,37,37
273,254,39,41
274,253,38,40
270,248,42,47
269,252,45,46
276,261,37,35
275,255,40,40
269,249,48,45
277,257,41,39
273,248,49,48
277,251,47,44
292,265,37,32
300,264,32,33
304,264,33,30
307,264,36,31
308,265,40,33
309,268,43,30
301,271,58,36
300,275,65,32
428,270,29,54
442,271,41,48
445,271,38,49
447,275,36,45
445,276,37,44
363,277,30,36
347,274,48,40
400,242,41,48
506,228,38,29
448,276,35,46
393,264,44,39
505,224,24,44
450,279,32,41
371,278,45,42
359,281,42,36
359,280,44,38
357,281,42,37
358,282,45,36
357,281,50,36
354,281,58,35
357,280,55,38
357,280,47,37
358,280,53,37
357,279,54,38
357,277,57,39
360,274,54,42
364,271,53,42
364,268,59,51
367,264,61,58
300,229,42,47
301,228,39,46
278,231,51,50
278,235,43,46
276,239,41,42
276,241,38,41
274,241,43,43
273,243,45,39
272,245,47,39
272,246,47,40
271,248,49,41
270,251,51,41
273,252,49,43
270,252,53,45
272,251,50,44
277,254,46,43
283,257,38,41
288,257,34,38
289,256,32,38
282,254,41,41
289,255,32,39
281,253,41,44
266,252,57,43
287,254,35,38
279,253,43,43
268,252,53,45
265,253,54,43
274,253,50,41
278,254,40,38
267,251,54,45
265,252,51,41
280,253,39,37
271,252,47,36
270,249,47,41
263,250,51,43
269,251,49,46
263,251,49,39
265,251,50,39
264,250,50,40
348,213,51,49
351,217,47,49
267,250,46,38
263,250,47,50
272,251,44,45
356,231,52,46
360,233,51,46
362,235,46,45
362,235,49,46
280,252,35,39
267,251,49,41
265,250,50,43
278,253,38,38
269,252,48,39
268,251,49,41
364,239,53,49
367,237,52,54
369,238,49,52
370,242,50,50
372,244,49,50
373,243,50,50
374,242,50,52
375,242,50,55
376,242,51,52
377,242,53,50
380,238,52,51
381,234,54,51
381,229,56,51
383,225,56,50
384,219,55,50
382,211,59,53
380,204,62,55
382,197,62,56
384,192,60,56
385,187,61,53
385,182,61,57
384,176,61,59
382,174,60,55
380,173,57,55
378,172,58,58
375,174,58,58
374,170,62,89
376,169,64,90
377,171,63,91
379,171,62,94
379,172,62,92
379,171,62,93
377,173,63,86
376,175,63,88
372,181,57,61
368,187,54,53
363,191,50,55
360,196,52,52
360,203,52,50
359,209,52,51
358,218,56,46
360,226,51,43
361,231,61,52
359,235,61,52
356,240,63,49
356,241,66,52
358,241,61,54
359,241,58,55
359,238,57,60
360,237,51,55
359,235,58,57
357,231,59,58
355,229,60,59
350,226,64,60
344,223,74,69
339,220,74,70
332,217,76,73
336,218,77,73
333,218,77,77
346,220,62,71
345,218,57,71
348,220,48,63
349,222,47,58
348,225,45,38
346,224,38,19
344,225,38,21
344,227,36,19
330,229,51,21
347,229,39,31
305,244,21,24
307,241,16,21
306,244,17,14
308,243,16,13
308,242,17,14
309,243,17,14
309,243,17,13
309,244,18,14
308,245,18,15
306,247,19,16
306,250,18,18
306,251,21,24
304,256,51,38
301,282,68,37
434,276,44,45
449,273,35,47
443,273,42,45
352,271,39,43
445,275,39,42
363,277,31,37
440,274,39,43
355,276,42,39
440,275,45,44
438,271,50,51
438,273,50,49
437,274,49,49
439,275,49,48
438,275,51,49
440,274,51,51
440,274,51,49
442,276,49,52
442,278,50,51
443,282,48,46
444,281,49,50
445,282,40,44
447,288,48,49
448,290,50,49
450,294,48,48
451,295,50,50
451,292,50,55
452,298,51,56
452,314,52,43
457,317,48,40
458,321,55,36
462,327,42,30
461,308,55,50
462,313,45,47
456,330,58,30
460,301,57,52
355,275,34,32
356,273,32,33
355,273,33,34
355,274,33,33
354,273,33,34
352,273,35,33
353,274,33,32
349,273,36,34
350,273,33,33
347,274,35,32
348,274,32,32
344,273,36,34
344,273,35,34
343,273,34,33
342,274,33,33
340,274,33,33
339,275,32,32
337,276,33,33
334,275,35,34
333,275,36,33
334,275,34,34
334,275,34,34
333,275,35,34
331,275,41,35
330,275,41,35
330,272,39,37
329,270,40,39
330,269,39,40
328,267,40,42
328,271,37,36
328,273,37,35
326,273,39,35
327,272,38,35
327,273,37,35
328,274,35,34
327,275,34,32
327,275,33,33
326,274,43,34
325,274,45,35
324,273,52,35
324,275,58,34
323,271,64,40
323,272,65,40
324,270,66,40
322,270,70,37
322,271,71,35
322,272,71,38
322,271,68,41
325,271,62,41
324,271,62,40
324,268,67,43
325,270,64,41
324,273,61,38
331,267,61,44
331,271,58,41
327,268,66,42
325,269,63,40
332,265,55,45
328,265,60,45
328,268,57,41
331,265,60,44
332,263,56,44
337,263,54,45
335,258,60,49
333,253,58,50
333,251,57,50
330,247,58,49
329,246,57,42
329,244,51,35
328,244,48,33
327,242,50,42
326,238,53,31
326,237,55,42
328,236,54,49
327,237,53,45
323,235,64,58
323,237,60,54
323,236,73,62
325,234,70,69
319,238,80,67
319,236,81,73
322,232,76,66
507,226,41,38
508,228,45,24
508,229,40,27
508,227,43,28
508,230,33,24
506,226,50,26
507,227,45,25
507,226,41,28
508,229,33,27
506,226,50,27
507,227,41,24
508,229,41,25
508,227,43,27
508,227,43,24
507,228,43,25
508,227,40,25
508,229,41,27
508,227,37,25
508,226,35,27
507,227,47,27
507,228,43,27
508,228,38,26
507,227,52,28
507,227,52,23
506,227,55,26
507,227,52,25
507,228,52,25
507,227,44,25
507,227,60,28
508,228,38,24
506,227,54,27
507,227,53,25
507,228,51,25
507,227,47,23
507,227,45,25
508,227,42,26
508,227,53,25
507,227,54,25
508,228,46,26
508,227,47,25
508,227,43,25
508,228,43,26
508,228,46,26
507,227,44,24
507,229,41,26
508,227,51,24
507,227,45,26
508,228,42,25
508,228,37,28
508,227,48,25
507,227,43,25
507,227,43,27
508,227,40,26
508,228,43,25
508,227,43,26
508,227,38,27
507,227,52,28
506,228,39,24
508,227,48,27
507,228,34,27
507,228,46,27
507,227,46,25
508,227,45,26
507,227,42,27
508,226,34,28
508,227,46,27
508,227,37,25
508,227,40,28
507,226,53,29
507,228,44,23
507,228,43,26
508,227,42,26
508,227,37,27
509,228,45,27
508,227,42,27
508,229,40,24
507,226,53,28
507,227,47,23
507,227,46,28
508,227,39,28
507,227,53,26
507,228,48,24
507,227,51,27
507,228,48,24
507,227,49,26
507,228,51,26
507,228,50,25
507,227,48,23
507,227,47,26
508,227,32,29
508,227,39,28
508,227,56,26
506,227,54,23
507,227,46,26
508,227,36,25
508,228,47,27
507,228,49,25
506,227,51,25
507,227,43,24
508,227,38,26
508,229,48,27
508,227,46,24
508,228,48,27
507,228,45,25
507,227,42,26
506,228,59,28
509,228,43,23
508,227,45,25
508,227,40,28
508,228,38,26
508,226,53,30
507,228,46,22
508,228,47,28
508,228,49,26
507,228,40,25
508,227,37,25
507,228,55,26
507,227,52,26
508,227,45,26
508,227,42,24
508,229,40,26
508,226,36,29
509,226,43,28
508,226,38,26
507,227,51,27
507,228,45,25
508,228,39,26
507,227,56,26
507,228,53,26
508,228,45,25
508,227,46,27
507,227,47,24
508,227,43,27
508,227,45,27
507,228,48,25
507,228,50,26
507,228,51,25
507,227,47,26
508,227,39,27
443,277,31,38
425,285,37,45
429,281,49,48
506,229,60,25
434,281,74,43
452,283,67,38
467,289,60,28
484,293,46,26
459,295,77,34
494,298,36,28
494,305,32,21
501,228,71,26
422,307,41,45
507,228,58,22
508,229,44,27
507,228,47,25
508,227,37,25
507,227,50,27
506,228,49,26
507,228,48,25
508,228,44,25
508,228,45,27
508,228,54,27
508,229,54,26
508,228,53,27
507,228,45,27
508,228,49,25
508,227,53,26
507,228,55,27
507,227,48,24
507,227,40,26
508,228,30,26
507,226,41,29
506,228,56,27
507,227,38,24
506,227,59,28
508,228,41,24
507,226,53,27
507,228,48,26
507,227,52,24
507,228,46,25
508,227,38,26
506,226,53,27
507,227,47,26
508,228,42,25
508,228,40,26
508,227,43,26
508,228,39,25
507,227,52,27
507,228,45,25
507,226,57,29
507,228,47,24
507,226,43,26
507,228,45,26
507,229,49,26
508,227,42,28
508,226,45,28
508,227,49,24
508,228,49,26
508,227,37,29
508,227,47,29
507,227,41,25
508,227,37,29
508,228,38,27
508,227,35,28
508,227,45,26
508,227,38,26
507,227,51,28
507,227,48,25
507,227,44,27
508,228,43,27
508,227,36,28
508,227,47,29
507,227,45,24
507,228,40,26
508,227,38,27
508,228,37,26
508,228,51,27
507,228,47,27
507,228,45,26
508,227,44,25
508,227,42,27
508,228,35,27
507,228,52,27
507,228,45,25
508,227,36,26
506,226,53,28
507,228,44,24
508,229,33,25
507,227,47,27
507,227,44,26
507,227,48,27
507,227,48,26
507,227,46,27
507,227,44,26
508,227,41,23
509,229,29,30
507,225,49,27
507,227,49,24
507,227,50,25
507,228,49,25
508,227,37,25
508,227,29,27
506,226,49,29
507,229,50,26
507,228,56,25
507,226,49,24
507,228,43,25
508,227,39,26
508,227,41,26
508,227,37,27
507,227,50,27
507,228,48,26
508,227,50,26
507,228,52,26
507,228,48,24
507,227,49,26
508,228,42,26
508,227,41,26
443,246,31,39
507,229,53,24
440,242,38,46
352,275,40,36
355,276,36,35
356,275,35,37
357,275,33,36
357,275,35,35
356,275,35,35
356,275,36,34
356,275,35,35
357,275,35,35
355,276,36,34
355,276,37,34
356,276,36,36
355,276,38,36
354,276,38,34
354,276,38,35
355,276,37,34
356,276,36,35
355,275,37,35
355,276,37,35
356,276,36,35
353,275,39,35
352,276,40,34
354,276,38,34
355,276,37,35
356,276,36,35
356,275,37,35
355,276,37,35
354,276,37,35
355,276,37,34
353,276,39,35
357,276,35,35
357,275,35,35
356,275,35,34
358,276,34,33
357,275,35,33
359,276,33,33
357,276,33,33
357,275,35,32
356,275,36,31
355,275,37,32
356,275,36,37
354,275,36,39
356,276,35,38
357,275,34,36
357,275,33,34
357,276,34,31
357,276,34,32
357,276,35,34
357,275,35,35
356,276,35,36
356,275,36,36
356,276,35,35
356,276,35,36
355,276,36,36
356,276,35,35
356,275,36,36
356,276,35,36
356,275,35,36
356,276,36,36
356,276,35,35
356,276,35,36
355,275,36,36
355,276,36,35
355,275,36,36
356,276,35,35
355,275,36,36
357,276,34,35
357,276,34,34
357,276,35,33
356,276,35,33
357,276,34,33
357,277,34,33
356,277,36,32
356,276,36,35
355,276,35,34
356,276,35,35
356,276,35,35
356,275,34,36
356,275,35,35
356,275,35,35
355,275,36,35
356,276,35,35
356,276,35,35
356,275,34,35
356,276,34,35
356,276,35,35
355,275,35,36
355,275,35,36
356,275,35,36
355,275,35,36
356,275,35,36
356,275,34,36
356,275,35,35
356,275,35,35
356,275,35,35
356,275,34,36
355,275,35,36
356,276,35,36
355,276,36,36
356,275,35,35
356,275,36,37
356,276,35,35
357,275,36,36
356,275,36,37
356,275,36,36
356,276,35,36
356,276,35,36
356,275,36,36
356,276,35,36
356,275,35,37
357,276,34,35
358,275,33,35
357,275,34,34
357,276,34,31
358,276,33,32
358,276,34,32
358,276,33,32
358,276,33,33
356,275,36,34
357,275,34,36
357,275,33,36
359,275,32,36
358,275,33,34
357,276,33,34
357,276,35,34
359,276,32,35
358,276,32,35
357,276,33,34
357,276,34,35
358,275,33,36
356,275,36,36
355,275,37,37
356,276,34,34
355,275,38,36
356,277,35,35
356,275,36,36
355,275,36,36
354,276,37,35
355,276,36,35
356,275,35,37
356,276,35,36
357,275,34,36
357,276,34,36
357,275,34,36
357,275,34,36
358,275,33,36
358,275,33,35
357,276,34,35
358,275,33,35
358,275,33,35
357,275,34,35
358,276,33,35
357,276,35,34
358,275,34,34
358,276,33,33
358,276,34,33
358,276,34,33
357,275,37,34
357,273,43,37
357,274,51,34
356,271,64,38
360,271,54,36
357,272,54,35
366,270,48,36
353,269,64,37
357,266,50,43
363,267,44,37
354,264,55,38
350,258,55,45
345,256,61,44
327,242,80,54
504,225,40,81
432,272,38,48
506,227,56,25
507,227,43,26
507,228,44,27
508,227,38,26
507,228,40,27
508,227,42,30
508,226,41,27
506,228,60,27
508,227,39,28
445,276,26,44
507,228,48,27
507,227,53,26
507,227,46,26
508,227,47,26
507,226,48,25
507,227,33,30
507,228,49,27
507,227,46,26
507,227,42,26
508,227,38,27
508,228,42,27
508,227,42,28
507,228,43,25
447,273,25,46
434,274,36,47
506,227,51,27
508,228,46,26
446,274,26,44
507,227,51,27
507,227,36,25
508,228,40,26
508,227,44,27
507,227,47,27
507,227,43,28
508,227,46,26
507,227,46,26
507,227,44,26
507,228,44,27
507,227,41,25
507,229,40,27
508,227,37,28
508,227,42,28
507,227,43,27
445,275,27,44
506,227,55,27
506,227,51,25
507,227,37,29
444,274,27,45
505,227,55,26
506,227,41,28
508,227,37,27
448,276,23,42
507,227,44,26
507,228,34,28
505,227,53,27
434,277,35,47
507,227,52,29
507,227,47,27
507,226,45,26
507,227,50,27
507,228,43,25
507,228,37,25
508,227,36,27
505,226,56,30
434,275,37,48
431,274,39,48
431,272,40,52
430,273,41,52
505,226,62,23
507,227,41,26
447,277,23,40
430,276,40,47
507,228,56,25
507,227,43,26
508,227,39,25
508,227,40,28
508,227,38,28
505,227,58,28
431,274,40,52
504,226,68,25
434,275,37,49
507,228,56,26
507,227,46,27
507,227,46,25
506,227,37,25
506,227,54,27
507,227,51,27
508,227,47,25
507,228,47,26
507,227,38,25
508,228,36,27
508,228,38,27
508,227,37,29
508,227,39,29
508,227,36,29
508,227,40,27
507,228,41,28
508,227,40,25
508,227,39,27
508,227,43,27
508,227,37,26
506,228,55,26
507,227,53,26
506,227,49,26
507,227,44,26
444,274,27,46
506,228,59,27
507,227,48,24
507,227,44,27
444,274,27,44
506,228,54,26
507,228,46,25
508,227,39,27
508,227,38,28
508,227,40,28
507,228,37,27
508,227,40,27
446,276,25,43
432,274,37,49
507,228,56,25
505,227,60,27
430,275,41,50
506,226,59,25
507,227,42,26
507,228,45,27
508,227,43,26
508,226,36,27
508,228,40,27
508,228,44,27
508,227,38,26
508,228,35,28
505,227,53,27
434,275,36,50
506,228,58,27
506,227,45,26
508,227,37,30
508,227,42,28
508,226,43,29
508,228,37,26
508,228,40,26
447,275,24,43
507,227,46,26
507,227,45,26
507,227,39,27
507,228,47,27
507,227,43,27
508,227,34,28
506,227,50,28
507,228,34,24
508,227,36,26
508,227,42,27
508,228,34,26
507,228,52,27
507,227,52,27
506,227,50,28
507,227,39,25
508,227,42,26
508,228,34,27
508,227,39,26
508,228,33,27
507,227,52,27
507,226,36,29
508,226,35,28
508,229,42,26
508,227,43,27
508,227,38,27
507,227,40,28
508,227,37,25
508,227,40,28
508,228,41,27
507,228,43,27
508,227,43,26
507,227,37,25
508,228,39,31
508,227,45,27
508,227,40,25
508,231,45,24
507,227,46,28
508,227,36,29
445,274,26,47
505,227,54,27
435,274,35,53
506,227,58,25
440,274,31,48
432,273,39,50
433,272,38,51
432,272,39,52
432,273,39,50
333,251,65,46
336,257,67,45
343,261,59,44
337,263,71,43
350,269,54,39
351,269,54,40
353,270,52,41
357,271,49,40
358,271,48,41
357,272,47,40
357,273,48,40
358,272,49,42
357,272,48,41
358,274,48,40
357,274,44,40
356,277,38,36
355,278,36,35
355,279,40,35
353,279,41,34
354,279,41,34
354,279,38,34
354,279,37,34
354,279,36,35
355,279,35,35
355,279,35,36
356,279,34,35
356,280,35,35
354,279,37,37
355,278,36,36
356,279,35,36
356,279,34,36
357,280,34,35
356,280,34,35
356,280,35,35
356,279,35,36
356,280,34,34
356,280,34,35
356,280,35,36
356,280,35,35
356,280,34,35
355,280,36,35
356,279,35,35
353,279,37,35
355,279,36,35
354,279,36,36
353,279,38,36
353,278,39,37
353,279,38,35
353,279,38,35
353,279,37,35
354,279,36,35
354,279,36,35
355,279,36,34
356,279,38,34
358,280,39,32
362,281,38,34
364,281,45,37
373,281,46,37
382,284,41,36
389,285,43,35
394,286,43,36
396,285,48,39
406,287,45,38
409,287,48,40
418,288,45,40
424,289,46,41
430,289,44,44
433,290,44,43
434,291,46,41
436,293,46,40
435,291,47,41
432,292,50,40
437,293,44,40
437,292,45,40
433,293,49,40
440,294,41,40
440,292,42,42
442,293,40,39
440,292,43,42
441,293,41,40
438,292,45,42
442,292,40,41
439,292,45,41
442,293,39,41
435,292,49,39
442,293,40,41
429,292,55,41
441,291,41,44
441,292,41,41
441,291,42,42
440,292,42,41
439,291,43,42
442,292,40,42
438,291,46,42
440,292,42,41
441,292,41,42
440,292,42,41
438,291,44,43
440,292,41,41
437,291,45,42
440,293,41,41
439,291,44,43
441,293,41,40
439,291,45,42
440,292,42,42
439,291,43,42
440,292,42,42
440,292,42,41
439,293,43,42
439,292,43,41
439,292,43,42
437,292,45,42
440,292,41,42
440,292,43,42
441,292,41,42
439,292,43,41
439,292,43,43
439,292,43,41
440,292,42,42
440,292,42,42
440,292,43,42
440,292,43,42
440,292,42,41
440,292,43,42
440,292,42,42
441,292,41,42
440,292,41,43
441,291,42,42
441,292,42,41
440,292,42,41
443,292,39,42
437,292,47,42
442,293,40,41
433,293,51,39
445,293,37,42
438,292,45,42
441,292,41,39
438,292,45,41
441,293,41,40
439,291,45,41
440,293,42,39
438,292,45,40
437,292,44,39
438,292,43,39
437,292,44,39
435,292,48,40
436,291,45,40
436,291,47,42
438,292,44,41
440,292,42,40
437,292,45,39
441,293,41,40
438,293,45,40
439,293,44,38
440,293,43,38
439,292,43,37
438,292,45,39
440,291,42,40
439,291,42,39
437,290,46,40
439,292,43,39
438,290,46,42
440,290,41,40
438,290,44,42
438,291,45,41
438,289,44,42
440,291,42,40
438,290,46,42
440,291,42,40
439,290,44,42
440,291,43,40
436,288,52,44
437,289,44,44
440,295,45,36
435,291,48,40
435,289,51,41
434,291,51,39
425,290,62,41
427,290,59,43
431,288,56,44
429,289,59,41
423,289,64,42
430,286,55,47
436,285,47,48
439,291,43,41
437,292,46,39
438,294,47,38
436,292,50,41
439,289,49,42
438,290,50,43
439,289,48,44
441,292,46,42
440,290,46,42
432,284,50,47
424,280,57,53
420,277,69,57
417,272,50,58
407,264,50,41
399,259,45,40
380,253,52,41
367,249,52,48
355,250,54,44
348,247,48,45
339,245,52,40
335,240,54,45
330,238,54,41
322,232,63,54
318,229,61,53
315,226,61,57
312,230,63,51
313,228,59,52
311,224,64,59
315,233,60,44
310,232,63,47
312,230,61,45
307,233,64,40
307,224,66,53
315,224,56,46
305,220,75,61
304,218,70,58
304,218,69,58
303,219,71,59
308,224,65,52
325,226,49,50
320,225,60,56
311,227,73,58
321,223,62,53
326,223,56,55
323,223,66,59
326,222,56,51
322,225,62,51
320,223,65,62
318,225,63,49
319,225,62,51
322,226,59,52
319,226,62,54
321,226,59,52
317,222,63,56
317,218,63,59
318,220,63,60
317,213,63,66
314,209,66,71
316,207,61,72
312,206,66,73
318,215,57,65
313,208,64,73
317,209,58,64
326,205,50,71
325,212,51,57
326,211,52,64
324,211,54,61
325,212,52,58
324,217,53,55
323,218,55,57
322,217,53,53
323,211,53,63
321,215,49,51
320,204,49,41
320,210,51,59
319,218,58,56
320,208,45,57
320,207,57,69
319,209,52,64
319,203,51,63
318,204,54,67
318,202,51,63
317,205,55,67
319,204,48,63
316,203,64,75
319,209,47,58
318,203,57,76
318,201,56,75
316,203,59,75
322,208,54,69
318,228,50,52
319,220,61,60
318,219,48,56
312,222,71,60
311,216,61,60
315,221,52,47
312,224,70,61
312,223,61,57
320,222,53,53
315,227,62,52
318,224,58,55
320,225,56,52
320,227,57,50
320,223,59,53
320,218,51,56
319,222,52,51
322,223,51,49
322,216,59,59
321,216,57,57
320,219,57,50
319,220,52,46
317,212,64,57
316,215,57,51
315,213,61,55
314,212,64,58
315,212,59,51
315,213,66,58
316,212,60,52
315,209,63,60
314,222,52,42
314,217,52,42
316,211,63,52
316,213,63,58
317,224,47,37
316,210,62,63
315,220,45,40
314,206,62,60
315,225,52,38
313,219,66,54
313,207,56,60
313,204,59,70
313,211,54,61
312,218,49,46
310,215,62,54
312,213,56,53
311,215,60,57
309,213,59,53
310,217,61,54
310,215,61,56
310,223,54,46
311,222,43,39
312,226,51,44
313,226,57,36
313,224,47,48
312,227,37,29
312,227,35,28
312,227,33,27
310,227,34,27
311,229,32,24
311,227,35,29
313,229,31,27
309,223,39,32
310,225,49,43
310,227,63,51
312,225,53,50
310,228,63,52
311,226,60,52
310,226,59,48
312,226,54,51
310,227,56,50
311,224,51,48
309,230,57,45
310,228,64,52
311,225,55,56
309,229,59,51
309,225,64,56
311,225,59,54
312,230,59,53
313,230,59,47
316,226,58,51
314,228,62,53
314,231,60,48
314,230,63,49
316,230,59,49
315,230,61,51
315,217,53,63
312,216,49,59
313,224,56,51
312,217,58,61
313,210,48,65
315,218,55,57
317,215,44,56
314,217,55,62
315,212,47,60
315,216,58,62
314,209,47,68
311,213,53,61
317,211,42,59
312,213,60,67
310,210,65,70
315,214,46,59
313,211,63,70
316,215,51,59
311,212,58,67
312,216,62,66
312,216,60,63
314,219,59,61
312,218,63,65
313,221,63,59
315,217,51,63
316,214,43,59
316,215,55,65
317,221,46,55
315,220,59,59
315,217,51,60
315,218,58,58
314,216,49,53
313,217,61,61
313,217,47,60
313,217,49,54
312,215,53,61
313,217,45,50
311,215,50,60
313,218,42,47
313,216,51,61
313,218,46,50
314,218,58,60
312,217,57,64
311,216,58,64
314,215,55,61
315,217,57,64
318,220,57,61
317,221,57,56
318,217,60,67
320,223,63,63
322,221,62,61
325,225,63,59
328,222,63,69
329,222,60,68
333,220,57,58
337,217,53,65
336,222,57,67
349,231,43,46
348,236,54,65
341,247,57,61
357,243,47,66
352,245,52,61
351,247,57,66
348,250,66,66
349,265,74,50
354,269,73,48
358,271,72,47
363,269,71,49
377,267,54,52
385,267,47,51
386,267,44,51
369,266,64,48
505,227,49,24
467,273,33,46
383,267,45,31
356,279,35,34
356,279,37,35
355,278,37,35
356,279,37,34
355,278,38,35
355,278,38,35
356,278,37,35
356,278,37,35
354,277,40,37
356,276,38,37
357,277,36,35
357,278,38,36
359,279,38,37
356,280,43,37
355,280,45,37
352,279,52,39
341,278,67,41
343,275,72,47
338,272,84,62
339,281,78,48
326,272,99,59
342,271,83,58
352,274,84,63
349,262,84,66
396,250,66,77
390,248,63,75
375,249,64,75
408,231,40,46
404,224,35,45
398,222,30,37
391,218,41,42
386,215,39,39
380,212,40,41
371,208,34,41
366,204,44,44
361,202,43,43
356,198,45,42
352,193,47,43
347,189,43,42
342,183,38,45
336,182,41,43
306,263,38,30
299,263,40,29
294,261,41,31
297,260,35,32
299,260,31,29
296,260,33,32
298,259,30,31
300,259,29,31
299,259,30,31
300,259,28,31
301,259,28,30
299,259,29,30
300,259,27,30
300,259,28,31
297,260,29,30
298,259,29,30
296,259,31,31
297,259,31,31
299,260,28,30
299,260,28,30
292,258,36,32
295,259,32,31
293,258,35,31
292,258,35,31
292,258,34,31
293,258,34,30
294,258,36,31
287,258,41,31
291,258,38,30
290,257,37,31
291,258,37,31
290,257,38,32
296,258,33,30
291,258,39,31
295,258,32,30
290,258,39,31
295,259,32,29
294,259,35,30
292,259,36,30
291,259,36,31
294,259,31,31
294,258,32,31
296,259,31,31
293,259,34,32
295,259,32,30
294,259,33,30
295,259,31,29
321,267,74,44
282,259,41,40
295,260,33,29
290,260,37,31
292,259,34,30
292,258,36,32
293,258,34,31
291,258,35,32
288,257,37,32
275,254,45,34
280,257,37,32
271,252,43,35
269,250,38,36
260,249,37,47
256,248,39,51
256,252,38,54
254,253,41,52
253,254,39,48
249,250,39,52
251,254,35,50
247,259,35,46
322,149,61,51
315,168,41,39
249,271,33,26
250,271,43,36
318,185,58,48
321,195,56,49
321,204,61,50
323,211,62,50
322,219,65,53
324,226,64,53
328,234,58,42
331,239,38,36
333,249,29,43
335,253,35,53
335,256,58,51
339,258,53,50
341,261,46,47
408,284,37,43
506,226,30,50
448,281,38,20
410,288,36,35
409,288,38,37
410,287,36,39
410,286,36,38
410,287,35,39
410,286,35,38
409,286,37,40
411,286,34,39
409,286,38,40
410,287,36,38
411,286,36,40
