179,140,128,132
184,135,127,131
184,134,127,136
181,134,132,136
188,133,121,130
186,134,127,137
186,139,126,133
183,131,131,136
187,134,124,136
184,136,131,136
186,130,127,139
184,132,127,140
179,130,129,136
175,128,134,138
170,130,134,137
164,132,129,136
153,132,133,143
149,135,133,142
144,137,141,144
147,140,137,144
154,139,130,142
153,142,140,143
154,142,142,136
157,143,135,145
149,142,139,146
143,144,137,147
131,149,141,146
125,151,142,148
123,150,148,151
132,149,146,153
140,147,147,151
150,152,141,152
157,151,141,151
160,153,145,155
160,152,147,153
163,152,139,155
161,152,147,155
162,155,145,152
156,155,145,154
156,157,149,152
150,155,149,153
150,152,143,156
142,148,154,149
140,150,151,157
141,155,151,159
150,150,152,156
150,145,147,146
149,145,146,155
143,148,151,155
144,150,152,150
143,153,152,156
139,153,150,158
138,156,146,153
135,160,152,159
135,168,146,153
131,169,150,158
137,167,151,152
141,172,147,152
139,169,147,154
140,168,149,143
138,168,149,155
137,159,148,157
134,167,149,154
128,169,155,150
125,166,145,154
115,169,155,163
102,174,159,152
102,175,156,152
94,176,165,161
95,176,157,155
85,175,165,161
81,165,159,169
77,171,165,159
67,172,163,162
59,165,164,164
55,167,171,169
55,160,164,162
60,165,160,165
52,157,167,164
50,152,170,164
46,151,171,163
42,146,178,158
45,148,174,164
45,147,169,172
51,143,161,169
53,144,158,168
45,144,171,169
47,145,168,173
43,151,170,158
40,146,174,166
43,146,172,173
46,137,166,175
41,142,179,180
33,147,181,179
49,147,162,175
42,156,165,173
33,151,181,177
45,154,165,173
27,155,183,181
27,160,183,170
23,155,185,173
41,149,170,179
41,152,168,184
30,152,177,181
28,152,176,180
41,150,169,182
19,162,190,183
24,146,189,187
26,155,188,185
32,149,185,203
48,155,182,189
56,170,176,181
59,173,175,178
68,170,177,177
76,178,175,174
76,181,177,177
80,177,176,172
80,186,173,172
92,181,172,168
105,190,164,167
119,184,157,166
120,188,168,172
123,193,163,166
113,196,169,165
121,199,158,167
115,196,168,158
112,191,167,159
116,185,166,162
115,172,168,170
127,169,161,160
130,164,156,155
136,161,150,150
134,155,152,150
138,153,157,151
146,151,148,142
150,146,149,150
165,143,143,140
169,135,142,142
170,134,142,141
178,123,136,137
180,122,137,136
184,121,131,136
183,117,129,134
184,113,127,134
182,104,127,139
177,101,131,135
174,102,127,132
175,104,123,134
168,98,124,135
163,101,127,134
163,102,127,135
162,109,124,131
159,107,127,129
160,110,122,131
165,115,120,129
164,116,119,127
166,117,121,124
167,120,124,130
170,123,123,129
173,124,124,124
175,128,123,126
179,131,123,124
179,127,122,128
180,130,124,132
180,138,125,129
185,135,125,126
187,141,119,124
192,138,117,128
191,133,119,129
189,138,122,130
187,138,122,127
190,136,119,131
185,139,124,131
181,141,120,134
182,151,118,130
178,151,121,130
172,152,122,134
168,154,121,133
165,159,122,131
160,159,119,133
154,157,123,134
151,166,123,133
150,165,124,131
148,166,119,138
146,166,123,138
148,173,121,132
147,169,125,131
144,174,123,131
145,172,120,137
150,176,119,129
155,175,118,130
153,171,119,133
156,169,117,135
157,167,116,137
159,170,117,129
165,166,114,129
171,166,111,130
169,164,113,131
176,164,113,130
181,164,112,125
186,157,110,124
192,154,108,122
193,150,109,126
198,147,110,127
205,143,105,126
212,141,106,123
217,132,106,122
219,130,105,129
224,129,106,129
227,130,104,126
235,128,104,125
239,125,103,129
242,125,103,129
244,127,104,128
248,125,103,129
253,122,101,132
258,126,98,130
254,124,104,128
257,127,103,125
258,125,99,128
254,122,102,127
252,115,100,126
250,117,103,129
246,115,101,121
242,116,101,126
233,116,104,127
226,116,104,132
224,118,103,128
219,123,102,124
213,123,103,127
206,122,104,132
199,126,102,127
196,127,105,126
189,124,103,127
185,122,106,125
185,115,102,131
182,111,104,130
188,111,101,131
190,101,104,129
195,97,103,128
206,97,100,125
211,92,107,126
215,88,108,126
230,76,101,131
237,74,107,132
251,70,107,134
264,65,101,134
267,61,100,136
269,46,103,135
274,41,105,136
275,34,100,135
273,15,99,139
272,12,100,135
271,3,97,133
272,3,99,126
266,3,103,121
272,1,101,115
274,7,97,112
274,2,95,118
269,1,94,122
266,4,100,130
273,1,96,137
280,3,90,142
286,2,93,141
303,3,93,139
315,6,89,138
328,12,86,140
337,23,87,134
345,29,82,132
352,37,87,128
353,42,78,126
356,47,78,129
356,49,79,133
360,52,79,128
362,51,80,129
367,55,76,124
366,51,78,123
374,45,78,128
381,47,79,127
389,53,77,124
392,56,76,125
400,60,76,125
403,61,77,121
404,66,76,121
406,64,76,127
410,68,72,117
413,72,79,121
407,73,75,122
410,77,71,118
406,84,70,115
402,80,71,125
396,77,75,121
393,77,71,121
386,75,68,116
384,71,68,117
385,70,67,118
387,67,66,123
391,68,68,119
393,73,68,117
398,73,67,119
398,74,66,118
398,72,70,123
401,71,69,124
397,77,72,120
393,81,72,124
390,84,73,119
386,88,75,122
383,93,80,121
382,100,74,122
379,102,73,123
379,112,67,119
378,115,68,119
379,117,68,120
380,117,68,124
385,125,63,120
389,124,67,120
394,123,69,121
395,121,68,123
402,121,70,124
407,118,74,126
414,124,70,120
417,118,72,131
417,123,73,126
416,128,67,123
417,125,70,128
415,129,66,124
414,130,67,127
413,128,69,129
407,127,72,124
408,125,71,126
404,120,65,126
396,124,61,122
394,126,62,117
388,126,59,114
380,121,66,117
373,114,71,117
366,107,86,121
364,106,107,115
356,96,126,121
348,90,126,126
345,89,120,117
341,83,118,121
340,85,111,117
341,82,108,120
344,81,109,122
344,80,106,122
345,79,104,124
347,82,103,122
344,83,103,119
342,82,104,118
343,83,103,121
333,83,104,115
336,82,95,118
328,87,94,113
321,88,94,115
319,89,91,114
313,93,88,109
315,92,78,108
309,91,79,108
308,92,78,108
303,93,78,109
303,99,76,105
303,98,73,106
300,97,78,109
299,99,76,109
296,101,80,88
292,96,80,78
290,98,74,81
283,101,65,64
266,105,68,72
267,95,64,69
257,91,69,70
255,93,59,65
245,92,52,64
241,86,64,66
241,86,64,66
231,85,54,66
231,82,52,69
231,82,52,69
228,83,48,76
228,83,48,76
227,79,50,76
225,79,53,72
224,82,52,62
226,86,52,66
226,86,54,63
227,80,56,64
227,81,52,59
226,86,47,58
226,86,41,57
226,86,41,57
227,84,37,53
230,82,35,55
230,75,34,60
229,75,37,60
228,69,42,64
226,66,51,64
226,62,53,56
224,61,50,55
225,53,54,61
225,50,51,61
223,48,52,61
226,46,50,61
226,46,52,59
227,46,50,61
231,45,45,75
235,43,48,80
234,37,54,75
236,38,53,82
240,41,51,83
240,44,48,79
242,42,51,83
241,46,45,75
243,41,50,76
243,43,54,82
241,45,59,80
241,44,55,74
236,46,51,78
230,49,54,75
228,50,69,79
221,55,70,74
219,60,74,66
218,68,60,77
222,74,58,82
222,79,67,76
226,83,72,74
228,86,70,76
235,89,71,78
234,93,74,75
235,92,77,77
236,93,73,77
237,94,77,77
236,95,74,77
236,93,76,77
235,91,76,79
225,102,88,68
210,115,88,83
222,101,87,84
220,93,92,81
219,97,93,76
216,104,98,85
222,99,96,82
216,112,103,112
218,106,99,126
221,105,98,129
225,106,98,126
228,104,101,130
229,104,106,125
227,104,105,129
221,103,112,128
217,102,109,127
205,101,116,129
204,97,113,129
196,96,114,133
194,97,116,128
188,98,119,130
178,96,121,131
179,97,118,130
179,99,127,131
176,100,118,127
176,95,125,130
180,94,131,132
185,91,134,134
191,95,132,134
200,91,128,131
208,92,123,136
215,93,125,134
221,93,118,132
223,92,124,136
231,95,119,133
238,95,124,129
239,92,128,133
242,97,117,128
246,94,115,129
247,92,115,132
248,92,98,129
248,87,98,125
252,91,94,127
253,87,93,130
252,87,98,133
252,89,108,133
252,92,97,129
257,92,96,134
261,93,99,134
267,97,98,129
268,99,103,132
277,108,99,134
275,106,101,136
281,116,96,130
278,112,98,136
275,123,98,130
270,119,106,131
270,119,120,134
270,124,119,131
269,116,107,137
272,116,103,129
273,109,101,132
273,112,102,128
277,101,102,136
280,97,104,133
279,98,122,136
281,97,141,136
281,95,154,138
278,98,156,139
280,98,153,141
278,102,156,139
285,100,154,141
286,102,144,142
286,105,153,139
286,105,157,141
279,110,159,139
285,108,152,142
285,108,158,144
287,104,150,142
285,103,158,141
290,101,160,144
294,98,154,142
291,98,153,143
287,94,155,143
289,93,162,142
286,95,159,143
287,93,158,144
290,97,156,143
289,95,160,146
288,95,159,149
297,98,163,147
294,100,159,148
300,106,165,144
300,103,162,149
299,105,159,142
297,103,166,143
295,100,161,148
292,96,168,149
298,89,168,156
295,82,167,158
297,79,172,153
294,72,175,167
290,71,169,163
291,67,168,157
291,60,166,156
281,56,169,157
273,55,178,159
272,49,175,157
267,43,170,165
264,41,182,163
256,42,175,160
255,42,190,159
251,35,191,169
252,34,186,173
248,37,193,183
248,41,176,170
253,51,180,169
253,63,181,173
262,77,184,174
268,106,174,187
263,143,172,191
262,178,173,168
253,206,182,157
247,219,169,141
250,231,166,131
247,245,167,120
254,250,160,110
262,254,158,106
261,259,156,105
266,254,162,106
271,255,157,109
281,250,146,108
279,242,157,114
278,229,163,122
286,221,151,127
283,207,153,134
280,198,141,130
277,185,145,131
278,177,141,130
270,170,137,127
277,170,140,124
272,171,141,125
278,171,137,122
280,170,133,120
286,177,134,113
290,177,137,116
289,174,131,120
293,170,131,116
295,166,127,119
297,164,127,119
300,161,129,131
298,159,117,120
294,160,126,119
291,155,117,120
289,155,126,119
282,150,117,122
284,154,117,121
280,151,127,122
281,148,127,134
282,148,129,131
284,146,114,134
284,148,108,122
287,150,86,123
287,149,83,124
287,149,89,122
286,151,97,124
287,158,105,123
287,161,123,124
285,164,125,127
285,167,129,126
282,175,122,125
283,179,122,129
285,182,125,125
277,187,130,125
279,186,130,131
280,191,126,121
276,191,133,120
280,191,131,124
277,189,105,125
279,184,89,134
287,188,84,126
290,184,83,126
292,183,82,127
295,173,83,128
297,172,82,124
297,166,85,128
298,154,84,132
300,154,82,128
300,148,85,130
302,145,82,131
296,138,87,135
299,137,84,135
298,137,85,134
297,135,87,135
304,135,90,139
303,136,92,139
306,136,94,142
306,133,91,141
315,137,90,145
319,140,88,137
320,130,88,140
318,132,89,140
317,130,89,139
311,122,88,142
314,124,82,142
308,121,83,138
310,124,75,143
309,121,76,144
302,120,78,145
305,128,76,139
303,127,74,140
298,126,71,138
300,126,70,138
295,122,67,139
292,122,69,140
283,122,67,132
280,109,70,131
282,106,72,131
274,90,77,133
274,86,89,130
273,83,109,136
272,79,112,132
273,76,111,133
271,73,114,132
267,76,104,133
269,71,103,138
266,75,106,140
266,76,99,132
266,72,100,135
267,73,97,134
268,75,94,134
268,77,92,136
269,78,97,136
275,79,84,138
277,79,83,136
281,82,84,131
282,80,90,132
281,83,93,130
285,84,87,132
288,88,94,129
297,93,82,130
295,94,87,133
302,97,83,129
301,97,86,132
298,97,91,132
296,101,96,129
293,102,87,133
295,104,88,128
291,106,86,127
288,105,86,128
285,103,86,124
282,99,89,125
282,95,88,129
280,94,81,125
281,89,77,128
275,88,77,125
275,89,75,121
268,86,76,121
268,80,69,126
266,77,68,127
259,72,64,128
256,75,65,117
251,79,68,121
250,72,63,123
246,74,59,122
242,72,62,122
241,68,65,122
244,66,69,119
242,60,67,120
243,58,68,126
242,62,67,123
241,62,69,119
238,66,69,121
238,68,63,121
239,66,69,122
241,69,62,124
242,66,63,129
246,72,64,123
247,73,63,125
247,72,72,124
250,74,73,125
250,73,78,130
260,75,74,126
256,77,77,123
255,80,86,120
254,84,87,123
261,94,80,123
265,100,79,118
268,103,84,119
271,105,82,118
277,108,74,117
281,109,70,117
283,107,74,115
287,108,76,111
286,105,80,113
292,108,77,111
291,105,83,114
292,106,78,111
291,102,81,111
290,103,74,109
289,104,79,110
288,103,78,111
284,108,65,106
280,105,66,108
280,106,68,105
272,104,74,108
269,105,76,106
269,109,72,103
266,112,64,101
265,109,70,102
263,115,69,106
266,117,68,103
265,114,71,102
270,111,69,99
272,112,67,101
273,110,69,102
277,108,66,101
278,107,67,104
280,107,61,103
280,106,66,104
282,112,69,101
286,113,67,100
290,118,67,98
296,118,65,99
294,118,69,98
301,119,65,100
305,119,65,100
309,118,67,100
313,120,67,100
314,119,63,100
319,120,62,97
317,119,65,96
319,117,64,100
322,120,62,97
323,120,61,95
322,118,60,96
323,117,61,93
323,117,65,95
326,119,57,97
327,118,53,96
326,118,60,95
325,117,59,97
328,117,58,98
326,117,59,97
326,121,58,96
325,118,57,98
324,116,61,97
323,123,59,94
322,124,64,97
324,125,63,95
322,126,64,97
314,127,66,90
297,127,72,79
281,131,72,77
280,130,69,70
266,140,66,86
262,131,68,99
263,129,66,99
265,130,66,99
271,134,66,99
277,132,70,104
281,131,72,101
289,132,68,101
296,133,71,103
301,131,75,106
307,133,79,104
313,133,76,106
316,134,78,106
321,134,75,107
322,136,75,109
321,134,79,107
318,134,79,101
317,133,77,108
313,132,76,108
302,131,80,105
296,129,81,104
295,127,80,108
290,126,81,110
285,128,83,111
285,129,81,108
283,129,79,108
285,130,80,108
287,129,81,112
287,132,81,107
287,130,84,106
289,133,83,107
287,134,83,108
287,135,85,105
285,137,83,108
284,137,85,108
281,138,84,109
280,140,84,110
279,140,84,110
275,141,88,109
270,141,86,109
273,146,84,107
272,144,89,105
271,142,86,106
270,145,85,106
271,143,87,108
271,143,86,111
272,144,89,103
272,144,88,105
273,146,87,110
268,147,89,109
270,148,91,104
269,151,88,105
265,152,92,105
262,149,93,104
252,155,95,101
243,152,94,112
239,150,92,114
231,151,96,121
230,149,95,115
223,145,99,116
227,143,100,102
228,140,98,104
232,136,103,117
236,133,102,112
238,131,103,105
241,134,104,106
253,134,98,106
259,135,102,114
267,141,101,127
285,146,91,106
285,150,100,109
300,152,91,101
312,153,73,99
326,155,73,97
337,152,81,99
338,152,70,96
343,152,69,100
341,152,71,98
340,156,75,101
342,156,74,103
341,158,75,97
344,159,74,100
349,158,77,99
358,162,77,96
368,164,80,104
368,163,83,107
377,168,78,102
383,170,80,101
393,174,83,102
405,179,81,103
405,179,84,100
416,176,85,100
425,179,83,100
436,179,86,96
450,177,86,98
450,175,87,101
459,173,87,104
458,179,84,100
454,183,82,105
452,193,85,100
454,195,84,101
463,192,86,101
468,191,86,106
470,202,86,108
480,210,90,110
482,215,90,109
497,225,96,113
508,231,96,114
519,236,96,112
519,238,95,108
520,237,94,110
518,236,91,109
513,236,93,107
515,231,92,104
522,220,88,101
519,217,90,105
522,209,89,106
530,205,99,104
540,198,93,104
539,188,94,107
537,187,94,104
520,179,96,103
509,172,94,100
498,168,89,99
493,160,97,98
495,161,91,98
498,167,95,100
497,163,86,93
491,157,87,93
490,146,86,94
492,143,85,95
491,131,89,94
497,130,88,95
502,133,94,99
505,133,90,100
504,137,96,98
505,140,103,101
508,148,92,97
509,151,91,96
509,156,89,98
517,153,97,104
528,157,96,102
528,153,99,100
524,157,94,102
526,158,93,99
522,157,95,100
513,159,95,100
506,162,93,102
499,164,94,102
489,167,91,99
478,174,94,99
465,186,92,100
452,192,92,99
432,196,95,103
417,210,90,99
402,222,92,96
388,228,87,96
383,225,84,101
387,225,85,97
392,223,83,92
394,216,86,96
397,210,86,97
397,207,85,98
391,208,88,99
381,210,91,102
372,213,87,98
364,213,86,101
357,212,89,100
355,209,85,100
353,210,84,104
356,206,85,102
357,206,86,101
362,208,88,99
363,204,91,102
369,203,90,104
372,200,90,104
377,198,92,105
378,195,88,106
376,198,89,103
367,202,94,109
366,209,92,110
361,204,92,109
349,204,95,110
353,205,90,109
349,202,94,113
345,208,92,112
344,207,94,110
336,207,95,112
335,210,93,117
322,210,97,114
319,208,96,117
316,214,94,116
310,214,94,115
306,216,92,117
306,216,94,118
300,217,97,117
295,222,94,121
297,223,91,120
285,220,95,122
277,217,99,124
268,222,93,120
256,224,92,121
245,221,92,124
235,230,92,120
223,240,98,117
222,237,94,114
210,235,93,117
193,236,97,117
185,247,94,108
175,249,94,109
174,252,93,111
158,247,96,111
142,250,99,108
135,253,94,106
123,249,104,113
126,253,93,106
118,247,93,110
109,244,98,112
98,245,94,111
87,252,95,106
84,252,97,105
79,249,95,109
71,247,103,114
68,243,135,117
61,243,154,113
57,244,157,116
49,243,145,116
49,247,141,105
51,263,149,94
50,270,151,93
55,268,143,88
55,279,146,84
51,283,152,83
58,277,146,81
64,279,146,82
66,278,148,86
85,260,136,92
89,258,137,96
104,256,142,95
107,250,146,98
129,252,131,98
137,245,132,102
142,249,131,101
152,258,133,98
153,252,133,98
152,255,132,98
157,251,130,105
165,256,120,96
167,256,122,96
179,250,121,103
175,248,126,104
184,247,114,112
186,251,112,107
195,250,109,106
202,236,114,112
208,236,110,116
215,232,97,116
221,232,97,108
229,222,101,106
231,218,94,103
232,217,89,104
231,224,92,104
227,230,90,101
220,226,88,102
212,227,90,100
211,229,86,98
200,235,91,104
192,241,87,101
186,245,89,103
181,243,88,100
180,245,87,98
172,249,91,106
165,264,86,94
167,268,80,91
160,260,89,91
163,252,89,99
164,242,85,95
169,234,84,97
173,229,81,93
182,222,82,91
186,214,81,87
190,206,82,91
194,195,84,90
196,185,82,87
199,175,81,85
199,173,83,86
196,167,80,91
197,163,78,96
200,161,78,98
203,162,80,91
204,166,78,89
208,166,82,85
211,168,78,89
212,168,77,90
213,170,79,85
217,167,79,88
215,169,80,87
225,167,77,86
228,164,80,86
236,157,81,94
241,153,76,90
242,150,78,95
248,148,79,106
252,150,76,104
255,149,75,103
259,148,73,87
261,148,78,88
264,145,78,99
261,141,79,85
264,140,78,85
264,141,79,83
263,139,80,87
264,135,76,86
259,130,84,89
257,127,83,90
256,131,65,83
253,125,66,88
249,126,73,87
246,126,71,84
246,126,71,86
243,127,71,81
238,126,77,85
233,125,80,87
231,126,81,87
228,125,86,85
226,123,86,90
224,127,86,85
222,126,83,85
218,124,82,86
219,125,85,87
217,126,84,89
215,123,84,85
215,129,85,82
213,126,84,87
210,128,82,81
210,130,85,86
208,128,85,89
205,130,89,91
203,128,87,91
203,129,89,92
205,132,87,89
200,137,91,94
200,135,91,92
198,139,89,94
195,142,91,91
185,142,100,97
186,143,97,92
184,148,97,92
182,147,100,98
181,148,98,94
182,148,101,97
184,148,101,97
182,148,99,97
182,146,102,96
185,147,104,99
180,146,104,100
180,147,103,101
180,149,103,102
179,151,102,100
179,152,101,101
176,153,105,101
177,153,106,100
179,153,104,101
180,154,104,102
183,155,105,103
186,159,103,98
183,154,104,101
188,157,98,96
192,151,99,102
193,156,102,102
193,151,106,103
193,154,103,99
198,153,98,100
199,155,99,100
201,153,98,103
201,155,96,102
202,154,100,106
205,150,95,99
206,150,100,97
209,149,94,97
214,149,96,93
217,151,87,90
216,147,94,92
216,148,92,94
221,151,88,93
221,147,89,92
222,150,88,91
223,149,90,95
223,141,85,92
224,148,92,88
229,143,85,90
229,143,85,91
228,140,87,90
231,141,84,90
232,146,80,88
235,144,81,88
236,145,82,84
233,142,84,89
242,141,76,87
239,140,80,86
231,153,80,72
233,151,84,77
231,150,82,74
233,146,82,77
234,136,83,82
233,141,82,81
233,133,80,82
235,131,79,87
230,129,82,84
229,135,80,88
228,131,81,84
221,132,84,84
228,135,78,82
223,131,81,81
219,134,88,83
223,131,82,86
221,132,84,81
224,132,80,83
224,124,82,86
223,127,83,84
226,129,81,81
226,128,81,86
222,128,84,85
220,131,83,84
215,132,87,88
219,134,83,83
219,134,81,78
215,128,87,86
217,130,83,90
215,130,84,89
212,134,88,85
214,138,86,84
216,136,85,80
217,133,87,78
217,131,86,85
218,127,85,85
218,128,89,86
223,128,83,88
221,131,93,89
224,129,88,88
227,138,83,89
221,135,92,90
222,136,87,96
220,135,90,93
220,139,88,89
220,143,84,92
218,138,87,89
216,146,84,87
215,144,87,90
216,147,87,90
210,143,92,91
210,147,89,92
210,151,90,87
209,154,88,85
205,152,90,88
210,147,86,88
202,148,90,94
200,148,91,95
203,152,86,90
202,156,84,94
200,155,85,87
205,159,80,87
202,156,90,87
205,156,88,89
203,153,90,93
202,155,96,91
198,153,102,96
202,156,101,96
212,156,90,96
216,161,93,95
216,157,95,95
221,156,91,96
226,156,89,94
224,160,94,98
227,163,94,92
228,159,94,96
227,161,97,94
230,163,99,92
227,159,99,97
228,158,101,103
231,160,97,96
233,159,99,100
235,154,95,108
234,157,97,103
236,153,98,104
236,163,100,93
239,166,98,99
242,169,97,95
244,162,100,104
245,160,96,104
245,158,100,106
245,151,97,119
245,148,104,121
240,158,106,111
244,164,104,106
243,154,102,115
247,168,101,102
247,165,100,104
246,158,103,108
246,166,108,104
251,167,102,100
249,164,102,105
243,157,106,109
246,159,103,108
242,164,101,102
243,165,105,104
242,160,106,106
239,164,106,109
241,168,102,104
236,172,106,102
237,160,107,106
239,169,99,97
231,170,106,102
224,161,112,109
213,161,123,113
222,156,111,116
222,166,107,114
221,162,103,117
218,167,105,112
219,173,97,110
216,163,103,114
210,167,102,117
213,162,103,122
206,168,100,118
202,166,106,124
207,175,97,116
205,175,99,111
201,177,104,110
202,173,103,111
195,174,111,107
200,179,101,111
210,183,93,108
206,169,100,115
208,175,100,112
210,167,102,114
214,178,102,99
212,177,100,105
210,172,102,109
213,158,107,109
213,159,106,113
211,156,109,117
211,149,109,119
215,155,101,112
212,158,105,113
210,163,102,106
210,160,102,107
209,158,104,107
210,157,102,106
210,153,105,111
213,151,101,112
215,150,105,113
220,160,97,107
227,160,96,103
227,158,102,101
231,162,102,100
235,162,100,104
237,162,105,102
245,152,96,106
241,156,103,101
250,157,97,95
255,156,94,95
260,157,88,98
265,152,86,97
266,147,89,102
264,142,91,108
267,149,90,102
270,143,100,104
274,143,110,103
273,143,118,109
278,139,118,115
280,136,116,116
285,134,109,113
285,134,113,123
291,134,112,115
297,134,111,123
300,130,105,125
304,127,104,133
305,121,105,137
310,127,101,132
309,122,109,135
313,122,104,134
320,125,101,133
317,125,108,133
315,125,109,134
313,124,115,133
312,122,115,138
311,120,118,138
309,122,119,141
304,117,126,147
297,121,132,139
292,118,142,149
286,116,143,148
283,126,150,138
277,128,157,137
271,127,163,138
269,128,173,114
305,132,150,99
336,131,111,99
361,136,90,91
374,135,80,91
373,137,83,93
365,135,90,94
365,136,88,94
376,139,76,96
375,137,79,91
374,141,77,90
372,136,83,94
360,140,87,95
354,136,96,95
351,139,95,93
354,140,92,90
355,139,91,90
358,139,84,93
350,136,94,89
350,138,97,89
351,136,96,91
348,134,98,91
345,139,96,86
348,134,95,89
344,137,93,85
343,135,92,89
340,138,89,85
341,136,89,86
335,136,89,88
333,139,86,84
329,140,89,83
326,136,86,86
323,138,87,81
316,137,91,87
312,138,93,86
312,137,89,85
307,137,91,85
305,137,92,86
306,136,90,90
302,138,93,86
304,136,88,83
300,135,92,83
298,135,96,87
294,134,100,87
293,133,95,83
293,132,93,87
292,132,81,89
291,130,81,87
285,128,86,85
284,131,83,88
283,134,74,85
281,131,79,84
279,132,77,87
275,132,78,85
274,133,80,84
273,132,82,86
271,135,79,84
265,131,84,85
260,135,83,87
254,138,84,84
251,137,84,83
242,138,85,84
237,141,83,85
230,143,82,83
226,142,80,84
226,144,77,85
221,145,78,83
216,146,72,77
208,150,76,72
201,153,76,62
203,154,74,58
193,156,78,59
184,155,81,54
181,157,80,60
181,158,76,58
181,157,73,58
181,157,73,54
179,157,75,55
180,157,73,51
179,157,73,51
179,156,74,53
180,157,72,48
182,157,70,47
187,156,66,46
190,157,65,44
194,153,60,43
198,153,55,43
198,151,54,42
199,150,55,42
202,149,54,42
200,150,57,44
202,151,58,43
201,153,62,46
199,152,65,47
203,154,66,49
206,154,60,51
210,156,59,44
217,157,53,40
226,154,47,41
231,151,42,41
236,150,41,39
237,151,43,39
244,150,41,39
248,149,42,39
253,149,41,39
258,144,42,42
266,144,40,42
269,142,43,49
269,143,47,50
271,144,50,47
279,144,47,47
286,142,41,44
287,143,43,43
287,144,45,42
287,141,48,41
284,141,56,43
290,142,52,45
293,137,51,48
295,136,52,48
295,134,53,47
300,131,52,50
300,128,54,44
301,127,53,33
310,124,44,29
315,124,38,27
321,122,43,34
320,118,46,33
326,116,44,32
329,114,45,35
331,112,46,37
339,111,45,38
338,111,50,40
339,110,52,39
338,110,55,42
337,111,58,43
340,109,59,44
343,107,55,38
339,105,60,44
340,103,61,49
340,100,61,40
345,103,59,41
339,104,65,41
330,104,61,35
358,121,59,42
342,101,66,49
341,102,72,60
338,97,77,74
335,96,84,84
335,94,83,86
338,96,85,86
335,95,87,85
333,95,89,89
336,93,87,89
339,93,89,91
339,94,94,93
339,91,92,95
345,94,91,93
343,90,93,97
349,95,92,92
352,95,93,93
351,95,96,95
354,96,94,94
354,98,95,94
358,99,94,98
360,101,96,100
361,99,98,101
360,102,105,100
359,101,106,97
364,99,104,100
370,99,101,101
367,103,103,99
373,97,99,106
376,97,103,99
380,100,101,98
382,94,102,105
382,98,108,110
383,94,111,109
387,96,106,110
388,95,111,109
388,92,112,111
391,93,112,115
388,95,116,115
389,94,115,114
394,99,120,115
399,94,116,112
397,99,119,112
398,99,122,117
400,95,121,116
404,103,124,120
410,98,124,122
413,97,125,123
422,100,124,123
420,105,130,120
429,111,127,119
435,108,119,126
435,103,122,123
434,109,124,122
433,107,136,121
432,110,129,124
432,105,133,126
434,114,130,120
435,110,133,123
434,111,135,126
432,107,135,126
437,106,132,125
428,106,140,132
437,111,132,128
432,103,140,128
442,104,131,127
441,108,132,134
444,110,129,126
438,112,135,135
436,106,143,135
438,107,147,138
443,99,137,138
444,103,140,132
440,106,141,134
443,107,143,133
440,108,138,135
439,103,150,131
444,106,133,135
441,108,133,135
435,108,141,132
440,116,134,130
441,112,136,132
437,109,142,128
443,115,134,129
444,119,129,125
451,119,124,130
447,114,130,132
452,118,126,126
448,120,127,125
442,121,132,126
440,117,130,118
438,116,132,127
440,115,132,126
441,110,130,119
440,108,127,128
435,103,132,120
439,100,123,123
438,101,128,119
435,101,127,115
436,101,127,119
437,98,126,121
435,98,126,121
435,91,127,122
436,92,124,118
433,97,130,119
437,93,123,120
440,91,122,118
435,98,124,114
439,98,123,111
442,94,124,114
440,98,128,109
440,99,126,115
446,91,123,121
456,96,117,112
451,97,122,112
456,91,119,123
453,90,118,119
456,94,118,114
461,92,116,116
458,94,118,110
461,92,115,111
466,95,117,109
465,95,120,110
466,92,118,109
470,87,120,113
470,86,120,113
467,91,122,113
470,91,122,108
473,96,119,108
476,92,120,112
474,89,126,107
482,91,122,109
483,90,119,113
484,88,119,111
479,97,120,106
478,103,121,111
469,104,116,107
469,106,117,111
456,98,114,112
448,99,120,113
432,100,128,118
426,107,122,119
425,107,122,118
414,117,119,114
402,117,120,115
391,120,121,115
380,119,123,116
377,120,119,117
367,112,126,115
360,116,122,116
351,123,120,114
345,121,121,114
344,120,120,117
341,122,117,116
340,124,115,113
331,123,117,117
331,130,113,111
327,125,118,115
327,127,118,117
322,133,116,118
322,128,114,116
324,130,112,116
324,130,110,114
316,134,118,114
315,137,116,112
309,139,117,112
306,139,113,116
307,142,112,114
302,140,117,115
304,141,110,112
303,144,111,113
301,144,116,111
299,141,114,110
298,144,113,117
301,143,108,111
297,145,108,111
287,144,114,116
292,142,109,112
292,148,106,113
291,148,104,111
288,145,103,113
291,144,104,115
293,148,98,111
295,146,98,109
292,148,102,111
292,146,103,110
292,150,105,111
291,148,107,112
294,141,106,109
291,145,110,106
296,151,104,106
296,152,105,99
294,148,109,103
298,149,103,104
293,151,111,106
299,148,107,106
299,150,108,105
299,153,109,101
305,148,103,101
308,148,103,100
314,146,97,101
310,145,102,102
311,149,106,103
315,147,99,104
315,148,101,101
319,143,103,100
312,147,110,102
319,145,104,101
318,148,104,101
328,149,95,105
325,144,101,106
324,146,109,100
326,142,105,103
326,146,106,100
331,147,102,104
330,150,108,105
335,148,100,97
335,148,102,101
335,151,104,98
338,154,102,104
339,157,102,103
331,153,109,105
326,162,107,106
323,172,109,97
321,182,108,90
322,175,107,95
315,174,112,96
317,181,109,95
314,179,106,98
313,182,106,100
306,179,109,93
310,178,107,100
309,181,106,102
309,175,106,104
311,177,103,95
308,179,110,97
304,177,116,102
305,170,108,105
306,167,110,100
308,174,104,102
306,178,104,99
306,178,105,98
303,175,108,99
301,180,103,103
303,177,104,103
300,179,104,104
301,174,104,101
298,177,109,106
297,180,107,102
296,180,110,104
294,182,112,104
293,185,112,102
297,189,109,104
293,186,110,104
294,185,107,100
293,184,106,101
299,193,103,101
299,191,99,103
295,188,102,102
293,187,103,104
287,189,105,106
283,190,106,107
283,187,104,107
281,188,102,102
276,188,103,106
270,183,104,110
272,185,101,101
270,186,104,102
264,177,106,109
258,183,109,109
257,178,111,109
250,182,111,115
255,181,107,112
245,178,114,120
246,189,108,108
240,189,109,111
231,192,114,115
230,192,113,114
221,190,112,120
209,195,118,118
200,198,115,117
189,202,120,119
190,202,118,121
184,206,117,120
178,208,119,118
177,211,116,123
174,209,117,121
178,211,113,121
172,210,119,121
166,212,121,128
167,214,121,128
171,217,119,124
164,216,120,124
166,216,121,123
171,215,117,122
168,213,122,126
175,212,115,123
174,213,119,124
176,211,117,120
176,210,118,121
179,215,120,128
181,217,122,127
185,218,118,125
189,218,115,121
192,224,115,119
184,222,129,128
188,218,130,130
188,212,125,129
192,221,128,130
200,220,119,131
192,221,123,134
192,219,133,139
193,219,131,137
197,224,131,125
197,226,127,131
198,216,129,134
199,219,130,134
200,211,132,134
203,218,133,136
207,215,131,133
211,222,136,138
209,207,148,150
212,209,146,152
211,197,157,159
216,190,143,161
213,195,149,157
216,196,144,161
218,197,142,164
221,204,145,162
220,205,137,158
232,193,137,164
227,209,135,161
241,201,125,158
231,203,135,148
229,219,138,139
235,209,138,152
232,202,137,164
232,207,141,155
239,208,132,150
237,218,134,149
235,218,138,147
235,217,137,149
240,206,135,155
240,208,135,154
239,206,135,153
239,201,137,161
249,201,131,154
256,212,138,145
257,192,137,161
261,214,136,149
268,213,138,144
279,223,131,134
286,224,136,134
291,217,136,133
300,225,133,124
298,217,133,135
310,213,132,138
299,220,140,135
307,214,137,140
310,217,134,136
307,205,147,142
318,216,135,139
316,213,143,130
317,216,141,138
316,213,148,136
323,220,140,133
321,216,145,133
330,216,130,138
325,218,145,133
333,214,137,139
328,216,139,139
335,210,138,140
344,209,136,143
339,210,136,142
350,218,131,130
354,214,131,129
355,221,136,131
356,212,137,141
360,211,136,137
358,205,144,145
367,221,139,136
372,217,135,136
377,218,133,133
383,220,134,132
384,216,134,127
389,222,134,129
385,213,138,134
392,216,129,124
392,219,134,125
395,209,130,126
393,211,132,126
388,215,136,124
392,207,136,127
395,204,129,127
392,207,134,125
397,207,130,123
397,209,131,121
393,205,132,126
397,202,133,128
401,204,126,124
399,201,132,124
400,206,135,133
406,197,128,132
407,200,131,129
409,198,129,130
417,198,128,131
417,196,133,132
419,205,137,132
424,202,132,131
425,202,132,135
431,201,134,131
429,202,137,128
427,202,138,135
430,196,133,129
432,200,139,135
433,205,138,134
433,203,137,133
435,201,141,134
434,204,141,137
434,211,139,138
435,207,142,140
438,207,142,134
435,202,142,136
433,207,147,138
442,213,143,141
441,205,140,133
437,209,147,138
435,213,140,139
442,207,143,138
440,215,151,134
442,210,149,139
437,217,150,142
438,211,149,138
441,213,151,137
442,217,143,135
444,209,145,145
444,211,153,142
442,211,148,145
448,217,148,142
444,210,148,146
447,210,148,134
447,211,155,138
447,209,152,144
442,213,158,151
445,214,149,144
442,209,153,143
436,207,154,148
434,207,152,148
428,208,152,148
429,203,146,143
420,201,145,140
410,203,141,138
405,198,139,138
397,201,140,137
391,199,137,134
386,203,132,128
376,201,131,131
379,196,127,128
370,200,128,123
362,200,130,125
357,197,125,124
354,197,121,122
352,197,121,125
344,196,119,122
344,194,118,125
345,194,121,118
344,192,122,118
345,197,121,116
348,195,116,121
347,189,123,120
353,191,116,114
356,188,121,114
357,183,115,121
360,176,116,125
365,176,118,122
360,185,116,116
372,181,114,115
372,174,112,116
379,176,111,115
386,170,111,117
400,169,107,113
401,164,107,108
411,167,97,98
412,163,98,89
419,163,99,78
419,163,99,78
421,159,103,80
421,159,103,80
421,159,103,80
421,159,103,80
421,159,103,80
437,152,99,77
438,153,105,73
436,152,110,73
439,150,116,77
447,146,113,81
446,151,115,75
453,153,110,77
450,155,110,77
456,156,107,74
454,156,108,74
457,158,107,74
455,156,105,67
455,157,105,75
452,158,104,68
451,159,99,54
451,159,99,54
477,182,95,56
471,167,75,49
465,163,77,49
469,161,71,48
467,161,68,46
469,159,55,46
470,159,55,47
471,159,55,47
471,156,57,47
469,155,65,50
469,152,59,48
466,150,71,53
466,148,73,52
465,144,76,52
467,143,76,51
465,141,78,53
469,140,77,50
467,140,78,51
467,142,79,49
465,139,79,52
464,142,80,49
463,143,80,48
463,142,81,49
465,143,79,47
466,143,77,47
466,143,77,48
469,144,76,48
469,145,75,47
471,149,73,43
469,144,73,48
468,143,70,48
461,144,62,44
460,146,63,43
459,147,62,47
460,148,61,45
461,148,59,45
459,146,74,51
457,145,76,51
452,147,76,42
449,146,80,42
434,145,96,43
426,144,101,43
419,147,101,39
412,150,101,54
401,155,105,63
401,154,100,58
396,158,100,53
389,159,100,57
381,164,97,61
375,165,98,64
377,166,91,56
365,167,97,60
363,169,91,55
363,173,82,52
358,177,80,50
356,178,79,52
348,178,77,52
343,181,79,44
331,182,83,39
322,181,88,41
321,180,90,44
311,179,93,52
307,180,90,57
300,183,90,61
301,182,80,70
295,183,89,64
283,184,91,53
284,186,85,51
270,187,89,35
255,189,94,35
256,184,93,40
247,187,96,40
245,193,95,36
240,192,94,42
231,192,97,49
228,196,100,57
228,197,91,61
227,195,91,65
221,195,96,65
215,195,106,55
218,193,108,52
217,193,104,31
207,193,93,31
216,196,87,34
214,195,91,35
214,195,90,35
212,195,92,33
205,196,95,31
204,193,96,38
202,192,98,40
201,196,98,57
206,190,90,61
197,188,95,54
195,188,92,51
183,180,100,57
190,187,93,57
184,184,95,48
186,186,92,53
176,186,96,49
170,184,97,55
176,186,89,49
168,186,94,41
171,186,88,39
170,184,85,40
165,186,87,38
156,185,89,35
150,187,91,32
146,186,93,32
146,185,90,31
144,185,92,27
143,183,90,28
147,183,88,29
147,184,93,30
155,184,88,32
170,185,77,32
173,183,80,32
178,182,77,32
188,182,71,36
193,181,69,35
198,177,69,39
201,173,72,43
203,169,74,42
206,163,76,40
208,165,78,38
211,164,84,37
214,163,71,32
215,157,71,31
219,156,72,27
217,151,68,24
214,146,62,23
217,143,55,21
213,143,57,19
212,143,54,17
210,142,49,14
169,197,48,19
169,197,48,19
169,197,48,19
165,194,43,23
165,194,43,23
224,158,44,32
201,157,37,23
200,164,39,26
197,166,39,30
190,171,41,31
190,171,43,30
186,172,49,28
188,170,48,29
188,170,48,28
187,169,49,26
189,168,49,26
193,167,47,26
193,165,49,27
194,163,50,27
197,160,50,29
201,160,51,31
202,160,57,34
202,158,64,38
202,160,69,44
205,162,73,44
211,166,76,36
219,168,69,28
228,171,70,32
233,173,73,34
242,177,68,35
249,178,60,42
258,179,63,45
259,181,59,44
272,184,57,43
263,182,64,36
258,183,59,33
267,186,65,34
267,187,70,31
273,187,65,26
282,188,60,27
288,187,51,21
235,255,47,27
298,188,55,29
319,195,67,27
310,190,73,36
312,194,85,32
258,255,78,42
258,255,78,42
277,129,78,45
259,121,82,51
330,175,89,54
341,171,87,57
349,175,80,76
349,169,85,88
352,165,83,97
346,165,97,101
335,160,112,132
321,157,131,137
320,157,138,135
326,158,135,134
320,152,145,130
330,151,138,138
322,155,152,131
337,142,134,134
332,146,140,139
342,147,136,139
341,145,134,138
334,150,140,136
340,145,142,137
345,145,138,138
344,146,149,136
355,149,140,136
355,146,141,141
352,154,148,142
350,146,153,141
359,151,149,146
367,147,142,141
362,149,143,137
363,152,147,140
365,150,146,144
360,152,158,141
369,158,149,144
365,155,148,139
376,153,141,143
374,158,144,144
369,156,145,151
372,155,143,146
371,154,147,144
374,159,146,145
368,154,154,148
371,158,148,145
369,157,150,143
370,155,152,140
364,158,152,140
370,149,149,147
366,149,151,143
369,155,150,148
366,155,153,144
361,151,160,145
364,150,150,145
364,153,151,141
362,147,148,143
363,156,144,134
361,159,146,144
368,152,138,145
353,146,149,143
360,157,142,145
354,149,148,147
347,147,149,140
346,152,151,142
349,141,146,145
347,147,150,145
350,136,149,143
356,143,151,142
361,145,150,147
360,145,152,136
363,144,153,142
360,146,151,139
362,149,159,145
369,152,146,149
360,157,150,146
350,170,161,155
348,169,145,161
342,169,151,150
340,180,156,151
339,172,150,156
332,170,151,151
327,170,152,159
322,174,157,153
316,168,166,159
319,162,158,155
316,161,165,152
311,162,167,157
315,160,162,164
320,166,167,164
318,166,170,167
320,173,169,164
326,175,172,165
323,175,171,163
334,191,164,163
334,193,166,168
324,189,172,168
324,202,172,157
316,197,181,154
321,205,171,163
319,208,173,154
313,205,178,147
313,212,179,149
321,209,175,155
318,209,182,152
311,209,183,158
315,210,187,151
314,207,187,150
309,206,190,153
311,203,188,164
324,201,182,160
311,207,188,159
311,203,207,156
312,202,198,153
311,214,190,156
319,208,200,155
315,213,195,154
323,224,196,149
329,220,194,136
333,222,190,135
326,231,192,136
330,238,194,126
338,238,189,126
336,236,196,120
330,246,201,127
334,237,201,119
336,243,196,124
339,246,186,115
331,239,198,119
334,241,191,118
327,243,197,123
334,236,197,120
335,242,193,117
337,239,187,129
328,241,197,118
336,240,192,118
332,246,195,116
337,238,187,117
336,243,196,125
337,245,191,115
339,243,184,119
340,239,188,114
331,239,192,123
335,237,184,117
336,241,180,124
337,239,180,124
329,236,180,132
331,237,177,123
322,243,178,123
321,236,176,127
320,245,170,124
319,240,167,116
316,244,166,122
317,236,168,115
310,243,162,126
307,237,165,120
307,239,159,121
304,234,155,116
294,242,163,116
297,237,153,123
296,232,152,125
293,232,152,132
285,228,154,129
293,224,140,132
286,217,148,143
276,215,145,145
274,211,153,142
281,216,143,144
278,214,143,137
279,212,146,139
279,210,140,140
278,208,141,136
278,211,143,143
279,207,140,142
278,208,137,135
276,209,142,139
274,203,135,136
272,207,141,137
274,208,133,139
273,203,129,130
266,201,133,137
274,201,130,134
253,203,141,131
257,205,139,132
258,196,126,135
253,197,133,135
257,199,128,130
256,192,128,130
253,195,129,134
248,196,127,132
250,188,124,127
252,196,130,133
254,181,124,131
257,184,121,128
256,186,124,127
263,183,125,127
265,181,125,126
269,178,124,127
277,177,118,126
281,174,118,124
285,180,112,120
279,181,120,118
286,181,118,121
298,178,117,118
308,176,110,112
311,172,114,117
313,171,111,115
312,169,117,115
315,178,122,118
316,173,116,115
320,177,110,117
319,176,113,117
323,175,113,116
314,175,121,113
317,173,116,117
312,172,119,119
316,172,115,116
312,176,115,119
309,176,119,122
306,180,121,121
306,183,116,120
305,183,120,127
302,187,119,130
305,193,115,126
297,205,123,118
301,204,123,126
299,210,119,130
299,216,119,130
289,220,127,124
293,224,128,137
291,227,123,127
286,227,131,129
279,230,137,130
283,235,138,128
284,237,137,129
286,237,133,124
285,239,135,120
285,246,139,113
283,246,143,110
292,253,137,103
287,253,141,106
298,264,133,98
292,259,145,99
288,262,147,99
289,258,149,98
289,264,152,101
293,254,151,103
294,260,154,106
303,251,150,107
306,243,148,114
309,236,151,119
314,231,151,124
312,233,155,130
304,232,163,132
310,231,158,127
304,236,158,129
311,233,154,123
299,241,163,127
304,236,161,118
296,236,167,122
294,247,162,123
302,236,159,118
294,246,165,118
303,245,155,120
288,250,169,119
290,252,170,111
298,254,160,104
293,256,163,107
293,257,165,102
304,260,155,96
294,263,163,99
295,265,168,98
291,265,167,100
292,266,169,95
295,266,170,94
290,268,173,93
295,264,168,93
298,264,164,98
301,260,168,96
298,262,171,97
296,261,168,100
299,258,162,109
299,255,166,105
291,248,173,110
294,250,168,115
301,253,162,107
295,248,167,119
296,257,162,112
299,253,167,108
294,250,169,108
300,249,162,118
298,253,163,113
302,250,165,113
303,249,160,113
301,249,162,118
304,246,156,114
297,241,162,116
303,241,156,122
298,237,162,122
297,237,159,119
295,241,162,117
304,239,150,113
300,238,148,115
296,243,154,119
304,244,143,115
295,241,144,116
297,247,147,112
304,247,138,116
305,249,140,112
302,248,135,110
289,249,144,111
294,249,138,109
302,248,131,106
293,249,136,107
297,245,133,108
299,246,128,115
303,239,127,120
301,236,129,122
297,237,131,126
299,241,123,113
293,243,130,119
296,239,122,118
291,245,124,115
289,244,125,113
293,243,118,115
289,234,120,119
288,238,121,119
287,228,118,120
293,225,113,119
293,230,114,114
295,232,113,113
295,234,117,114
306,234,111,118
302,222,114,117
303,220,112,119
308,219,110,117
304,214,112,114
309,212,107,115
302,202,108,110
302,201,104,114
300,198,106,109
297,194,106,108
296,196,101,106
295,191,105,108
294,193,110,113
297,190,109,111
299,186,110,107
302,184,111,111
305,183,108,109
305,181,107,110
308,183,106,105
308,182,103,110
311,181,99,108
301,183,111,111
303,183,111,109
306,182,101,102
300,181,111,105
298,179,107,108
299,177,108,101
299,179,107,105
300,176,109,105
304,174,106,101
303,172,105,106
303,170,102,103
302,172,107,106
303,169,106,110
300,169,110,108
305,175,103,108
305,172,105,109
306,171,106,107
304,168,110,105
308,171,105,105
306,168,106,107
308,169,108,106
311,169,107,109
312,167,106,107
312,170,108,107
318,169,101,110
318,172,101,106
313,181,105,108
318,178,106,105
321,184,102,109
322,181,106,107
324,188,106,107
327,193,101,109
328,197,103,111
328,203,104,111
324,207,108,112
329,216,102,114
324,217,104,115
317,219,105,113
318,220,108,115
314,223,112,111
321,232,105,116
322,226,110,114
320,225,115,118
325,229,111,116
329,225,107,116
329,231,112,115
327,229,118,118
330,235,120,117
337,233,112,117
339,239,113,114
339,235,112,120
337,237,120,115
340,241,115,112
345,236,112,115
342,232,119,118
350,228,114,116
349,227,123,124
354,220,121,122
360,223,118,124
367,223,118,122
366,221,121,127
369,214,124,123
370,218,129,126
382,214,126,126
379,215,130,125
383,212,132,128
377,212,139,124
388,213,133,128
385,209,137,131
387,213,134,133
386,206,138,131
390,212,139,132
393,212,137,129
392,210,143,132
390,212,143,134
389,205,141,129
387,207,143,140
392,205,140,137
385,206,148,138
387,208,144,140
388,207,138,138
377,205,151,148
371,206,151,142
381,205,138,138
374,204,142,136
372,209,141,143
367,202,136,134
363,206,138,145
357,210,148,143
348,206,152,138
347,207,150,140
335,201,155,143
345,204,139,142
329,201,157,147
339,201,145,146
332,194,155,144
333,194,147,146
330,194,161,148
338,197,149,150
328,185,152,147
324,193,155,151
324,195,167,151
323,190,168,150
347,189,143,150
341,191,145,153
347,195,144,153
344,199,143,150
333,200,157,156
331,201,155,150
329,203,152,158
322,209,152,149
319,212,153,146
309,217,150,139
293,230,156,129
291,225,149,137
285,225,139,136
265,232,145,128
263,234,135,130
249,240,145,117
240,243,151,112
221,242,161,115
223,253,152,112
222,266,156,90
228,271,143,91
226,274,144,87
230,274,135,87
225,269,139,88
223,272,139,89
220,270,141,89
216,264,145,95
213,259,147,97
211,261,148,103
212,255,143,104
209,252,145,106
207,253,147,105
204,243,146,118
216,232,132,130
203,227,139,130
204,224,139,137
194,219,148,140
192,218,147,135
191,210,151,140
185,214,145,139
190,213,148,133
195,201,138,140
198,195,137,144
197,187,132,135
197,180,131,140
200,182,132,131
196,176,134,122
202,174,131,127
198,165,138,128
207,170,117,123
209,171,112,118
208,171,114,112
203,178,115,108
196,176,118,112
195,181,115,113
197,184,105,107
202,185,98,111
201,181,98,110
203,183,97,107
208,182,97,110
211,185,97,105
208,189,105,100
208,182,100,104
207,183,104,102
212,180,96,106
209,177,104,101
214,175,103,102
215,179,99,104
217,179,100,102
218,177,99,98
218,182,102,99
219,179,103,103
223,180,99,101
222,181,102,107
226,182,96,104
223,185,102,104
222,183,102,98
227,181,99,99
224,181,104,101
229,184,102,100
231,185,97,102
235,186,96,101
233,185,99,101
236,187,101,98
239,187,96,101
237,188,98,98
240,190,100,102
242,191,97,100
247,192,96,101
248,195,99,101
248,197,97,103
249,200,99,102
247,207,98,101
251,203,96,98
247,202,95,99
244,206,97,100
243,208,94,103
242,206,97,100
239,211,94,101
234,207,97,100
234,206,98,102
231,206,95,101
228,212,96,94
224,204,99,99
223,208,96,97
219,210,98,95
219,205,101,95
217,209,96,97
217,210,98,97
220,211,94,95
219,214,94,97
218,210,101,102
221,205,96,104
216,211,101,100
220,214,94,105
214,217,99,100
215,209,99,95
213,214,100,101
213,210,99,100
213,211,96,98
214,212,101,102
205,209,105,97
207,205,102,103
204,208,102,101
205,204,96,98
203,201,100,97
200,203,102,97
200,201,100,97
196,201,98,95
196,203,94,97
200,198,96,90
191,201,102,96
193,200,97,98
193,197,93,97
193,200,93,93
194,204,93,95
192,205,90,90
196,203,90,90
198,205,93,90
202,202,85,95
201,202,86,94
208,199,87,93
218,201,85,92
232,202,82,88
238,195,80,94
238,187,83,91
243,182,89,86
247,169,81,89
242,155,91,89
237,147,94,90
232,143,99,88
228,138,105,88
223,130,101,86
216,122,96,91
208,119,92,88
203,116,90,87
201,110,87,90
194,107,99,89
189,103,95,91
184,99,103,88
182,93,99,87
183,90,99,87
179,88,103,90
179,93,96,88
181,90,101,89
182,86,103,86
187,78,101,92
191,74,99,88
193,68,100,90
197,66,95,91
203,63,93,89
204,56,95,93
205,57,100,91
210,56,95,89
214,55,96,90
209,52,97,89
210,51,98,88
210,50,94,88
211,44,96,92
210,43,91,91
210,44,91,91
207,41,99,90
207,43,95,93
207,45,93,90
204,46,93,93
205,49,97,94
209,53,93,91
212,58,95,89
209,58,93,87
206,59,98,89
207,62,98,88
205,61,95,89
200,67,96,93
202,69,87,88
201,75,88,87
202,71,82,86
199,75,82,80
199,72,81,80
197,67,82,82
201,60,81,82
204,54,79,84
206,54,80,79
207,56,78,76
204,57,79,76
203,61,81,76
204,61,79,76
207,64,80,70
208,67,83,74
215,66,77,73
218,62,76,76
218,63,77,76
225,55,75,73
229,47,76,73
237,39,78,72
242,25,73,74
241,22,78,75
250,8,78,79
257,2,76,76
258,0,83,66
265,1,80,60
272,1,76,57
288,2,71,54
292,1,70,56
299,3,73,62
311,0,69,67
311,2,72,68
318,1,68,69
320,1,69,70
327,2,67,71
331,2,65,68
332,2,67,69
335,4,65,67
337,2,68,69
341,0,68,70
344,4,68,69
342,0,67,69
345,2,69,67
346,0,68,65
346,0,69,63
348,0,65,59
348,0,68,57
348,1,67,53
351,1,67,48
349,0,67,47
350,1,66,44
347,0,69,43
347,0,66,37
339,0,70,34
339,1,64,31
332,1,64,31
330,1,66,31
318,1,73,35
312,0,73,41
300,0,76,48
286,1,83,58
279,1,85,61
266,0,88,72
254,5,89,80
252,14,81,81
247,29,83,80
244,33,83,79
238,43,89,75
239,48,85,72
240,53,79,73
239,55,76,72
238,56,77,71
234,58,76,70
236,61,76,69
228,64,76,71
229,68,78,70
228,68,80,70
226,68,77,72
218,71,80,71
215,71,78,72
210,72,76,73
209,74,78,71
202,73,80,73
197,76,82,74
187,75,82,75
177,74,86,75
170,74,84,73
162,77,83,76
153,71,83,74
147,70,79,71
135,69,81,76
129,70,79,73
123,65,80,77
118,62,77,77
111,61,78,77
105,57,79,80
102,52,78,79
102,50,75,80
100,51,78,74
97,51,78,78
98,51,76,75
93,54,79,78
85,58,88,80
81,66,90,82
78,75,88,81
79,86,84,80
74,90,81,74
72,96,81,75
70,99,79,74
63,104,79,73
62,107,78,75
54,110,76,71
48,113,77,70
42,114,80,73
37,116,80,71
32,119,80,72
29,119,77,69
23,119,80,71
17,117,82,72
6,117,88,72
4,118,84,73
1,117,81,72
3,117,75,71
4,117,71,71
4,117,70,72
7,117,64,71
2,116,65,74
2,118,62,74
0,121,61,74
1,128,58,71
-2,133,55,73
-5,134,51,75
-1,141,41,68
-1,144,36,62
0,144,33,66
0,142,33,67
0,142,33,67
1,145,35,68
-3,144,41,70
-3,145,43,70
-2,143,46,77
-1,145,48,80
0,147,52,78
1,150,55,83
0,153,62,83
-1,151,70,90
-3,149,72,92
-2,149,76,90
0,148,78,90
3,148,80,94
0,150,87,94
0,149,89,98
0,153,95,99
0,157,97,102
5,164,94,97
6,167,95,101
9,169,95,102
5,176,106,106
1,180,112,106
4,184,114,103
1,182,115,107
3,182,117,109
3,183,120,110
7,182,120,113
14,184,120,110
19,181,118,111
12,180,127,118
22,178,123,117
30,181,114,118
43,182,108,116
50,180,110,116
48,181,113,115
49,179,110,114
49,174,117,116
53,172,115,123
57,172,126,124
56,162,135,138
62,166,129,131
63,163,132,132
66,158,139,137
72,164,130,130
75,155,128,140
85,158,126,135
85,157,123,129
93,156,122,130
97,154,118,133
98,164,122,125
101,155,120,119
106,142,120,133
109,145,118,128
117,139,114,131
117,139,114,137
124,143,116,132
129,154,116,118
134,148,114,123
138,146,115,121
141,157,112,107
149,147,114,117
156,148,113,117
167,150,108,116
175,150,105,108
174,147,110,116
183,141,111,114
189,147,103,112
201,146,100,111
207,147,96,109
205,143,102,111
214,145,93,104
221,148,87,101
223,137,95,106
232,133,94,108
230,132,93,108
236,134,85,103
240,138,77,95
244,140,75,92
243,139,74,93
247,135,79,95
253,123,96,107
256,119,96,109
260,119,92,107
263,118,96,110
270,116,91,117
273,117,90,130
282,112,87,146
285,110,90,147
283,110,93,146
283,110,91,131
283,108,95,135
284,113,98,126
283,115,96,118
283,119,107,108
282,120,105,110
283,126,108,103
282,131,113,99
278,127,118,104
279,124,119,105
277,124,125,103
271,123,135,103
267,117,141,107
264,115,147,104
278,117,134,102
315,125,106,101
324,119,92,98
326,122,90,92
330,125,92,93
331,123,90,95
333,123,97,93
336,122,95,93
339,121,97,97
345,122,93,89
350,119,94,92
350,120,97,97
359,116,95,100
365,111,94,94
367,111,98,95
376,110,91,96
373,110,96,97
378,113,101,96
388,107,95,94
388,105,101,99
392,106,103,98
395,107,106,97
395,114,106,97
404,114,99,95
409,117,96,95
414,118,95,90
419,119,93,101
427,117,97,100
432,126,96,93
433,127,101,91
442,127,98,89
440,128,97,97
441,127,100,97
441,132,102,94
439,133,100,92
434,134,101,96
427,138,100,98
426,140,95,93
420,139,103,97
415,132,106,102
410,140,108,96
409,134,107,98
405,138,103,103
401,139,105,101
404,143,105,103
406,134,99,102
403,137,103,101
407,138,100,98
407,138,104,98
408,141,102,97
408,140,102,97
407,138,106,97
408,141,105,100
409,137,101,99
409,136,103,102
409,136,103,99
408,134,106,101
409,137,104,102
411,134,104,101
410,135,103,98
410,134,102,100
407,132,106,102
407,133,103,99
408,135,102,100
410,129,103,98
411,134,99,96
408,132,102,94
409,127,99,100
408,130,102,94
405,124,104,102
403,123,104,101
407,118,101,96
400,119,108,98
404,116,100,99
406,118,100,95
406,120,98,95
404,119,100,94
402,116,105,96
407,115,101,93
407,118,100,95
406,116,100,97
407,113,101,96
406,113,104,95
412,117,97,98
408,118,100,90
408,110,106,95
410,113,101,93
414,108,96,95
407,111,102,93
409,107,103,96
414,108,100,99
405,108,111,97
408,113,107,97
408,109,104,93
403,114,108,95
400,115,106,99
401,115,105,93
400,124,105,97
392,123,110,100
395,129,103,98
394,135,101,100
399,131,96,98
396,141,105,91
400,139,95,102
399,140,96,96
398,143,99,96
396,143,97,96
399,144,98,95
398,151,97,89
394,156,103,95
393,155,102,94
396,153,97,97
388,159,99,96
392,163,95,95
389,160,97,89
386,159,99,94
382,150,96,93
375,146,105,95
382,148,94,85
375,144,94,94
368,142,92,96
369,133,98,92
367,129,98,89
370,133,91,87
371,125,88,89
362,118,98,89
367,117,93,90
365,115,91,95
367,106,92,91
363,111,94,89
370,104,95,88
375,104,90,91
372,102,95,92
376,98,101,88
381,101,99,86
386,91,100,91
389,92,103,94
398,85,98,91
406,87,97,95
406,90,104,98
411,93,100,96
420,96,99,93
421,93,103,95
425,99,101,95
424,100,105,94
428,104,104,95
434,105,104,94
433,107,105,96
436,103,107,98
443,109,104,98
445,110,103,93
445,107,106,95
445,118,104,92
450,117,103,95
450,116,107,95
448,121,105,96
452,123,105,95
449,125,106,94
451,127,101,97
449,121,103,97
448,131,104,91
445,130,105,93
441,132,113,95
444,132,103,92
444,132,99,96
442,129,107,95
442,138,102,98
444,139,104,99
441,139,107,101
441,146,104,95
441,150,102,96
438,151,105,91
441,160,105,94
438,155,105,92
435,156,104,96
439,153,100,96
436,153,100,97
434,152,101,91
433,148,103,93
429,147,105,94
424,144,103,94
426,136,101,95
426,135,100,96
425,141,98,91
421,138,103,95
416,141,102,93
422,147,99,89
419,150,99,94
417,153,99,93
418,161,106,98
417,166,103,100
420,177,101,100
422,177,103,102
429,186,99,96
434,189,96,92
433,194,103,96
438,196,103,98
434,197,104,93
442,198,107,95
446,196,98,99
444,193,101,95
450,198,99,94
447,201,101,92
443,203,99,91
441,204,98,91
430,203,97,90
427,200,95,92
421,199,100,92
417,194,95,91
401,190,101,93
399,187,93,85
382,182,96,88
383,177,95,90
370,170,93,87
360,169,97,85
353,167,93,88
345,164,90,83
348,160,94,89
341,159,86,86
338,153,85,84
328,149,89,84
326,148,89,84
328,149,85,85
324,142,84,83
320,141,84,79
312,140,87,79
304,141,89,81
302,139,88,82
294,138,84,83
288,140,86,79
284,137,82,79
281,136,83,83
281,133,81,79
278,132,83,77
280,129,80,80
278,129,85,81
283,129,81,78
284,128,81,79
286,130,84,82
290,133,84,81
294,136,86,79
303,138,83,83
304,141,79,80
310,145,82,81
307,147,83,79
309,149,80,78
309,152,82,79
312,161,80,77
312,162,80,81
311,164,80,83
306,175,78,81
300,184,82,82
295,187,84,84
299,199,83,84
303,200,82,81
301,207,84,80
298,206,83,82
300,205,79,81
299,205,83,81
296,207,81,82
297,208,79,80
296,213,81,78
295,215,84,85
299,221,78,83
292,223,78,83
281,224,81,84
271,229,82,86
261,230,83,86
248,235,84,86
240,240,82,88
233,245,82,87
225,250,82,91
223,259,82,89
213,260,84,94
213,268,84,90
217,268,82,91
219,273,82,86
222,273,80,81
221,260,77,87
217,250,77,86
209,244,83,86
213,237,82,86
217,228,76,85
216,220,79,83
219,215,78,82
221,213,77,78
214,203,78,82
212,200,76,81
208,198,78,85
207,195,76,81
206,196,76,82
201,192,76,85
201,190,77,84
195,189,79,82
190,183,80,84
192,182,76,82
192,180,78,88
191,180,78,82
189,178,79,80
190,179,78,84
191,180,76,83
194,179,77,80
195,178,74,84
196,176,74,84
198,176,76,80
195,177,79,78
197,178,76,78
199,179,74,80
202,174,71,83
199,174,72,84
197,171,71,83
194,173,69,80
198,176,69,82
196,177,69,80
192,173,72,85
196,172,64,87
194,177,67,81
198,178,61,82
198,171,62,89
195,171,61,86
193,170,66,85
175,169,81,78
169,165,85,86
168,161,87,90
172,161,83,88
165,159,81,80
163,157,86,75
161,156,85,76
159,155,86,77
153,155,89,77
153,154,88,80
147,152,90,82
150,155,84,78
147,152,87,77
142,152,91,79
135,152,89,82
132,153,86,85
131,151,86,86
123,152,88,83
120,152,92,85
114,152,90,85
112,152,89,83
109,149,90,86
106,145,89,83
102,145,87,85
99,144,93,80
95,140,92,81
92,137,92,86
89,137,91,86
90,139,87,81
83,136,90,83
71,136,94,83
68,138,98,81
62,143,98,80
60,142,97,83
53,142,98,82
55,144,94,81
53,142,96,81
53,145,95,80
54,141,95,79
55,142,96,83
57,138,96,79
56,140,100,81
66,143,97,77
74,144,97,80
89,143,95,77
104,143,93,79
107,142,94,78
124,142,92,76
133,140,88,76
145,136,83,76
154,134,84,75
154,135,86,77
166,133,84,74
175,134,81,74
188,132,78,72
197,135,79,74
197,131,79,76
209,137,78,74
221,140,75,69
221,137,72,72
227,135,77,72
233,136,76,77
238,134,75,79
241,136,76,79
245,142,77,79
247,149,77,81
250,148,80,83
257,147,82,82
264,147,79,84
271,147,82,78
287,144,82,76
299,140,83,73
317,131,82,74
332,124,80,77
347,114,81,81
360,105,78,83
369,99,80,78
379,89,82,85
392,85,77,84
397,83,84,79
407,83,81,80
414,81,79,81
418,83,82,81
427,84,84,85
436,87,82,82
441,89,81,79
443,92,84,81
447,96,84,85
448,102,83,80
447,106,85,82
446,110,85,81
451,117,84,83
451,123,86,78
448,125,88,77
447,125,87,78
444,126,87,79
441,128,87,79
435,130,87,80
431,133,86,78
426,135,85,80
421,138,85,76
420,138,82,79
412,136,84,77
410,134,81,76
409,135,78,74
401,130,83,74
392,130,83,75
380,133,86,81
364,139,88,81
344,150,86,80
327,160,82,81
306,173,85,78
280,184,87,80
264,194,82,77
252,202,81,76
220,203,90,78
203,210,83,82
186,216,89,82
170,222,85,86
154,235,85,88
138,241,89,92
126,252,93,92
128,252,88,92
117,259,92,90
108,266,92,90
105,271,96,84
102,271,95,87
97,268,100,86
91,263,102,88
90,256,100,90
83,247,102,95
74,242,102,90
73,239,106,92
64,228,104,93
58,224,104,93
64,217,96,90
57,215,105,88
57,215,104,89
61,211,98,90
58,214,104,87
56,214,105,88
55,213,105,89
56,216,104,86
57,216,104,89
55,214,104,89
55,211,100,86
48,203,107,83
50,202,106,89
52,195,103,86
50,188,102,83
52,176,99,82
50,168,102,84
53,166,97,87
49,156,100,87
48,151,100,88
49,146,97,86
50,141,97,83
50,139,99,87
52,132,96,84
58,130,94,84
64,126,94,85
66,128,93,85
69,128,91,84
69,131,90,82
68,132,93,81
74,139,90,82
76,140,91,81
79,141,89,80
89,144,87,80
94,146,86,77
105,146,84,78
109,147,86,78
110,150,88,74
120,147,84,75
122,144,84,77
127,143,83,78
135,143,80,75
137,145,81,73
138,144,81,73
139,145,83,76
150,150,78,74
157,153,78,77
155,156,80,72
163,156,80,72
169,156,77,72
178,154,75,72
185,151,73,71
183,151,77,69
187,148,78,72
195,146,74,73
201,144,72,72
205,141,76,69
210,140,75,70
220,138,74,70
228,131,70,71
235,128,71,69
244,128,72,69
253,135,73,71
261,145,71,68
259,150,69,72
259,155,69,72
255,159,69,72
255,165,72,71
253,168,73,67
258,165,71,69
263,166,72,66
265,166,71,68
269,171,70,69
273,175,71,69
273,177,69,73
269,184,71,70
268,193,69,74
269,201,67,72
265,206,68,72
262,211,72,71
264,213,69,70
263,212,71,68
269,213,68,68
266,208,71,68
271,203,70,69
274,200,68,69
273,196,70,67
276,195,69,66
279,193,70,65
278,192,70,66
279,189,69,68
280,190,68,67
284,190,68,69
283,191,69,70
283,190,70,69
281,191,69,67
279,192,70,68
279,195,71,69
281,197,70,70
279,197,69,69
276,197,70,67
275,197,70,69
274,197,69,67
275,197,70,67
272,196,70,67
272,196,70,70
274,197,71,66
276,196,71,65
275,196,70,67
276,196,74,67
277,197,72,68
282,195,68,67
279,194,72,69
281,193,72,66
282,194,68,66
283,194,72,66
284,193,72,65
282,191,74,66
284,191,72,67
286,192,73,67
286,191,72,68
292,190,70,68
289,190,71,70
292,191,73,68
297,190,72,70
302,191,69,68
305,190,70,66
305,190,71,64
311,191,70,67
317,190,69,68
326,195,68,66
330,194,68,66
332,193,70,68
338,197,72,67
343,197,71,70
346,203,69,68
349,205,70,69
346,204,70,68
349,208,69,67
