234,240,70,74
233,239,70,77
238,238,67,76
238,241,67,74
239,241,65,73
243,241,63,74
246,240,59,71
247,244,59,69
249,245,55,69
252,245,52,70
254,248,50,69
258,247,45,74
258,249,42,73
261,252,39,70
263,252,37,70
263,252,37,71
267,250,33,76
267,249,24,76
269,247,25,80
269,247,25,80
223,222,32,76
262,250,24,76
262,250,24,76
252,251,26,72
249,252,27,73
242,250,29,74
238,253,29,73
229,248,34,74
222,247,33,75
216,245,33,71
211,241,36,71
205,245,39,62
199,243,38,60
193,245,40,58
187,244,44,54
187,246,48,56
187,244,47,53
187,249,48,52
190,246,53,56
191,247,55,57
202,252,51,54
208,254,55,53
219,256,55,51
233,255,55,54
241,256,66,52
263,253,57,53
276,251,64,57
289,247,75,62
313,245,75,61
349,237,63,65
368,231,70,69
380,226,78,78
408,221,79,72
437,216,71,77
460,215,66,80
482,213,63,75
500,213,68,70
521,211,62,73
537,210,58,78
542,212,55,76
551,213,51,75
554,216,54,71
547,220,57,71
544,221,58,74
534,227,57,73
527,229,58,75
514,236,65,77
479,247,71,67
460,250,55,64
436,253,55,68
436,253,55,68
393,267,48,62
393,267,48,62
374,267,64,59
338,269,58,61
338,269,58,61
338,269,58,61
338,269,58,61
237,261,55,54
237,257,42,55
220,250,34,59
207,239,33,54
191,235,37,54
181,228,37,56
176,220,37,58
170,216,38,60
168,213,38,61
167,214,39,59
166,214,41,61
167,217,44,60
171,219,44,59
177,223,41,59
184,231,46,58
194,239,49,58
206,245,54,63
223,252,53,61
239,264,65,60
264,268,57,58
293,273,52,58
315,283,60,56
343,286,57,63
382,286,44,63
427,291,37,64
455,285,36,62
484,279,38,73
502,272,48,72
524,270,58,69
542,254,66,73
558,243,66,83
572,239,63,79
584,235,54,80
593,229,46,85
596,229,41,83
596,230,41,84
592,235,43,86
586,240,50,84
573,245,58,96
555,255,72,101
539,265,86,97
512,278,78,76
480,292,76,67
460,298,65,60
460,298,65,60
460,298,65,60
460,298,65,60
460,298,65,60
460,298,65,60
460,298,65,60
460,298,65,60
460,298,65,60
460,298,65,60
460,298,65,60
460,298,65,60
460,298,65,60
460,298,65,60
460,298,65,60
460,298,65,60
460,298,65,60
460,298,65,60
460,298,65,60
460,298,65,60
460,298,65,60
460,298,65,60
460,298,65,60
460,298,65,60
460,298,65,60
460,298,65,60
460,298,65,60
460,298,65,60
460,298,65,60
460,298,65,60
335,298,67,58
359,294,70,60
393,296,73,56
425,289,70,66
463,281,58,67
487,272,59,79
509,265,67,71
524,262,65,72
548,252,69,69
562,242,73,65
568,239,67,52
572,234,65,48
571,232,65,51
571,233,64,51
567,234,68,56
561,239,74,58
551,244,78,61
559,251,69,63
527,264,86,70
491,277,104,74
461,286,109,68
434,296,96,61
434,296,96,61
434,296,96,61
338,308,88,50
329,312,84,44
329,312,84,44
329,312,84,44
329,312,84,44
329,312,84,44
211,282,78,33
204,271,61,39
192,264,50,43
188,254,50,42
179,246,53,43
174,243,56,41
171,238,57,41
170,236,54,41
172,235,55,42
175,237,52,41
180,239,49,39
181,239,49,41
185,239,50,42
185,240,51,42
190,240,49,44
205,243,44,42
220,246,38,40
235,252,31,44
246,256,31,49
255,259,37,52
266,262,45,54
274,265,50,54
285,265,52,55
295,268,56,57
306,271,60,58
315,274,60,55
331,283,50,48
345,284,42,47
356,286,33,49
366,288,30,48
368,289,27,57
375,286,26,58
375,286,26,58
378,290,31,61
377,289,36,62
368,290,47,62
361,290,50,62
351,292,61,65
343,292,63,64
334,297,67,61
323,297,70,59
315,300,68,56
308,303,65,54
301,302,63,56
299,303,58,54
293,301,52,54
285,304,48,53
282,302,40,52
278,301,35,56
270,300,37,57
267,299,40,58
267,297,39,60
267,297,39,60
261,289,26,64
256,290,30,64
251,285,35,62
247,284,42,65
242,284,52,65
243,280,51,65
241,279,53,64
241,277,55,59
242,274,63,59
240,272,66,59
243,270,66,57
248,267,63,59
253,266,59,58
260,265,51,58
265,265,48,56
275,265,42,58
281,265,35,56
289,263,31,58
292,262,28,57
300,267,22,56
308,267,18,55
307,273,21,55
309,266,25,61
311,267,33,60
313,269,38,63
311,274,47,61
311,272,52,65
307,273,61,69
306,278,62,69
306,277,64,69
305,276,66,71
307,275,65,72
307,270,63,80
303,275,61,75
302,272,58,74
302,271,56,74
300,267,52,76
301,274,46,72
300,274,42,65
297,276,38,62
296,277,35,62
296,274,29,64
296,279,24,61
294,278,18,63
294,278,18,63
291,272,19,60
284,274,24,63
279,276,29,57
275,276,35,57
270,275,38,57
267,273,43,58
263,275,47,56
261,274,49,53
258,273,53,56
257,273,54,55
255,272,55,57
256,273,55,58
255,273,57,55
260,272,52,56
260,276,54,54
261,274,55,54
265,278,51,53
269,279,48,55
274,280,42,53
278,284,38,51
286,283,31,56
290,284,26,55
293,285,23,54
296,284,20,57
303,286,16,59
301,286,17,62
302,284,19,65
299,281,26,68
298,284,31,65
296,284,38,65
294,286,42,62
292,285,49,63
289,282,51,64
287,287,55,63
286,286,57,66
280,287,58,63
280,284,56,64
278,286,58,65
274,286,60,67
273,285,59,67
270,286,55,66
268,287,52,67
265,288,51,66
262,286,52,70
260,287,50,69
258,291,51,66
257,291,51,64
255,290,44,61
255,290,44,63
253,287,33,66
254,291,27,63
255,295,22,59
255,299,21,56
256,302,19,53
256,299,18,54
257,296,20,56
258,293,23,61
257,291,28,57
259,287,35,66
260,286,42,68
262,288,45,68
265,283,43,72
267,285,45,68
272,287,49,68
278,287,48,65
283,290,54,62
289,290,56,64
293,291,59,65
299,295,60,60
302,297,62,61
306,295,61,61
308,297,62,61
311,296,63,60
319,300,57,58
321,297,55,58
321,298,54,59
320,296,54,59
325,301,43,56
325,302,39,55
322,303,36,51
315,303,34,51
313,306,30,49
301,309,33,45
298,313,26,39
296,310,21,42
289,308,19,44
283,310,20,42
275,312,22,39
266,314,28,43
257,315,18,40
250,317,17,40
239,316,20,41
232,312,25,39
227,311,24,37
224,312,24,33
221,306,25,34
219,302,28,34
217,301,30,33
217,297,33,34
219,293,33,38
225,287,32,41
229,282,34,43
233,282,34,41
239,279,37,40
242,278,42,39
247,279,46,37
261,276,48,39
271,272,41,45
285,269,40,47
291,267,44,47
301,263,50,50
310,258,54,51
319,251,57,58
340,245,51,58
352,239,53,58
363,234,55,58
373,228,54,53
382,224,56,54
391,218,58,55
398,217,54,53
405,214,52,53
410,212,51,56
414,214,52,57
421,212,45,58
422,212,43,59
423,213,42,59
423,211,36,59
422,212,35,61
419,215,32,56
415,214,30,54
413,215,27,54
406,217,26,51
402,214,25,49
395,215,24,47
389,214,23,48
383,211,21,50
376,211,22,51
373,212,18,50
365,212,18,48
359,209,16,50
353,212,18,45
347,210,19,45
340,208,18,44
336,205,17,44
333,205,19,45
328,198,19,46
327,194,19,45
324,191,21,44
321,188,21,46
318,186,23,47
316,188,25,45
314,190,27,48
311,195,30,49
311,201,31,51
310,212,32,49
309,222,35,48
308,235,36,49
309,248,37,49
308,263,41,49
310,264,41,50
309,267,42,57
307,289,46,65
310,299,52,58
308,304,55,53
313,300,56,54
321,298,52,56
327,296,54,59
328,293,60,60
335,295,58,58
338,296,62,55
344,298,62,54
349,294,65,57
354,296,62,56
362,298,60,58
365,293,62,59
370,293,61,56
376,293,60,55
381,288,63,57
385,282,60,59
385,271,65,65
387,273,61,59
390,271,61,59
391,272,62,58
390,270,63,58
389,271,61,56
389,268,65,55
388,262,55,53
383,255,54,52
379,245,54,53
371,235,53,54
365,223,50,50
358,213,49,52
348,206,45,49
339,199,46,50
331,196,45,49
326,194,43,48
320,191,40,50
311,187,40,52
303,184,41,54
302,185,37,50
295,182,35,51
292,180,35,50
290,178,36,51
286,180,35,51
283,182,36,50
281,190,35,51
278,203,37,48
275,219,37,47
269,240,39,44
264,267,40,46
262,298,42,50
262,298,42,50
262,298,42,50
262,298,42,50
262,298,42,50
262,298,42,50
262,298,42,50
262,298,42,50
262,298,42,50
262,298,42,50
262,298,42,50
262,298,42,50
262,298,42,50
262,298,42,50
262,298,42,50
262,298,42,50
262,298,42,50
262,298,42,50
262,298,42,50
262,298,42,50
262,298,42,50
262,298,42,50
262,298,42,50
262,298,42,50
262,298,42,50
262,298,42,50
262,298,42,50
262,298,42,50
262,298,42,50
262,298,42,50
262,298,42,50
262,298,42,50
262,298,42,50
262,298,42,50
262,298,42,50
262,298,42,50
262,298,42,50
262,298,42,50
262,298,42,50
368,228,38,48
353,219,45,50
333,208,45,58
314,194,43,52
293,172,48,46
281,161,54,34
271,148,52,35
257,137,56,39
254,130,53,40
255,125,48,43
256,124,42,43
258,121,42,45
264,123,39,42
269,121,42,48
273,121,45,53
287,121,38,58
292,121,40,54
298,121,40,55
320,129,29,46
341,127,21,46
349,125,27,44
354,121,37,47
358,117,42,49
366,120,42,46
373,119,40,44
377,121,35,44
383,121,32,42
387,125,29,40
389,127,27,42
387,130,31,40
385,131,33,40
379,133,38,41
380,134,39,39
374,141,41,35
369,147,42,30
364,152,40,30
358,153,37,34
353,155,32,38
347,160,28,39
343,163,24,36
336,166,22,37
331,173,21,35
326,177,20,34
322,184,20,32
318,185,22,35
313,193,26,35
310,197,29,33
312,204,29,29
313,206,32,29
314,208,34,31
315,212,37,31
321,217,36,30
325,225,36,29
331,230,36,32
335,233,38,33
346,240,32,28
356,244,26,26
360,248,25,23
360,248,25,23
360,248,25,23
360,248,25,23
360,248,25,23
360,248,25,23
360,248,25,23
360,248,25,23
360,248,25,23
360,248,25,23
360,248,25,23
360,248,25,23
360,248,25,23
360,248,25,23
360,248,25,23
360,248,25,23
360,248,25,23
360,248,25,23
360,248,25,23
360,248,25,23
360,248,25,23
360,248,25,23
360,248,25,23
360,248,25,23
360,248,25,23
360,248,25,23
360,248,25,23
360,248,25,23
360,248,25,23
360,248,25,23
360,248,25,23
360,248,25,23
315,251,20,27
317,243,18,25
317,237,18,26
315,233,20,28
317,229,22,29
316,227,24,30
317,224,25,32
319,219,27,36
320,214,30,39
324,211,32,38
325,207,35,39
328,208,37,38
328,206,39,39
334,206,37,36
337,205,36,36
340,206,35,34
348,208,30,35
352,208,25,37
357,210,21,36
360,211,20,38
362,214,21,38
361,217,22,40
363,222,20,42
365,226,19,42
365,235,21,37
365,235,21,37
365,235,21,37
365,235,21,37
365,235,21,37
365,235,21,37
365,235,21,37
365,235,21,37
365,235,21,37
365,235,21,37
365,235,21,37
365,235,21,37
365,235,21,37
365,235,21,37
365,235,21,37
365,235,21,37
365,235,21,37
365,235,21,37
365,235,21,37
365,235,21,37
365,235,21,37
365,235,21,37
365,235,21,37
365,235,21,37
365,235,21,37
365,235,21,37
365,235,21,37
365,235,21,37
365,235,21,37
365,235,21,37
365,235,21,37
365,235,21,37
365,235,21,37
365,235,21,37
365,235,21,37
375,248,22,33
377,248,22,27
378,247,21,22
381,250,18,19
380,251,17,18
380,253,17,15
382,255,15,14
389,253,12,15
393,252,14,16
397,249,14,19
393,246,18,22
390,245,23,23
390,241,28,27
392,237,31,30
392,235,37,34
392,232,41,39
394,228,43,42
397,227,44,42
400,224,44,43
403,221,44,46
407,217,40,47
410,215,40,48
413,215,37,47
417,215,34,48
419,216,29,44
422,217,29,43
422,216,31,42
420,217,31,41
420,217,28,42
418,215,24,47
415,212,21,48
407,211,19,47
399,209,20,48
386,210,25,47
373,209,28,48
361,211,29,49
346,214,31,49
334,218,27,45
323,221,23,43
310,226,23,40
287,227,27,46
271,231,28,47
256,233,30,44
245,235,34,44
232,238,32,40
224,238,32,40
218,243,33,35
214,243,36,30
214,244,39,26
217,242,40,27
225,241,36,31
231,241,34,34
235,243,35,35
244,250,35,32
250,255,37,26
257,255,40,26
276,255,36,28
282,255,36,28
282,255,36,28
282,255,36,28
282,255,36,28
282,255,36,28
282,255,36,28
282,255,36,28
282,255,36,28
282,255,36,28
282,255,36,28
282,255,36,28
282,255,36,28
282,255,36,28
282,255,36,28
282,255,36,28
282,255,36,28
282,255,36,28
282,255,36,28
282,255,36,28
282,255,36,28
282,255,36,28
282,255,36,28
282,255,36,28
282,255,36,28
282,255,36,28
282,255,36,28
282,255,36,28
282,255,36,28
282,255,36,28
282,255,36,28
282,255,36,28
282,255,36,28
282,255,36,28
285,271,35,34
278,266,35,37
271,257,27,35
266,248,22,34
257,240,24,40
256,230,22,34
248,225,24,31
246,219,20,23
242,213,22,23
238,205,26,24
235,198,29,27
237,194,32,31
237,191,36,32
238,189,40,34
240,189,43,36
243,191,46,37
250,194,47,39
254,200,49,40
270,203,45,39
281,204,41,41
285,209,46,39
304,209,42,43
320,212,42,43
346,214,35,42
371,212,27,45
386,213,30,46
402,213,37,45
411,211,47,47
425,211,52,47
435,211,52,46
445,210,56,44
451,212,54,39
459,213,50,38
465,214,52,36
464,217,46,34
465,217,44,36
466,218,42,35
464,217,41,39
465,216,39,40
460,217,33,42
451,220,30,41
443,222,30,40
428,228,33,35
420,231,28,33
407,235,28,31
396,240,26,29
387,239,20,27
373,237,20,29
358,234,21,29
349,225,20,31
349,225,20,31
349,225,20,31
313,209,18,29
313,209,18,29
294,193,17,30
284,192,19,29
272,190,17,27
261,188,21,26
251,185,26,28
242,188,27,26
232,188,31,27
222,190,35,29
219,194,36,32
215,197,39,34
212,202,42,34
210,211,43,35
213,220,45,35
219,227,49,38
229,235,52,41
239,240,54,39
255,246,58,39
276,251,53,44
309,259,47,49
337,265,42,47
361,269,35,48
391,267,35,52
411,268,42,48
436,265,35,51
447,262,43,52
459,262,50,47
469,262,55,45
477,262,60,43
483,264,58,41
486,265,56,41
487,262,58,43
490,263,53,43
487,264,50,41
485,263,46,44
480,266,42,42
475,267,38,41
469,270,31,37
456,274,29,33
440,276,31,31
440,276,31,31
440,276,31,31
440,276,31,31
440,276,31,31
440,276,31,31
440,276,31,31
440,276,31,31
440,276,31,31
440,276,31,31
440,276,31,31
440,276,31,31
440,276,31,31
440,276,31,31
440,276,31,31
440,276,31,31
440,276,31,31
440,276,31,31
440,276,31,31
440,276,31,31
440,276,31,31
440,276,31,31
440,276,31,31
440,276,31,31
440,276,31,31
440,276,31,31
440,276,31,31
440,276,31,31
440,276,31,31
440,276,31,31
440,276,31,31
440,276,31,31
440,276,31,31
440,276,31,31
440,276,31,31
396,290,26,34
413,289,25,36
440,281,27,42
446,283,36,40
453,272,44,47
459,271,51,49
463,270,55,51
462,268,59,49
462,267,55,50
462,267,58,49
460,269,49,41
459,267,45,40
457,268,43,38
449,270,40,36
442,270,35,35
439,272,30,34
433,274,22,33
433,274,22,33
433,274,22,33
433,274,22,33
433,274,22,33
433,274,22,33
433,274,22,33
433,274,22,33
433,274,22,33
433,274,22,33
433,274,22,33
433,274,22,33
433,274,22,33
433,274,22,33
433,274,22,33
433,274,22,33
433,274,22,33
433,274,22,33
433,274,22,33
433,274,22,33
433,274,22,33
433,274,22,33
433,274,22,33
433,274,22,33
433,274,22,33
433,274,22,33
433,274,22,33
433,274,22,33
433,274,22,33
433,274,22,33
460,299,25,28
460,299,25,28
460,299,25,28
460,299,25,28
460,299,25,28
460,299,25,28
460,299,25,28
460,299,25,28
439,319,25,30
448,315,33,32
459,306,37,38
468,298,41,48
477,296,46,52
478,298,51,51
476,299,56,47
478,299,56,46
476,300,54,41
466,301,56,40
464,299,52,38
457,297,47,39
444,296,48,39
439,294,45,38
436,291,40,36
436,291,40,36
436,291,40,36
436,291,40,36
436,291,40,36
436,291,40,36
436,291,40,36
436,291,40,36
436,291,40,36
436,291,40,36
436,291,40,36
436,291,40,36
436,291,40,36
436,291,40,36
436,291,40,36
436,291,40,36
436,291,40,36
436,291,40,36
436,291,40,36
436,291,40,36
436,291,40,36
436,291,40,36
436,291,40,36
436,291,40,36
436,291,40,36
436,291,40,36
436,291,40,36
436,291,40,36
436,291,40,36
436,291,40,36
436,291,40,36
436,291,40,36
436,291,40,36
436,291,40,36
436,291,40,36
436,291,40,36
436,291,40,36
436,291,40,36
436,291,40,36
417,284,45,42
427,279,48,45
429,275,50,49
436,275,47,48
437,276,42,45
437,278,39,42
440,274,39,46
439,273,42,48
438,276,41,48
438,278,37,43
433,276,27,43
434,276,24,45
434,276,24,45
434,276,24,45
434,276,24,45
434,276,24,45
434,276,24,45
434,276,24,45
434,276,24,45
434,276,24,45
434,276,24,45
434,276,24,45
434,276,24,45
434,276,24,45
434,276,24,45
434,276,24,45
434,276,24,45
434,276,24,45
434,276,24,45
434,276,24,45
434,276,24,45
434,276,24,45
434,276,24,45
434,276,24,45
434,276,24,45
434,276,24,45
434,276,24,45
434,276,24,45
434,276,24,45
434,276,24,45
434,276,24,45
434,276,24,45
434,276,24,45
434,276,24,45
434,276,24,45
361,280,32,43
349,267,40,52
369,264,51,58
383,264,55,60
406,260,48,54
428,258,41,57
438,255,42,62
439,248,38,68
437,245,43,65
421,251,45,51
431,249,42,43
425,254,40,35
415,258,40,33
415,258,40,33
415,258,40,33
415,258,40,33
415,258,40,33
415,258,40,33
415,258,40,33
415,258,40,33
415,258,40,33
415,258,40,33
415,258,40,33
415,258,40,33
415,258,40,33
415,258,40,33
415,258,40,33
415,258,40,33
415,258,40,33
415,258,40,33
415,258,40,33
415,258,40,33
415,258,40,33
415,258,40,33
415,258,40,33
415,258,40,33
415,258,40,33
415,258,40,33
415,258,40,33
415,258,40,33
415,258,40,33
415,258,40,33
415,258,40,33
415,258,40,33
415,258,40,33
415,258,40,33
415,258,40,33
412,310,41,39
429,303,43,45
441,294,48,52
452,289,50,54
466,281,45,56
482,279,39,50
492,274,35,48
502,264,32,47
504,253,33,47
506,245,34,43
502,236,38,39
497,228,41,38
491,222,47,37
483,216,47,34
473,209,49,36
466,202,50,36
458,198,44,36
451,194,39,35
442,190,35,36
434,192,31,36
426,191,25,39
414,191,23,38
403,190,24,37
394,190,24,34
380,189,30,32
369,185,33,33
359,178,37,35
349,173,40,36
340,166,43,38
335,159,44,38
335,155,41,34
333,146,40,33
333,137,41,32
334,133,41,30
337,128,41,30
339,127,41,29
342,127,37,29
349,126,29,33
359,124,28,37
363,124,34,37
369,122,40,39
373,126,46,39
377,137,51,37
383,144,53,35
391,148,52,41
393,148,52,46
396,152,49,50
395,156,46,49
400,157,41,48
397,169,41,44
396,175,37,39
393,178,34,40
386,177,30,42
380,176,28,43
370,175,24,41
363,176,22,41
350,177,25,43
348,184,21,36
332,187,19,32
324,192,24,30
313,190,24,33
304,190,19,33
295,198,20,34
284,200,23,34
284,200,23,34
272,204,22,31
271,206,16,29
263,207,18,29
258,207,20,31
251,201,21,32
247,199,23,36
240,201,26,32
237,199,27,32
234,198,28,29
233,197,32,30
236,192,32,31
237,188,34,32
240,186,36,32
245,182,38,36
250,182,41,36
256,181,45,37
261,179,44,39
272,181,44,40
282,180,41,44
288,182,46,45
297,183,48,46
308,183,49,48
317,181,49,47
326,180,48,46
338,182,43,43
348,180,43,41
352,175,41,43
358,174,36,46
364,173,33,48
367,173,28,48
370,176,29,47
368,179,27,47
365,185,27,44
359,188,25,42
354,193,24,39
348,199,21,37
338,204,18,36
332,205,18,40
323,211,17,42
312,219,17,42
304,225,16,45
304,225,16,45
289,241,20,42
277,239,23,43
273,235,23,45
270,229,22,44
269,222,19,45
266,217,18,43
265,210,18,43
264,204,18,40
262,192,23,42
262,184,25,44
263,176,26,44
265,169,25,42
268,168,25,43
267,167,25,44
267,170,28,45
269,175,31,47
272,175,31,44
277,175,34,42
280,174,34,42
282,173,34,44
286,175,38,46
292,183,39,47
296,193,40,47
299,198,42,50
307,199,41,51
315,202,37,50
323,204,36,51
329,206,38,51
333,208,40,51
339,210,42,51
347,215,40,49
353,218,40,47
356,220,44,45
363,220,42,46
368,222,42,47
370,223,45,47
372,226,44,49
374,228,45,53
373,225,45,56
370,224,45,52
367,221,46,50
362,218,45,50
356,216,42,47
352,215,40,43
341,215,42,42
334,213,41,44
324,212,41,46
316,210,40,47
306,209,39,54
298,206,36,55
288,206,35,54
281,203,32,52
271,207,32,51
265,207,32,50
258,207,31,49
252,210,31,44
249,209,30,43
248,207,29,44
247,211,25,45
246,215,24,47
245,216,25,47
247,219,31,47
247,221,33,46
253,225,29,44
258,231,29,46
268,232,26,47
274,240,24,43
285,245,24,37
293,246,25,43
310,250,23,44
315,251,28,46
335,257,22,50
335,257,22,50
335,257,22,50
335,257,22,50
335,257,22,50
335,257,22,50
409,255,23,52
421,255,29,52
429,254,29,53
431,253,28,52
435,252,28,53
436,251,29,54
438,252,31,54
441,252,32,57
439,251,35,61
439,253,33,62
434,256,32,58
429,256,34,60
421,259,34,56
413,264,38,54
399,269,39,53
399,269,39,53
374,271,45,54
374,271,45,54
374,271,45,54
319,267,58,55
319,267,58,55
319,267,58,55
319,267,58,55
278,263,50,48
268,262,45,46
258,260,48,45
249,258,42,39
239,257,45,37
233,254,46,36
229,252,47,34
225,249,48,34
223,245,47,36
225,246,46,35
224,244,47,38
227,245,46,37
232,248,46,38
235,250,47,41
243,253,47,39
248,258,47,41
258,263,51,39
274,265,46,41
288,269,48,42
295,269,53,43
295,269,53,43
295,269,53,43
295,269,53,43
295,269,53,43
295,269,53,43
388,270,49,54
405,265,41,54
422,261,34,54
435,259,30,54
441,257,33,51
451,253,32,54
458,250,34,55
461,249,37,55
461,247,39,56
460,246,42,58
459,247,41,57
456,251,37,55
450,253,36,53
441,258,35,51
434,262,33,54
425,264,32,51
425,264,32,51
425,264,32,51
425,264,32,51
425,264,32,51
425,264,32,51
425,264,32,51
425,264,32,51
425,264,32,51
425,264,32,51
425,264,32,51
425,264,32,51
425,264,32,51
425,264,32,51
425,264,32,51
425,264,32,51
425,264,32,51
425,264,32,51
425,264,32,51
425,264,32,51
425,264,32,51
425,264,32,51
425,264,32,51
425,264,32,51
425,264,32,51
425,264,32,51
425,264,32,51
425,264,32,51
425,264,32,51
333,226,24,44
343,230,26,39
358,229,28,39
375,226,31,42
398,221,26,46
412,215,29,47
427,202,35,50
440,190,38,51
452,180,37,49
460,165,43,51
467,154,45,47
468,143,49,46
470,136,50,43
471,133,52,38
474,133,49,38
471,135,47,40
466,134,44,46
459,141,42,46
442,149,45,46
428,158,48,44
411,167,48,44
391,173,49,46
375,178,46,50
363,186,36,49
350,191,27,53
332,208,27,51
316,221,28,46
306,229,24,44
291,227,25,49
291,227,25,49
273,232,24,48
264,230,25,48
255,233,30,42
254,232,28,43
254,231,28,39
252,229,28,40
249,229,28,42
249,228,25,40
250,228,24,41
251,230,23,37
251,231,27,40
253,233,29,44
256,236,27,43
266,237,25,43
274,242,24,40
282,241,25,42
294,245,24,40
308,241,21,47
316,240,27,44
333,241,21,48
351,236,20,39
365,235,21,37
374,235,24,37
389,233,25,38
401,230,28,41
411,228,31,50
421,224,33,54
429,220,35,56
433,216,37,59
436,217,39,54
437,218,40,54
434,221,40,53
433,225,42,55
432,237,42,57
431,249,42,59
426,265,44,62
421,275,42,66
417,290,39,63
399,296,44,58
399,296,44,58
399,296,44,58
399,296,44,58
399,296,44,58
399,296,44,58
399,296,44,58
399,296,44,58
399,296,44,58
399,296,44,58
399,296,44,58
399,296,44,58
399,296,44,58
399,296,44,58
399,296,44,58
399,296,44,58
399,296,44,58
399,296,44,58
399,296,44,58
399,296,44,58
399,296,44,58
399,296,44,58
399,296,44,58
399,296,44,58
399,296,44,58
399,296,44,58
399,296,44,58
399,296,44,58
399,296,44,58
399,296,44,58
303,291,38,55
303,291,38,55
321,298,46,55
339,302,42,54
339,302,42,54
368,300,44,54
381,298,42,57
395,295,37,59
406,286,33,64
413,278,31,61
420,278,30,55
422,268,30,53
423,256,29,56
420,246,32,57
418,238,34,56
415,231,33,54
410,226,33,53
405,224,32,55
399,225,31,51
396,227,27,49
390,229,23,45
382,229,21,44
372,235,23,44
365,235,20,47
355,237,21,42
346,248,20,43
334,255,21,43
334,255,21,43
334,255,21,43
334,255,21,43
334,255,21,43
293,295,25,44
289,288,26,46
288,288,24,49
288,286,22,48
287,279,24,49
287,271,24,50
286,268,26,46
287,259,29,52
287,255,28,52
290,253,32,52
292,251,32,55
294,253,33,55
294,253,36,53
301,258,34,52
305,260,37,55
309,263,36,55
312,264,40,54
313,266,48,56
314,267,52,57
322,268,47,54
330,269,45,55
336,270,45,52
339,271,45,56
344,271,42,55
344,269,46,61
345,270,47,60
346,271,49,62
347,271,47,60
351,274,46,60
349,271,46,65
348,273,43,62
348,273,43,63
348,278,41,57
342,277,41,61
337,277,43,63
331,275,43,69
326,276,43,70
311,276,53,75
310,271,46,81
307,276,43,77
301,271,46,80
296,274,44,77
289,279,44,70
282,280,44,68
275,279,42,62
272,277,41,59
270,276,38,58
266,276,40,56
265,274,34,59
266,271,30,58
269,272,29,57
269,270,27,58
270,270,26,55
274,273,27,54
277,272,31,51
280,271,28,53
288,273,21,50
290,270,21,54
294,267,22,47
300,270,21,46
304,267,21,46
308,267,23,50
310,266,23,50
312,265,26,51
310,265,31,54
310,267,36,54
318,269,31,57
332,276,22,55
335,279,21,54
337,281,23,55
339,282,22,59
338,287,25,61
343,290,23,61
345,292,22,60
346,296,23,58
346,301,24,54
348,304,26,52
347,309,26,48
348,312,24,44
348,306,24,47
346,302,25,53
345,295,26,60
343,290,27,65
339,284,30,70
339,280,31,77
336,272,33,83
336,273,30,80
333,280,30,76
331,278,29,77
330,277,29,81
329,279,27,77
327,279,26,79
325,283,28,73
324,287,27,71
326,286,22,68
325,292,23,64
326,292,22,64
324,291,22,65
324,289,21,66
326,288,19,65
324,279,19,61
327,272,17,60
326,268,17,55
329,260,15,50
329,252,16,46
330,243,16,43
330,235,14,44
331,229,15,46
330,227,15,45
331,227,14,44
331,226,15,45
331,225,15,47
331,227,15,47
329,232,15,46
330,238,16,49
330,244,15,52
331,255,16,51
328,263,18,52
328,272,19,52
328,277,20,58
326,281,21,64
326,287,25,67
325,286,27,69
325,287,29,66
325,288,37,70
325,285,38,68
325,282,43,71
326,272,47,78
329,262,51,87
330,244,57,87
330,229,65,88
331,220,69,93
337,210,71,92
336,206,76,88
338,205,76,86
336,207,81,88
338,213,81,87
337,221,81,86
333,236,84,91
328,248,89,89
319,256,97,92
318,264,103,94
307,265,116,90
305,268,135,90
307,272,132,88
307,269,132,88
306,277,134,81
303,274,133,80
297,269,135,87
290,271,157,92
300,270,146,83
298,266,145,89
301,267,139,89
300,265,136,91
299,260,141,89
299,265,139,91
294,261,143,97
289,262,150,95
298,267,139,93
301,269,132,90
301,264,136,90
301,261,136,94
301,265,136,93
301,266,140,88
301,265,136,91
307,267,131,92
304,267,135,88
308,272,133,85
305,268,137,86
305,270,134,91
308,268,133,86
310,267,131,90
305,271,134,86
305,267,137,87
304,263,135,92
301,255,137,105
301,262,139,95
297,268,144,91
302,258,137,99
319,219,117,134
312,202,123,154
312,196,121,163
313,201,123,161
312,202,124,161
303,212,135,147
307,218,127,137
307,229,127,128
305,239,127,117
310,256,125,100
307,263,132,94
303,265,139,89
307,268,130,85
306,269,134,87
305,269,134,88
303,266,137,90
298,267,141,91
303,267,139,89
302,266,137,89
299,265,141,93
297,263,141,98
300,262,135,95
303,264,131,91
300,264,138,95
306,265,132,90
304,266,137,91
299,267,138,89
306,268,130,91
304,267,133,91
304,265,133,91
305,268,133,92
304,262,135,91
301,272,132,86
304,266,129,93
300,265,135,94
303,264,137,96
305,252,133,106
307,240,129,116
307,237,131,119
309,238,124,116
306,243,125,117
304,262,129,97
306,270,131,85
305,265,132,91
302,266,134,90
303,268,139,89
307,266,129,88
303,266,136,92
301,266,135,93
299,266,139,89
305,264,134,92
302,267,136,90
302,268,132,93
304,266,133,93
302,267,135,90
302,268,137,91
303,264,134,93
300,268,134,90
304,264,129,95
304,264,128,90
300,263,138,94
300,267,134,92
300,264,139,92
299,268,137,91
306,263,128,92
303,265,134,91
299,264,138,93
302,268,129,91
303,266,133,92
306,268,130,88
303,266,135,91
304,265,134,91
301,265,135,92
299,266,139,93
302,267,134,90
303,266,134,93
302,264,136,93
303,263,130,92
303,262,135,93
300,265,135,94
304,265,135,92
306,263,131,93
305,266,133,91
303,269,134,90
299,265,137,92
303,264,135,89
303,265,134,92
304,263,131,92
299,267,138,93
301,264,132,91
299,266,138,92
302,266,137,93
303,264,134,92
302,267,135,91
303,266,133,91
302,269,133,93
306,264,128,92
303,262,134,95
299,269,138,89
304,267,132,91
302,265,135,93
303,266,133,91
304,267,131,92
303,263,132,90
299,264,140,93
299,265,140,90
305,265,131,91
305,269,132,89
303,268,134,89
304,267,131,93
300,266,138,91
304,268,132,89
302,269,135,92
302,266,138,92
298,267,141,93
302,266,134,87
304,264,130,95
303,269,133,88
303,267,134,90
302,265,135,92
301,267,136,92
303,265,136,91
299,266,136,90
297,268,139,92
299,266,139,88
302,267,139,91
300,267,139,92
303,265,135,95
301,268,135,89
303,266,130,88
303,265,133,91
300,265,142,93
300,267,137,90
302,266,134,91
303,263,131,93
303,265,138,91
303,265,135,92
303,266,136,91
302,265,136,90
303,265,135,91
301,264,137,94
306,266,131,88
302,268,134,88
306,266,129,90
304,266,133,89
303,267,134,89
303,265,133,91
300,265,138,93
301,267,139,87
305,265,128,92
303,263,133,92
302,263,137,92
302,264,135,91
300,266,137,90
302,266,136,91
303,265,136,91
299,268,137,91
304,267,132,89
300,267,137,91
305,269,136,86
302,265,137,90
304,266,131,91
304,268,132,88
301,266,137,92
299,266,139,92
300,268,136,90
304,264,131,91
301,268,130,92
304,268,130,90
304,269,134,91
301,264,138,90
298,271,135,87
305,266,132,91
304,266,135,90
302,267,135,90
300,265,139,89
308,261,126,90
305,265,132,91
305,267,132,89
305,266,130,92
303,266,133,92
301,266,135,93
305,267,133,88
301,267,136,91
305,265,130,91
302,266,133,90
303,269,132,89
303,266,135,90
301,267,133,90
302,266,135,91
302,269,133,91
307,266,128,90
304,267,133,91
301,266,132,91
301,267,138,91
306,273,130,85
305,266,132,90
305,266,130,90
304,269,135,89
302,265,136,92
303,266,135,94
302,266,134,90
305,265,133,90
305,268,132,90
305,267,134,89
305,265,132,89
306,264,132,92
305,267,133,90
307,266,132,92
304,266,135,89
299,268,138,92
306,261,128,91
305,267,132,91
306,264,130,92
303,268,136,87
304,270,131,86
304,268,132,88
303,265,137,88
302,265,135,89
307,265,128,91
309,263,130,91
308,267,127,91
307,265,132,92
303,266,136,93
304,263,135,92
308,265,131,90
303,265,135,94
307,264,131,92
306,261,134,94
306,266,131,91
301,265,138,91
304,265,135,91
299,265,139,92
304,266,132,89
305,265,133,89
307,267,129,90
303,265,137,89
301,268,141,87
303,266,139,89
303,266,138,89
305,269,134,85
308,267,132,88
309,267,130,91
310,266,128,89
310,268,129,90
308,268,130,89
310,269,129,91
308,265,127,88
305,270,135,87
305,266,133,91
302,266,138,89
303,270,136,86
309,266,127,91
306,267,130,90
306,267,130,89
305,266,132,91
302,268,138,92
303,265,135,92
303,266,133,89
306,267,132,89
303,266,136,92
304,266,134,91
305,266,135,92
304,267,138,89
302,266,140,92
303,266,134,92
304,265,133,91
308,265,129,91
305,268,132,87
303,266,133,91
303,268,135,91
305,264,135,91
305,267,135,86
304,266,135,89
304,266,132,89
305,266,132,90
300,265,136,92
303,265,136,91
304,265,132,94
302,269,132,87
308,265,126,90
305,269,132,87
306,265,132,92
303,269,136,87
304,267,135,88
305,269,134,86
306,265,130,90
304,265,134,93
303,269,136,87
303,269,134,88
307,268,131,86
306,268,133,88
307,268,134,87
304,267,141,88
307,268,134,87
307,268,132,90
306,270,132,85
309,268,130,84
309,268,130,88
307,266,133,89
308,269,132,87
309,268,127,86
307,269,133,87
304,269,137,88
304,269,136,87
308,270,133,86
306,269,134,88
308,269,131,88
304,269,137,89
306,265,131,92
306,269,134,88
308,266,131,88
307,268,133,87
304,270,136,87
308,264,128,90
307,269,132,86
308,267,131,88
307,266,129,87
305,267,137,89
303,270,137,87
310,269,129,88
307,267,132,88
306,267,131,88
308,264,130,88
307,267,130,90
305,268,135,90
304,264,133,88
308,268,130,89
305,266,137,91
306,265,134,88
302,265,142,87
304,266,136,89
303,267,137,90
301,267,135,91
307,266,131,94
305,266,132,91
307,266,129,88
303,268,135,92
306,264,133,90
305,266,135,90
305,266,132,87
305,267,133,90
305,268,135,89
309,269,130,86
308,266,134,90
307,267,132,90
308,270,132,86
308,268,129,88
309,268,130,85
307,266,133,89
306,265,134,89
305,268,139,87
306,269,136,89
310,268,129,86
309,268,130,87
305,268,134,88
310,270,125,85
307,268,135,89
303,268,139,88
307,270,133,87
309,269,131,84
304,267,136,88
305,267,133,84
311,270,128,88
309,269,129,85
309,269,131,86
306,270,135,86
309,267,130,87
305,268,133,90
306,265,132,89
304,267,136,89
304,267,135,90
302,268,138,91
302,267,141,90
299,266,141,89
302,267,134,88
305,265,134,91
304,267,135,90
299,268,139,91
298,263,140,91
299,266,138,92
302,258,137,96
299,263,141,95
305,267,133,88
306,264,133,92
302,265,135,89
301,267,135,91
304,269,132,92
298,265,137,93
302,264,140,87
301,266,137,90
301,266,137,90
299,268,138,91
304,265,134,89
306,265,129,93
303,267,134,91
305,267,134,91
303,265,134,92
302,264,135,90
298,267,142,90
307,264,133,90
303,266,136,93
297,267,142,90
305,268,129,88
303,265,132,90
302,266,134,90
303,265,136,94
300,270,139,85
304,270,135,89
301,265,137,88
299,267,138,92
306,266,133,90
301,266,136,93
302,270,138,85
303,267,131,88
305,266,135,87
300,269,137,91
305,263,135,92
300,266,138,91
302,266,131,91
301,266,137,90
300,269,133,87
300,265,136,91
303,265,132,91
302,267,134,89
303,265,132,91
306,268,135,90
305,264,136,89
300,268,136,91
305,264,134,92
296,266,143,91
302,269,135,88
304,268,134,90
304,266,132,92
301,265,134,92
301,266,140,91
300,266,137,91
304,269,135,89
304,266,132,90
302,266,138,92
303,266,131,92
305,265,131,88
306,268,130,91
307,265,128,91
308,267,129,92
302,262,134,98
303,268,135,89
303,268,133,91
301,266,135,93
301,268,135,91
302,266,135,88
299,267,136,94
303,260,134,98
299,254,135,101
305,253,132,103
306,254,131,104
303,264,135,90
302,264,132,93
306,268,128,86
303,265,133,94
304,266,135,90
302,267,134,91
304,265,130,92
304,267,134,90
302,266,132,93
305,265,127,91
303,268,136,84
304,270,133,87
303,266,133,89
301,268,130,88
301,264,134,93
304,263,135,93
300,264,138,91
305,263,131,88
301,268,137,90
301,265,134,90
306,268,129,90
305,267,133,91
303,266,132,91
299,266,139,93
304,264,135,88
301,266,138,91
303,266,133,91
304,269,130,89
302,265,134,93
304,267,132,90
300,266,134,91
300,267,137,91
304,264,135,92
302,264,138,95
300,265,140,89
299,263,140,94
302,267,136,92
300,265,137,92
302,264,135,95
302,265,136,93
302,263,136,97
305,262,131,97
303,260,138,96
297,263,140,95
302,263,133,90
300,264,140,91
302,263,135,91
299,261,139,96
300,264,138,93
301,265,137,91
303,263,133,91
301,265,133,89
301,268,135,92
305,267,131,87
304,266,133,93
301,263,134,93
303,263,135,92
300,266,135,88
300,267,135,91
298,255,145,99
303,254,137,101
301,261,136,94
299,262,143,98
304,258,137,99
301,258,137,97
296,256,142,101
292,261,143,96
302,266,135,91
299,264,139,94
298,268,138,90
301,268,135,88
302,267,137,90
301,268,137,89
303,266,137,92
301,266,137,93
305,265,134,92
299,268,139,92
303,267,132,88
299,265,138,91
304,267,131,90
304,266,134,91
304,267,132,90
301,264,136,93
304,265,132,92
304,266,130,91
304,267,133,90
302,271,133,88
301,266,130,95
302,258,136,97
305,260,133,95
303,263,135,96
303,264,135,95
302,265,135,92
302,266,135,92
301,267,135,92
307,263,131,90
305,264,131,92
302,269,133,91
303,265,131,91
303,266,134,89
304,266,132,90
303,266,132,92
302,265,135,92
302,267,134,89
304,268,131,87
304,268,131,90
302,266,134,90
302,266,135,91
303,266,134,92
303,265,136,91
303,265,134,91
304,265,131,91
300,264,137,94
303,265,135,93
305,265,132,91
302,267,136,90
301,265,134,90
304,266,133,91
303,266,134,91
303,265,132,91
301,267,137,88
299,266,140,92
301,266,139,86
306,264,129,93
304,266,134,92
300,265,136,93
304,267,132,92
304,268,135,90
304,265,130,92
302,265,134,90
300,267,137,88
305,265,132,91
303,266,134,91
301,267,136,92
302,264,134,91
298,267,140,90
300,266,140,93
303,268,134,88
301,267,138,92
304,265,132,93
304,259,135,99
304,259,137,99
302,260,137,97
302,261,138,94
301,261,141,96
296,263,144,95
301,258,140,96
301,259,143,97
304,267,138,93
301,260,142,95
305,263,129,90
298,269,138,91
302,265,134,89
301,269,131,89
309,265,123,90
305,265,128,88
305,263,130,94
300,265,138,91
302,266,136,92
297,265,142,92
303,267,135,92
301,266,138,92
302,264,137,89
303,267,133,91
302,267,133,91
301,266,136,88
297,268,143,89
299,268,138,93
303,264,132,90
302,267,136,90
299,268,134,93
303,266,134,90
301,268,136,90
300,265,137,93
302,267,136,89
299,268,136,91
305,265,127,95
302,266,135,93
302,267,133,89
304,266,133,92
304,265,134,91
303,263,133,93
301,267,134,91
300,266,137,90
301,262,136,96
298,269,138,91
306,263,130,90
301,268,133,94
306,265,129,92
303,265,133,92
304,266,133,91
304,265,132,91
302,269,136,87
300,268,138,88
302,266,134,90
303,266,132,91
304,266,132,92
302,264,133,92
300,265,141,90
298,266,138,90
302,264,134,94
303,267,136,91
302,266,134,92
298,264,140,93
299,263,137,93
302,265,135,93
303,268,134,88
301,266,135,90
302,267,133,92
306,268,129,89
303,265,136,92
299,267,139,88
301,265,136,92
301,268,133,88
302,267,130,90
302,265,137,92
301,268,135,92
305,263,132,94
304,267,131,89
301,265,135,91
298,267,136,91
305,264,134,93
304,265,133,87
303,265,134,91
302,266,131,91
303,264,133,94
301,263,134,95
300,265,138,93
303,264,136,95
302,265,134,91
300,268,137,86
299,267,139,90
305,265,130,93
299,266,137,91
303,267,133,90
302,267,135,90
305,268,130,88
306,266,130,89
303,268,132,89
305,266,133,91
305,269,132,89
304,265,133,92
303,264,133,92
302,268,134,90
304,264,131,93
302,265,138,89
296,266,142,90
304,267,131,87
305,268,133,88
303,264,134,90
299,267,138,90
303,267,134,91
299,265,136,92
302,264,136,91
301,267,135,89
303,264,134,94
300,268,134,91
303,268,133,90
306,265,130,91
308,264,129,92
303,267,133,88
304,266,131,92
302,266,134,91
303,264,132,90
305,266,130,90
305,266,132,92
306,263,131,91
299,268,136,92
302,264,140,90
305,265,132,92
299,269,137,88
307,266,131,91
304,264,134,91
300,266,140,90
305,264,132,93
302,264,136,93
302,265,135,92
304,266,133,90
306,266,133,91
301,269,138,88
302,264,135,93
304,265,132,90
301,265,137,92
298,266,138,91
301,264,137,92
304,265,134,92
305,268,129,88
303,265,132,91
302,265,134,93
308,265,130,93
306,268,131,88
303,265,139,93
305,267,131,91
301,267,137,90
303,268,131,91
304,266,133,92
302,266,135,91
305,265,131,92
302,266,137,93
298,266,140,91
307,269,131,89
305,265,135,94
304,266,135,92
302,267,138,92
300,266,138,91
302,265,135,91
302,265,133,93
304,265,133,95
305,263,131,92
305,266,132,91
304,265,132,92
303,264,131,93
305,267,131,91
302,266,135,91
306,266,128,91
305,266,133,92
303,264,135,92
302,266,132,91
304,266,130,91
301,267,137,90
303,265,134,92
306,268,129,88
305,264,132,92
302,265,135,92
302,267,135,87
300,267,137,91
300,267,140,92
302,267,133,92
303,265,132,93
306,267,132,88
303,264,134,92
301,265,137,90
301,265,135,93
305,265,131,90
305,268,134,90
305,265,133,94
302,267,136,92
305,266,132,88
304,266,134,91
305,264,132,92
298,268,137,89
307,266,130,92
304,268,133,90
304,265,135,91
300,265,139,91
301,263,135,94
304,268,133,90
302,268,138,92
306,265,130,94
308,268,128,90
301,265,137,95
300,266,136,90
304,266,133,92
303,266,135,92
299,266,138,92
300,269,135,89
302,268,135,91
303,266,133,88
301,268,134,93
302,266,136,91
300,266,137,91
302,266,137,91
300,267,138,92
300,266,137,88
301,270,133,89
302,264,135,91
298,266,142,92
308,265,132,91
304,265,134,91
302,265,137,91
300,267,137,91
299,268,140,92
305,262,132,92
301,266,136,94
302,267,136,93
302,266,133,89
301,265,138,92
302,265,132,92
301,267,136,91
306,269,130,89
303,266,133,90
304,267,130,90
302,267,137,92
304,265,134,89
305,266,131,90
300,264,139,94
308,264,131,89
307,267,130,91
306,267,130,92
304,267,132,91
300,266,138,91
305,268,132,89
303,268,135,88
299,269,141,86
304,267,133,92
304,265,133,92
303,265,134,92
302,265,134,91
300,268,134,89
302,267,133,91
302,268,133,87
304,266,132,91
305,264,132,92
305,268,131,91
302,265,137,92
301,263,133,99
307,262,132,91
303,265,133,96
305,265,130,91
304,265,133,93
305,266,134,92
304,267,133,92
299,268,137,89
301,269,138,87
303,267,134,89
301,267,136,88
299,269,140,89
303,265,133,90
302,263,135,91
301,266,136,89
303,267,135,91
301,266,136,92
304,264,134,91
304,266,132,90
305,266,130,89
305,267,131,92
306,266,131,90
303,267,134,91
305,266,130,93
299,268,136,89
306,263,134,92
304,266,135,91
303,265,137,93
303,267,134,91
302,267,135,90
301,269,136,89
301,265,136,91
304,267,130,91
306,267,129,92
302,264,136,91
305,268,133,90
301,262,134,94
303,264,129,89
300,262,135,89
304,266,137,92
301,266,138,93
301,269,140,88
301,266,137,91
302,266,137,91
301,267,136,90
305,266,133,92
304,266,135,90
303,265,135,93
299,267,139,92
307,267,128,88
305,266,133,90
302,266,135,89
303,264,133,93
301,262,137,93
299,267,140,89
302,266,135,90
300,267,137,88
302,268,134,91
305,267,134,89
301,265,136,91
299,265,141,91
297,264,140,93
304,265,133,93
304,268,131,91
304,265,131,92
299,264,137,93
302,267,133,88
301,264,136,92
301,268,131,93
304,266,130,93
302,266,132,90
301,268,135,90
304,265,135,92
302,268,134,90
300,265,136,89
302,269,132,88
303,266,130,90
301,266,138,89
300,268,137,91
307,264,131,92
303,265,134,90
302,265,134,93
300,266,141,90
302,267,133,90
302,267,134,89
304,266,134,91
302,267,135,90
301,267,133,87
300,269,139,89
302,266,136,91
302,264,135,92
303,268,133,88
301,267,135,91
304,265,132,92
300,266,137,93
302,267,132,93
303,267,132,88
301,264,136,93
301,267,134,89
304,265,133,92
302,266,136,92
300,266,132,89
304,268,134,92
301,269,139,90
301,267,135,88
299,265,142,89
299,266,138,91
303,267,132,91
302,264,134,91
302,264,135,92
301,264,138,89
298,266,136,93
302,265,134,91
304,266,134,91
304,270,131,86
306,266,128,91
302,267,135,88
304,262,131,94
303,263,133,94
302,265,131,91
302,265,133,92
303,264,133,89
299,264,137,96
302,268,134,91
301,264,135,95
300,265,136,94
308,264,129,89
304,266,131,90
306,268,130,87
305,267,128,92
305,266,131,90
305,266,133,91
305,267,132,90
304,267,133,89
299,267,138,91
306,265,133,88
306,269,131,90
303,266,133,92
303,266,134,88
302,265,137,92
304,266,131,90
301,264,138,94
302,265,134,92
303,265,132,93
305,265,125,90
303,266,134,92
306,266,131,91
302,266,137,93
304,257,135,100
302,264,137,94
301,262,138,92
303,258,136,97
301,253,138,104
304,254,135,104
307,245,136,110
300,252,144,103
302,262,134,93
298,262,137,93
305,266,131,92
304,264,133,90
303,269,132,85
299,264,138,92
300,268,137,92
303,265,136,93
302,266,135,92
299,267,137,90
300,267,137,92
306,268,133,88
305,264,133,93
299,266,138,92
302,270,136,85
303,268,135,89
301,265,137,92
304,267,132,89
306,266,128,91
304,266,133,91
304,266,132,89
304,265,132,92
304,269,134,87
301,268,135,90
305,268,133,91
299,264,140,92
302,265,135,91
303,267,136,87
304,266,133,91
304,268,133,91
302,266,136,93
301,266,135,91
301,268,135,90
307,267,129,89
304,266,135,90
307,262,128,98
306,266,129,92
305,264,131,91
305,261,134,96
301,260,140,96
298,256,142,100
304,257,139,95
300,257,139,101
302,260,139,97
300,261,139,97
302,264,134,96
307,266,128,93
300,268,132,94
302,265,131,88
303,267,135,90
304,267,131,91
303,264,132,91
301,268,132,92
302,267,135,89
300,266,138,92
305,265,134,91
301,264,138,94
301,263,134,90
298,267,139,92
305,264,133,90
299,269,135,92
303,267,134,88
306,267,129,90
304,267,131,89
302,265,135,92
303,265,135,89
302,267,136,92
306,267,132,87
304,264,131,92
301,265,135,91
300,266,137,92
301,266,135,92
300,268,136,89
302,267,134,90
307,263,127,90
301,267,138,90
304,266,131,92
302,267,134,90
302,266,138,90
301,268,134,87
302,265,137,91
301,267,133,88
303,266,133,91
305,268,132,90
303,269,134,87
307,267,130,90
305,265,133,93
304,267,132,91
301,267,136,90
301,266,134,92
304,268,130,89
305,267,129,90
301,264,136,90
300,265,137,91
302,265,135,91
298,265,136,91
300,263,136,91
301,267,133,88
303,268,130,88
302,264,136,92
299,267,140,90
305,265,131,92
299,268,135,91
304,264,134,94
300,265,137,92
301,267,140,92
302,265,137,92
302,269,135,88
300,264,134,93
303,266,133,88
300,269,137,89
306,267,133,91
304,266,135,91
304,268,133,90
302,266,136,92
305,266,131,91
303,268,136,92
302,268,133,87
304,265,135,91
301,268,135,89
303,266,132,88
305,267,133,88
303,267,137,90
307,265,127,91
298,261,139,94
289,265,150,87
294,265,143,92
296,268,144,91
300,268,136,89
302,266,138,88
304,266,133,90
305,266,131,91
303,265,133,89
302,264,139,93
302,261,149,89
303,267,163,88
300,268,152,90
300,267,143,91
304,265,129,91
304,267,130,90
302,268,133,89
301,268,135,88
306,267,125,89
306,268,132,88
304,266,132,92
302,266,133,92
303,267,132,90
302,267,135,89
300,266,135,89
303,269,134,87
299,266,137,89
305,265,131,89
303,265,134,88
302,265,130,92
304,270,132,88
301,266,134,90
305,269,130,87
302,269,134,86
304,267,134,93
304,264,130,92
303,264,131,89
300,265,141,95
303,262,141,91
301,266,139,93
307,266,130,89
308,262,130,93
303,263,137,93
301,266,139,89
301,264,139,94
304,266,135,92
300,265,136,90
303,264,135,88
296,266,142,90
305,262,136,94
302,264,138,90
302,263,139,88
299,267,145,90
305,258,130,94
301,266,136,87
298,264,140,94
301,261,138,98
303,257,134,99
300,259,136,101
297,263,139,99
301,258,134,97
303,259,127,99
300,258,142,102
301,260,141,96
300,262,141,92
299,258,144,95
302,263,136,97
301,260,139,99
305,262,135,94
300,263,141,97
303,267,135,88
304,262,136,96
298,268,140,92
301,267,132,91
303,270,127,91
297,265,133,93
301,266,138,90
300,266,142,92
298,267,139,89
298,269,143,90
300,265,131,93
304,265,132,93
303,261,129,96
304,260,133,99
301,269,138,87
302,267,136,91
306,261,127,96
