296,171,34,60
295,167,33,66
294,165,33,67
294,167,33,65
294,167,33,66
294,166,33,66
295,166,33,66
294,166,34,67
294,166,34,66
294,167,33,66
294,166,33,66
295,166,32,66
295,166,34,67
295,166,32,67
294,167,33,65
294,167,33,66
295,166,33,66
295,166,33,66
295,167,32,66
295,166,31,66
294,166,33,66
295,167,32,66
294,167,34,66
294,166,34,67
293,166,33,66
294,166,33,67
293,167,34,65
294,166,33,66
294,167,33,66
295,167,32,66
295,165,31,67
294,167,32,64
295,167,32,67
294,169,33,63
295,167,32,65
294,168,33,64
293,166,34,65
296,167,32,66
296,168,32,66
296,166,31,66
296,161,29,71
298,165,27,67
297,167,28,65
298,165,29,67
297,164,32,68
297,167,33,65
294,166,34,65
296,168,30,63
295,170,32,62
293,170,35,61
296,170,34,59
295,170,36,62
292,171,39,62
293,173,39,59
294,172,37,61
294,170,38,64
293,169,36,65
295,171,36,64
293,169,45,68
295,142,53,97
293,96,62,126
289,105,57,117
285,112,58,110
277,113,61,114
274,116,56,115
267,119,56,116
260,123,62,113
252,126,61,114
245,132,66,109
247,158,58,83
235,173,58,71
234,164,47,75
227,140,46,100
222,140,47,101
216,143,43,96
209,134,44,104
206,143,41,96
295,170,34,61
294,168,36,63
376,219,73,44
292,170,36,61
210,177,37,59
292,163,35,68
294,162,34,71
294,159,34,73
293,154,35,78
294,158,36,74
295,156,35,76
293,153,37,80
292,160,42,78
294,155,51,80
294,155,52,80
293,165,49,68
294,161,49,71
293,168,47,65
291,166,48,69
291,167,48,68
293,168,44,67
291,171,44,63
293,169,39,65
291,173,44,58
295,162,46,62
300,156,45,63
301,151,47,64
307,149,50,64
322,143,55,67
328,142,53,64
352,138,40,60
364,137,33,58
366,131,37,58
375,130,44,53
382,115,43,65
389,108,46,64
391,103,49,65
393,102,49,64
401,99,45,62
407,104,40,60
406,113,41,48
407,94,41,68
402,92,44,69
395,91,47,69
388,93,49,70
383,111,50,56
375,121,42,48
369,111,34,64
358,111,41,67
341,121,48,63
333,122,58,64
316,131,51,68
297,128,53,70
296,132,46,74
294,139,42,72
288,146,42,70
285,150,38,69
283,156,35,65
280,159,34,62
279,160,36,62
278,163,34,61
276,166,34,57
275,167,38,56
273,178,35,46
271,168,40,61
271,177,37,52
269,173,34,55
268,175,33,53
265,172,33,57
263,173,35,57
263,172,33,56
260,171,40,61
259,172,39,57
258,175,37,56
259,173,42,58
257,169,51,61
252,168,51,63
214,179,34,60
213,173,34,66
212,178,35,61
212,169,37,69
211,172,44,66
245,162,46,70
242,163,49,72
240,166,52,67
248,164,42,67
243,165,48,69
249,165,40,66
246,164,46,70
241,165,51,70
232,164,59,72
225,165,61,73
229,150,58,88
231,128,57,110
237,125,54,111
245,122,52,114
254,122,66,112
266,127,60,110
276,128,57,108
285,127,59,118
287,132,58,111
291,132,63,110
293,135,67,109
302,136,64,108
307,136,56,104
316,140,55,102
314,139,54,98
320,142,56,96
323,141,50,94
323,141,50,92
322,138,51,96
319,145,54,84
321,139,52,89
319,143,53,86
317,139,51,89
316,139,47,86
316,139,45,85
314,136,47,89
311,138,47,84
309,137,50,88
310,148,45,77
305,141,50,81
308,142,48,86
304,138,52,88
305,143,49,82
305,138,51,88
301,137,56,91
287,132,70,114
291,138,71,108
288,140,75,109
294,142,67,102
305,137,58,102
292,138,71,107
283,159,55,94
285,147,69,107
281,164,57,90
282,169,60,84
280,164,70,89
282,145,81,105
283,155,61,95
281,151,65,104
284,142,53,112
281,134,68,122
284,131,59,125
284,123,61,133
283,122,56,134
280,122,57,134
279,118,58,139
282,114,55,139
282,97,57,159
282,94,58,165
277,89,67,165
281,83,55,164
279,75,53,196
279,77,54,178
279,76,54,191
275,78,61,183
272,82,70,178
270,79,74,172
269,83,80,166
268,85,81,163
271,92,81,156
271,97,88,128
272,102,88,124
273,103,87,123
274,103,86,121
274,104,87,115
276,107,74,123
276,148,52,106
280,143,50,114
282,145,49,112
297,100,91,139
278,129,56,125
294,97,96,63
289,106,99,142
270,117,70,138
276,125,70,123
302,74,107,60
302,70,107,139
275,108,90,145
277,95,103,171
262,102,94,156
267,25,129,229
271,54,86,190
274,118,73,139
305,4,93,117
304,0,82,126
277,118,65,145
272,103,73,161
282,26,71,204
276,41,71,228
248,22,100,259
262,65,70,123
257,53,70,134
244,57,79,150
228,76,83,139
221,86,77,157
218,100,73,154
214,108,69,165
210,117,70,165
206,123,70,167
206,129,64,168
203,139,59,136
202,139,64,146
197,150,61,106
199,148,58,117
199,150,58,104
197,152,59,120
196,155,60,124
374,220,94,44
374,219,117,45
377,218,115,47
380,218,111,48
383,217,109,48
326,214,68,114
201,158,70,125
205,158,60,140
211,156,68,181
219,159,60,104
217,153,76,191
215,150,74,173
221,157,73,154
223,152,70,182
226,151,71,180
229,150,69,159
225,153,71,188
230,151,73,189
225,154,69,116
241,150,67,199
223,149,79,135
230,148,77,167
224,141,81,185
369,221,91,134
229,146,87,178
382,222,65,132
247,145,77,177
263,148,65,119
263,153,62,155
273,151,62,149
280,153,67,138
290,152,67,118
296,150,69,126
301,149,70,119
310,150,65,116
321,148,64,110
332,149,61,109
340,141,60,114
352,141,67,134
357,137,83,204
364,138,85,215
362,136,86,218
372,138,80,218
376,141,81,216
378,135,87,218
371,131,97,225
374,131,89,224
374,131,100,220
373,136,98,218
357,134,121,221
349,131,129,225
366,135,112,216
355,132,123,225
378,136,98,215
394,139,85,206
399,137,79,202
404,137,75,201
382,139,89,212
406,138,71,190
385,171,54,180
388,188,50,135
392,200,70,81
416,168,66,105
414,156,58,142
414,147,71,147
412,145,73,153
404,146,77,158
404,148,64,153
410,148,67,150
409,146,75,135
411,146,74,136
415,148,69,149
409,149,76,127
420,147,68,148
412,144,74,151
410,145,56,157
428,144,66,165
423,147,38,120
419,141,70,135
426,144,42,149
423,148,53,105
430,174,86,131
431,144,73,172
426,146,69,166
426,145,58,166
421,148,68,176
407,145,67,166
410,151,66,178
398,150,67,147
381,152,68,169
370,147,72,159
350,144,76,173
340,142,79,177
332,136,77,187
325,137,65,172
322,131,62,146
318,135,64,157
310,139,69,186
300,139,75,137
293,137,72,152
282,140,85,174
283,144,78,146
284,146,62,125
376,219,117,49
285,149,67,175
290,143,68,151
287,144,74,161
290,144,72,141
286,143,78,157
286,149,81,99
285,146,75,157
293,147,67,92
285,148,70,176
284,148,69,103
288,147,62,173
287,145,67,139
287,144,65,179
287,144,67,111
288,145,64,182
289,146,64,130
285,150,66,95
429,192,59,55
436,193,58,106
285,150,62,105
285,150,61,98
275,146,77,151
276,141,80,124
285,145,63,123
285,151,59,96
282,147,67,173
289,145,64,146
287,146,66,93
276,149,68,181
270,135,66,191
255,147,66,182
263,141,60,176
241,143,71,174
238,141,71,180
224,141,76,159
208,153,65,133
196,150,72,167
175,146,74,162
164,153,71,127
148,146,73,182
144,148,66,174
140,146,69,172
140,147,67,164
141,145,67,167
145,145,68,165
152,142,68,163
153,140,72,164
162,137,67,158
162,138,74,160
176,146,57,141
189,140,51,145
193,138,51,146
199,139,53,142
208,138,49,135
211,134,54,135
215,138,53,127
222,138,53,121
221,139,59,119
228,132,54,126
234,131,49,123
234,136,53,109
236,142,55,102
232,143,59,99
228,139,63,99
240,136,55,100
244,137,52,96
236,135,61,97
239,138,54,93
242,136,51,93
232,136,61,93
235,135,54,93
222,135,71,91
240,139,46,88
242,135,50,92
240,135,53,95
240,134,52,95
239,134,55,97
237,135,52,92
242,134,50,97
240,133,53,98
242,136,48,91
240,136,52,94
238,133,55,97
238,137,50,90
245,138,44,90
244,136,45,92
242,136,48,93
246,135,46,94
245,136,49,92
244,137,50,93
243,135,49,94
244,136,50,93
241,136,53,94
239,134,56,96
228,135,62,91
230,160,57,67
247,134,42,91
243,134,46,94
230,135,62,90
231,142,60,85
234,138,57,89
233,154,58,72
243,139,46,85
233,139,61,89
231,137,58,89
229,140,62,88
230,153,58,76
232,136,57,88
227,145,63,82
232,145,54,83
242,135,46,86
248,140,44,85
247,147,44,74
249,152,41,77
249,141,40,83
250,158,39,67
248,165,40,61
249,165,42,58
249,144,35,82
248,142,46,83
241,143,57,81
233,128,74,94
236,158,76,69
240,133,58,95
376,221,105,44
298,145,54,79
243,150,49,77
246,148,46,78
244,162,46,64
253,148,36,76
249,134,39,93
247,153,44,74
248,140,41,87
244,138,50,91
242,159,68,68
243,163,71,61
246,141,63,87
375,220,115,45
376,219,120,46
376,218,120,50
250,169,50,63
246,138,51,92
375,219,93,43
277,57,48,65
286,54,41,58
255,165,42,59
254,175,41,49
252,146,49,80
252,135,56,91
261,134,52,92
278,129,44,80
276,129,57,90
283,124,58,93
287,124,56,90
291,123,58,93
290,120,61,91
295,114,64,95
303,107,70,101
306,105,75,94
324,99,64,98
343,91,51,91
352,85,48,85
359,75,47,83
365,67,44,87
371,70,39,76
376,72,37,69
379,59,37,77
383,37,36,100
383,47,39,79
383,54,42,79
384,55,39,73
383,56,40,79
383,58,39,67
385,61,37,60
386,58,36,68
385,58,40,71
384,59,42,76
384,61,44,78
383,69,46,83
385,64,49,100
389,69,48,82
387,73,52,84
390,77,51,80
393,76,50,82
400,75,45,75
404,79,42,73
408,75,40,74
411,74,38,74
411,73,38,74
412,72,38,71
413,67,38,75
415,70,37,75
417,68,36,71
417,64,39,71
419,63,38,75
419,64,39,76
420,62,39,91
421,64,40,80
421,63,40,76
421,68,39,83
420,66,41,72
422,67,38,78
423,68,38,82
423,65,37,74
424,64,36,76
424,62,36,75
423,68,36,63
422,53,35,73
420,48,35,76
417,60,36,60
412,49,39,69
407,46,40,70
406,40,39,71
398,27,41,83
391,24,40,84
381,19,45,89
372,18,46,95
364,21,47,96
351,25,54,101
342,32,55,104
334,39,56,105
327,50,56,98
316,57,59,103
310,70,60,97
305,79,61,98
299,87,60,102
297,95,57,100
295,105,53,96
297,113,51,90
296,118,50,89
290,120,56,92
290,124,56,88
289,123,58,90
292,124,53,91
287,128,59,90
288,124,57,95
286,124,62,100
286,126,64,98
295,130,54,93
297,131,53,91
290,132,57,98
288,135,61,99
292,136,55,98
292,138,56,96
289,138,59,94
295,139,52,95
295,136,53,100
295,138,54,94
297,137,53,97
300,138,50,97
298,136,55,102
297,136,58,98
304,136,52,97
297,140,58,93
313,151,41,82
249,166,42,79
249,161,43,84
251,144,43,100
251,132,48,108
249,147,43,95
246,169,49,73
246,158,48,82
249,173,39,67
250,176,38,70
250,174,39,70
252,174,37,68
253,176,36,66
252,174,37,68
254,174,37,69
255,173,37,69
256,173,35,67
254,177,37,66
254,175,35,66
257,172,35,70
254,175,36,64
254,179,35,64
254,173,36,70
254,171,39,69
254,170,39,69
255,169,37,68
256,169,39,67
255,168,39,69
254,173,39,70
255,175,38,65
254,174,38,67
255,169,38,74
254,166,41,76
250,155,47,86
249,170,51,72
252,175,46,68
256,173,40,68
255,175,38,69
257,173,37,70
256,177,37,68
255,175,37,67
255,172,37,71
255,164,41,79
253,166,49,76
251,169,48,72
249,165,48,79
249,162,68,79
250,146,63,97
248,143,70,102
259,131,88,110
252,150,81,95
250,143,89,98
251,146,76,97
261,147,83,95
252,162,71,81
250,165,59,80
247,175,47,67
250,176,40,67
251,175,40,67
255,178,36,67
253,175,37,68
254,178,35,67
254,179,34,64
256,178,34,67
256,179,32,65
256,179,34,67
255,179,34,66
254,179,36,65
253,179,38,64
254,179,38,66
253,179,38,65
254,178,37,65
255,178,36,65
255,178,36,67
255,179,36,65
254,179,37,65
253,179,39,66
254,178,38,67
252,179,39,64
253,178,38,68
254,180,36,64
254,179,36,65
254,180,37,65
257,181,34,63
257,183,33,62
255,181,34,65
257,183,33,62
253,182,36,63
256,181,32,64
256,178,32,68
256,180,33,66
258,178,33,67
258,179,32,65
257,180,32,65
255,179,35,66
256,181,33,64
254,180,35,65
255,179,34,65
252,180,38,65
255,178,37,68
255,179,35,65
255,179,36,65
253,177,37,66
253,176,38,67
252,177,38,67
252,177,38,66
257,174,35,70
257,174,33,71
256,161,41,85
250,147,48,104
250,143,54,108
253,168,47,86
248,105,44,150
240,98,48,105
237,94,45,106
225,98,54,101
217,96,61,103
374,219,99,44
276,169,50,65
286,162,55,58
203,92,46,98
198,89,49,99
195,89,50,96
193,87,51,97
189,85,51,97
186,81,50,99
184,80,50,101
182,80,51,100
180,79,49,101
178,78,51,100
176,79,50,99
175,81,51,98
173,81,51,97
174,84,50,97
173,86,50,93
174,85,48,92
175,87,48,93
175,88,49,92
178,89,48,91
180,90,50,93
180,90,50,92
182,91,52,91
181,91,53,92
185,92,52,93
186,93,54,92
196,94,49,93
203,97,44,92
205,99,44,89
209,99,44,93
213,100,44,94
213,98,50,97
214,103,53,94
215,101,56,99
215,102,60,99
219,103,58,98
218,107,63,95
217,109,70,95
221,112,66,88
215,111,74,93
216,113,78,90
216,114,77,89
215,117,72,86
208,129,65,77
212,117,82,81
211,121,82,84
208,123,89,83
210,124,85,76
201,125,81,82
205,125,93,69
201,126,81,72
203,123,87,66
200,126,86,67
203,125,90,61
193,126,91,70
204,123,104,65
192,127,99,69
216,126,110,79
197,123,100,63
239,130,94,78
226,129,104,78
253,128,79,73
248,133,81,75
235,132,93,72
276,138,54,72
191,114,105,70
247,131,83,75
262,132,67,82
273,136,52,72
376,220,99,43
371,218,129,49
268,132,52,83
195,109,117,80
260,129,67,87
375,218,124,49
372,218,126,50
266,134,51,79
375,221,98,43
372,218,125,49
373,218,126,51
264,129,52,85
239,126,85,92
266,134,66,83
374,219,124,48
271,136,52,80
220,130,98,89
262,130,59,83
256,124,63,93
273,138,55,75
234,136,86,84
263,128,61,79
251,119,64,99
266,131,61,86
268,131,46,81
214,120,100,104
266,129,62,79
194,108,117,73
261,131,68,84
263,132,58,77
249,131,79,84
280,135,55,72
230,127,99,92
275,132,60,72
216,119,110,97
286,132,55,85
219,110,108,77
290,134,48,77
241,122,84,101
294,130,49,83
256,123,81,97
288,120,51,88
294,132,63,82
293,127,58,85
374,218,120,48
314,141,45,67
237,96,98,117
264,113,83,100
377,219,119,46
322,143,48,64
270,103,67,43
279,105,59,37
280,105,63,39
281,105,61,40
283,103,65,42
285,105,66,42
286,105,69,41
290,105,69,40
294,103,69,40
298,102,67,42
299,102,66,43
300,104,62,42
298,101,75,44
313,100,57,46
301,101,69,43
302,98,84,49
313,96,62,50
309,98,78,50
301,98,73,50
307,98,75,49
308,98,64,46
305,100,76,47
307,98,67,48
308,96,75,53
308,94,78,55
309,94,68,57
307,97,72,51
302,98,76,52
303,95,81,58
304,94,67,54
301,98,81,53
299,94,85,59
298,99,71,48
293,95,96,58
378,219,119,47
294,89,85,58
289,94,77,53
286,93,88,54
283,91,79,57
280,89,79,54
253,84,103,66
268,87,83,61
259,92,106,55
379,217,115,49
381,218,115,49
376,216,123,53
314,146,52,70
314,141,41,72
308,128,42,85
187,91,116,69
290,120,53,97
289,121,51,91
284,122,52,92
277,122,59,91
270,120,51,91
266,113,49,97
260,114,50,94
252,110,49,99
246,115,50,88
240,125,46,80
234,116,44,85
223,85,50,116
220,90,50,108
214,89,54,104
194,65,66,134
202,96,67,89
159,62,96,120
195,81,61,98
121,54,118,107
165,70,97,98
109,57,100,96
106,52,101,100
377,222,114,46
376,218,118,48
377,218,121,50
375,218,122,51
376,218,122,50
375,218,121,51
376,219,121,49
375,217,122,52
375,219,122,50
375,218,122,50
375,218,123,50
375,218,122,48
376,217,123,52
374,218,124,50
376,219,123,49
375,218,123,49
375,218,122,50
375,218,122,50
374,218,122,50
374,217,125,51
373,219,126,49
370,217,122,53
373,217,120,52
368,214,114,55
373,215,99,53
375,218,121,47
372,216,127,53
372,217,117,52
371,215,128,55
371,217,128,51
376,218,120,49
373,216,124,53
376,216,122,52
378,218,118,48
378,216,119,51
376,218,120,51
373,217,121,51
372,216,125,54
380,203,122,76
374,214,112,58
382,213,120,58
378,214,123,58
246,135,51,113
245,127,53,123
244,130,54,121
244,131,53,122
245,133,53,120
241,134,57,120
241,134,56,120
377,215,79,54
373,218,122,49
376,215,117,54
379,218,115,51
376,216,117,51
375,216,121,53
380,219,114,49
377,219,119,47
377,218,119,48
377,218,119,49
376,217,122,51
375,219,120,47
374,218,122,48
376,217,120,51
378,218,118,49
377,218,119,51
382,218,116,50
379,218,118,51
387,216,115,56
385,220,112,49
382,219,112,48
385,220,116,48
386,220,114,49
390,219,110,51
388,219,111,50
390,219,109,50
387,220,113,48
395,216,103,55
388,217,114,53
419,209,83,63
412,206,89,72
423,201,82,79
423,211,78,63
420,206,76,80
422,197,77,78
421,198,74,72
405,201,75,63
421,214,79,55
412,215,85,51
409,218,86,46
409,221,84,42
409,219,86,44
405,219,84,44
405,220,88,43
404,219,88,43
402,219,92,43
404,219,89,44
401,218,94,46
397,219,100,47
394,218,105,50
393,218,102,48
389,218,108,48
388,218,107,49
386,219,111,47
387,218,110,48
388,219,107,47
389,218,107,50
389,219,106,48
390,220,106,45
386,221,109,46
390,219,106,47
388,219,108,47
389,220,106,46
387,220,110,47
389,220,106,46
389,220,108,47
389,220,106,46
386,219,109,47
388,222,108,44
383,220,114,46
380,219,116,47
378,218,118,49
376,217,121,51
380,215,103,53
378,218,116,49
377,217,119,50
376,216,121,52
381,216,100,53
376,215,108,51
378,216,108,51
378,215,109,51
381,213,100,55
378,215,110,52
380,215,114,53
393,212,83,57
396,214,90,53
409,204,88,78
345,151,70,176
353,146,73,182
363,152,71,173
374,148,71,174
382,148,80,173
384,145,82,170
398,147,79,174
406,147,76,170
412,146,75,162
423,143,62,162
429,146,59,154
427,143,66,158
427,144,66,158
427,144,67,154
431,140,68,156
428,143,66,142
426,150,70,106
422,142,74,139
428,154,66,133
427,143,69,142
429,145,63,144
425,164,84,108
429,140,74,120
424,131,81,95
426,145,69,143
419,139,91,132
420,135,102,150
433,134,67,97
430,141,81,111
432,137,73,70
429,143,77,28
427,142,68,28
424,143,72,30
427,139,72,32
426,142,65,29
424,142,60,31
429,138,67,40
429,137,55,43
428,138,66,40
435,146,68,24
430,126,69,135
429,141,69,122
434,137,61,50
432,142,68,138
436,139,65,139
438,138,60,137
433,137,69,143
427,132,82,141
414,120,91,146
414,106,91,156
431,95,70,143
428,83,63,140
419,75,66,140
416,68,65,125
412,61,61,118
412,75,54,100
399,54,64,117
403,49,51,117
399,52,55,118
399,57,50,116
394,54,53,115
390,58,53,116
389,63,48,112
383,68,50,109
382,76,45,110
379,81,45,111
375,91,43,103
375,96,41,101
371,108,45,94
371,113,41,93
369,120,43,91
369,123,43,93
369,125,44,100
368,132,45,86
372,133,43,81
373,135,38,96
375,138,41,95
373,131,43,110
373,136,47,102
372,135,49,102
371,136,53,92
374,135,45,91
376,135,42,102
374,134,44,106
374,134,43,111
371,139,49,104
373,133,48,100
375,135,44,102
375,136,44,112
371,141,55,91
372,139,53,86
375,135,43,105
376,137,43,106
374,135,44,101
374,137,46,109
374,132,51,108
372,136,56,93
375,134,46,98
375,135,43,111
374,136,49,105
374,136,47,107
375,133,47,98
376,135,43,105
375,136,43,108
373,138,49,110
372,135,56,103
372,134,55,100
372,136,54,94
374,135,47,99
375,136,45,101
375,137,45,103
376,135,43,108
375,137,48,111
372,137,53,101
373,139,51,96
372,140,56,94
375,135,46,100
375,135,43,106
373,135,51,115
372,135,54,99
372,137,53,90
375,134,44,96
375,138,42,105
374,138,51,118
371,135,54,106
372,134,55,100
371,140,53,81
376,137,42,102
375,135,43,119
373,136,52,107
371,140,56,94
376,136,43,96
374,135,44,112
372,135,53,98
372,134,52,87
375,134,43,99
374,136,44,110
372,135,51,98
372,141,53,82
375,136,42,104
374,136,43,110
373,135,47,110
373,138,47,84
376,140,41,93
374,135,42,110
373,136,42,101
374,135,44,116
371,136,50,85
375,138,40,95
375,138,40,104
373,134,44,121
369,138,56,89
371,135,49,89
373,138,40,98
374,134,42,114
370,135,48,104
368,136,50,93
370,136,40,101
372,133,42,119
368,134,47,101
367,135,45,95
368,138,44,98
367,136,47,106
365,133,46,103
364,132,41,100
367,135,40,98
366,134,40,105
365,135,45,109
361,131,50,114
362,137,52,97
362,131,43,109
364,133,40,101
360,133,43,108
363,133,39,106
362,134,40,110
361,136,40,103
360,129,42,114
363,130,43,121
359,132,44,104
363,134,38,105
360,130,42,114
363,130,44,120
356,132,48,103
363,131,39,105
362,134,39,104
361,132,39,112
362,133,40,107
358,130,42,113
360,130,48,114
358,131,44,98
365,134,35,107
360,132,40,108
363,134,40,107
360,133,40,108
362,133,39,112
363,132,40,110
361,136,41,106
361,132,40,110
366,135,35,102
360,132,41,109
366,136,37,103
359,132,43,109
365,134,42,114
359,131,51,112
359,137,52,90
365,136,38,102
362,131,40,112
366,137,37,103
359,131,44,114
361,136,47,99
360,136,44,98
363,137,39,104
361,132,42,118
358,138,52,99
351,138,56,105
357,139,55,95
351,140,57,86
362,136,47,104
354,137,58,103
353,139,59,99
352,139,63,104
344,136,62,89
354,137,55,90
356,140,55,100
352,138,59,101
354,139,59,98
348,136,60,91
353,135,59,109
341,133,61,91
350,133,56,100
349,136,63,95
349,136,60,92
349,137,60,85
355,136,53,90
352,138,57,96
351,137,54,85
352,133,53,92
351,139,58,90
353,138,51,84
355,136,49,91
356,137,50,96
352,144,57,88
355,145,52,76
359,138,45,96
356,136,49,103
356,139,53,100
357,137,47,110
358,138,51,107
354,138,57,97
353,137,57,100
350,137,57,94
355,139,54,95
357,139,47,102
354,133,55,107
351,137,55,101
354,141,55,84
357,137,48,99
357,135,54,107
352,137,54,94
354,139,54,97
351,138,55,89
357,138,52,96
352,139,54,96
356,139,53,90
354,138,55,103
351,137,58,94
350,138,58,87
353,139,56,91
353,138,51,97
360,140,48,88
355,137,49,94
363,136,42,92
358,140,45,91
349,137,55,95
322,124,95,127
303,130,72,112
320,128,71,120
327,116,61,120
338,108,56,135
347,130,56,113
356,127,56,127
354,123,74,100
356,127,82,130
366,135,91,125
391,146,73,104
369,128,105,134
396,130,88,130
374,132,114,109
403,128,91,118
412,127,85,117
399,123,105,144
415,137,88,104
423,125,81,106
425,127,81,112
413,124,86,82
418,129,80,94
413,128,72,62
411,128,70,65
410,129,62,56
357,131,44,50
355,128,43,42
357,131,41,42
359,132,45,32
361,132,47,31
373,130,60,40
378,132,59,40
370,134,56,37
374,135,42,38
360,134,49,39
350,179,48,53
350,165,52,67
341,140,62,98
340,134,68,106
344,136,63,98
362,135,46,94
361,135,44,108
364,131,48,114
361,128,52,117
361,126,56,122
359,123,60,104
366,118,52,102
370,112,50,100
376,105,49,101
378,102,48,98
383,96,47,98
386,91,46,99
389,87,46,103
392,83,47,108
398,78,45,114
402,79,45,113
404,79,47,114
408,79,47,111
407,78,49,120
404,75,53,125
401,71,53,121
393,72,54,132
389,74,57,136
382,78,60,138
376,82,56,138
361,88,61,143
346,90,70,156
337,92,69,145
323,96,67,158
313,99,69,166
301,104,74,165
283,111,75,153
269,117,73,147
257,119,76,157
252,126,69,153
246,134,65,144
237,139,65,136
228,114,62,159
219,102,66,169
216,104,66,152
213,97,65,170
209,99,63,162
203,103,72,160
205,95,72,167
210,97,66,159
205,99,72,156
204,148,62,106
261,85,39,65
270,73,33,69
272,73,35,64
277,71,34,62
191,132,42,90
282,75,40,58
290,70,33,61
290,67,38,68
292,66,37,62
298,65,30,67
302,66,27,70
281,94,58,87
284,72,48,52
305,68,34,68
306,84,36,87
300,124,45,78
327,87,41,38
324,65,43,63
331,67,33,63
333,68,38,52
334,68,40,56
345,71,32,50
347,105,33,66
351,97,33,72
357,78,38,76
364,79,37,69
369,88,35,65
369,88,39,69
375,90,38,66
377,88,39,70
376,90,42,66
380,97,39,66
379,95,40,73
385,91,37,58
383,91,42,64
386,91,43,61
388,90,34,62
389,89,40,61
394,86,38,59
395,85,42,60
397,82,45,62
402,81,44,61
404,76,44,64
406,74,44,65
410,72,43,66
411,70,43,66
413,67,43,66
413,65,44,68
415,63,43,65
413,61,48,66
411,60,48,62
409,60,52,59
408,59,55,62
409,58,53,67
403,57,56,67
402,57,51,63
397,55,59,67
397,56,58,70
387,53,60,70
381,54,65,71
380,56,65,72
372,56,64,65
370,56,58,75
369,56,59,68
365,55,56,80
364,55,55,69
361,57,49,88
358,55,44,84
354,58,42,97
348,60,41,81
343,58,43,114
338,60,43,92
331,61,44,106
299,66,71,77
288,68,62,82
288,69,65,84
284,77,56,78
287,64,52,91
287,72,43,82
281,66,42,75
279,67,36,67
275,66,37,69
275,66,36,68
273,67,38,63
273,65,37,69
275,66,36,63
276,66,32,76
178,132,59,94
192,134,47,121
188,136,54,112
187,134,55,117
186,134,57,113
188,134,53,121
187,132,55,120
187,133,56,123
181,135,67,98
191,135,55,123
193,134,56,123
196,131,55,127
206,134,49,126
216,131,49,127
225,131,49,128
228,135,58,124
235,135,66,123
249,126,72,132
254,130,71,123
267,121,69,133
281,113,66,139
293,113,64,136
304,100,61,148
315,110,56,133
331,108,52,135
341,90,49,151
353,102,43,138
360,119,51,124
370,116,57,124
378,117,54,115
387,114,57,129
392,112,66,134
395,111,78,152
392,115,86,152
394,122,88,145
399,127,85,140
411,129,62,136
420,128,61,140
423,136,56,137
425,136,50,126
425,138,53,132
425,161,61,107
424,156,56,117
426,177,54,94
422,158,60,113
425,195,69,77
421,194,79,77
429,161,54,114
429,153,53,124
425,189,78,87
422,188,81,89
433,191,56,88
423,202,84,79
429,185,73,83
421,195,61,88
425,193,81,74
420,194,65,73
418,194,99,85
413,195,55,73
420,199,71,68
421,140,60,90
423,145,55,62
421,149,74,114
422,149,39,118
422,167,72,98
424,163,61,104
423,170,37,93
418,144,57,142
420,149,42,88
402,149,54,118
434,155,53,124
428,142,41,68
333,49,45,100
338,56,42,79
342,55,36,75
343,60,35,80
342,65,39,77
346,70,36,77
347,77,39,70
349,82,34,59
350,89,36,69
348,95,37,67
348,102,33,67
346,107,32,69
338,118,50,64
333,120,47,68
326,126,44,72
321,131,39,74
313,135,43,78
304,144,51,81
298,150,51,82
289,155,57,85
281,160,54,86
272,168,52,88
266,172,47,91
257,179,47,53
245,182,54,95
241,198,49,90
241,184,52,81
235,191,53,101
231,191,57,100
227,193,47,98
221,196,44,94
217,199,49,96
210,204,51,102
198,201,52,96
199,203,54,101
197,206,47,61
193,205,56,65
192,206,52,77
192,203,55,89
193,207,61,92
194,207,53,86
194,205,56,101
194,206,56,106
195,206,58,107
194,206,76,106
195,207,77,104
195,206,65,107
193,210,68,107
210,206,76,97
190,202,70,113
192,207,57,106
194,203,53,111
195,205,51,109
194,206,50,105
195,202,51,107
193,203,52,108
192,203,53,110
192,204,54,109
192,202,53,111
192,203,53,109
190,205,55,108
191,206,54,107
191,209,54,103
191,208,53,104
192,206,53,105
193,210,51,102
194,208,50,102
193,205,52,106
191,203,54,108
191,205,56,108
190,204,56,110
190,205,58,110
189,205,58,109
189,206,58,108
190,206,56,108
191,207,55,106
193,207,52,107
192,208,51,104
192,206,51,108
192,207,50,105
193,209,49,105
192,207,50,104
192,206,50,105
191,205,51,106
191,206,52,105
192,207,53,105
193,209,50,103
195,205,48,107
193,204,51,106
193,207,50,107
194,205,49,106
194,207,50,111
193,206,52,106
193,208,49,105
194,207,48,104
196,201,47,107
197,196,48,116
195,200,49,110
195,205,48,99
194,208,49,99
195,205,48,100
194,209,48,95
195,213,46,91
195,214,46,97
197,214,47,95
197,216,49,94
199,211,50,98
201,214,46,95
204,210,49,96
211,204,47,98
219,197,45,99
224,206,48,81
233,205,47,70
247,204,44,66
257,192,46,74
266,188,45,66
280,152,42,91
292,151,42,81
300,146,41,76
310,136,43,82
317,134,45,80
325,129,44,80
331,119,41,89
343,123,36,82
346,118,39,86
353,123,39,82
357,128,39,79
359,129,40,84
361,136,41,85
362,141,42,89
360,150,43,88
357,160,44,92
351,167,46,100
348,179,45,100
341,189,49,98
330,189,53,104
323,192,57,107
317,187,55,115
307,195,61,110
300,192,60,115
290,181,64,126
283,178,63,131
272,176,66,132
263,192,61,109
254,187,61,112
246,191,58,102
235,180,57,107
234,181,55,103
228,179,54,99
225,173,52,102
215,162,54,106
202,160,54,98
192,146,56,104
189,145,48,95
182,166,47,65
168,128,58,94
164,131,54,81
159,123,52,89
153,104,53,103
151,114,51,85
145,89,55,107
143,101,51,88
138,92,54,86
134,85,57,92
133,82,56,88
133,83,53,87
130,71,55,98
125,69,61,93
127,65,58,95
124,70,61,89
129,75,55,84
130,73,52,83
127,70,56,89
129,75,53,82
127,69,57,87
132,75,52,79
128,69,56,85
132,74,51,78
131,70,55,79
130,69,54,80
129,66,53,80
130,66,52,78
130,65,51,78
128,61,52,82
125,58,52,77
125,58,50,76
124,62,49,71
125,62,48,70
123,63,48,68
121,59,49,71
120,58,50,73
121,61,49,69
122,59,48,69
120,53,48,72
113,40,52,79
114,45,48,67
106,39,52,68
100,20,50,80
93,9,51,82
87,2,53,79
79,4,55,73
75,2,50,61
66,2,56,53
62,1,51,46
71,0,43,48
49,0,69,42
72,0,47,37
70,0,52,39
63,0,60,50
105,2,37,53
80,0,58,47
103,3,52,63
98,195,60,84
100,193,57,73
94,194,62,69
95,190,65,68
94,193,59,69
101,197,56,49
93,196,63,69
89,194,55,73
96,195,63,60
94,195,62,61
99,196,57,51
93,195,63,62
99,195,59,51
94,196,60,59
92,197,59,66
96,195,61,63
98,196,58,53
95,196,57,59
94,195,63,74
81,188,84,86
85,187,83,108
61,158,108,134
83,188,82,100
416,154,46,127
430,135,51,138
431,138,47,75
423,143,44,91
430,140,51,31
427,139,54,31
428,140,44,31
428,138,43,33
428,138,46,32
429,137,41,33
428,138,47,32
428,137,41,33
428,140,42,30
428,139,41,31
427,137,59,32
429,141,38,30
429,138,56,32
430,142,40,28
429,137,51,32
429,141,44,29
428,138,54,33
429,140,41,32
428,140,45,47
428,138,49,31
429,143,42,28
429,140,48,48
428,139,51,30
428,139,57,32
429,140,51,29
427,139,58,32
429,141,41,30
429,138,53,32
429,143,43,27
429,137,50,35
427,141,58,30
428,141,47,31
429,140,51,40
428,138,50,29
429,140,45,30
429,140,47,35
429,138,45,35
428,139,45,42
430,142,38,52
429,137,46,31
429,139,44,31
429,140,48,37
430,141,44,57
428,139,44,32
429,139,39,40
429,141,38,53
424,140,36,90
424,128,54,131
429,139,45,67
423,141,38,97
299,56,33,40
293,52,44,40
294,54,42,37
295,55,41,35
293,59,47,29
294,54,42,34
294,48,41,39
294,55,43,32
294,54,42,32
293,51,44,35
293,53,43,32
293,50,41,36
293,51,42,32
292,49,40,35
291,48,42,34
291,50,41,33
290,49,43,32
289,48,43,34
291,48,41,34
289,48,39,33
289,47,38,36
289,47,41,36
289,47,42,34
289,47,40,34
289,44,39,36
288,46,43,35
289,49,40,31
287,45,40,36
288,47,42,34
287,46,45,34
288,47,40,33
289,46,39,33
289,45,41,34
288,45,43,34
288,45,42,33
288,46,45,33
288,45,40,32
289,45,40,32
290,44,39,33
290,44,39,33
290,43,41,33
288,42,43,34
288,42,42,34
287,42,43,35
288,42,42,34
288,40,44,38
288,44,41,32
289,41,41,35
289,41,43,35
289,42,41,33
288,39,44,37
289,42,42,33
288,40,44,36
288,41,43,32
289,39,41,35
287,39,45,36
290,41,43,33
289,40,42,33
287,39,45,36
288,40,45,33
289,40,41,32
286,38,48,37
289,41,40,33
288,38,42,35
289,38,41,33
288,38,41,32
287,38,41,31
287,36,41,35
287,37,41,32
287,36,41,32
286,35,42,33
287,35,41,33
288,35,40,33
285,34,43,33
286,34,41,33
287,35,39,32
286,33,40,33
288,33,39,33
286,33,41,33
285,33,43,32
286,33,43,35
287,32,41,36
286,32,41,36
282,32,43,34
282,32,45,36
283,31,40,33
284,32,41,33
282,30,45,35
281,31,41,31
284,30,41,34
281,29,43,34
281,29,42,32
282,28,41,33
283,25,38,34
280,24,41,35
283,23,38,35
283,22,38,34
279,20,41,36
283,14,36,42
285,12,34,41
281,12,37,39
282,11,36,40
280,10,37,40
280,9,36,41
282,7,35,41
281,7,35,41
277,4,39,43
278,2,36,44
276,1,36,42
274,0,37,42
271,1,38,38
267,0,40,39
269,0,36,37
261,1,43,33
263,0,37,33
256,1,40,30
249,1,42,29
253,1,34,29
250,1,32,25
249,1,35,25
247,1,35,23
247,1,33,24
246,1,34,22
246,1,33,23
247,1,32,22
245,1,33,22
244,1,36,22
246,1,32,22
246,1,30,24
247,1,30,25
247,1,29,28
249,1,28,23
247,1,32,22
248,1,33,22
249,0,30,22
250,1,28,23
249,0,30,22
246,1,36,21
248,1,34,25
249,1,31,21
247,0,33,21
250,1,31,23
250,1,32,23
250,0,30,23
250,1,31,21
249,1,32,20
248,0,35,21
250,1,31,22
250,0,31,21
250,1,31,20
249,1,33,20
249,1,35,22
249,1,32,22
251,0,32,21
251,1,32,21
250,0,32,21
251,1,31,21
248,1,35,20
249,1,34,21
248,0,32,21
249,1,32,21
251,1,32,21
249,1,35,21
247,1,38,22
251,1,38,24
253,1,40,25
256,2,43,26
265,1,40,31
267,2,42,37
270,5,43,41
280,12,34,53
288,56,37,78
283,42,40,91
281,46,46,88
428,140,38,38
429,138,45,36
428,140,43,52
428,140,46,29
429,138,50,32
430,143,43,29
426,136,39,96
430,138,51,31
430,143,43,28
426,140,26,86
430,137,45,35
428,139,45,31
429,138,44,32
428,138,39,37
429,136,43,44
430,138,43,35
429,141,43,40
430,139,40,33
428,138,48,35
430,140,38,33
428,139,38,59
428,140,41,32
428,141,42,35
429,138,41,40
429,137,42,43
429,138,41,36
429,137,42,39
430,138,46,34
428,140,47,32
428,139,42,37
429,137,46,38
429,138,45,35
427,138,48,37
429,138,47,35
429,141,43,40
429,138,44,29
428,139,47,32
428,138,40,33
429,136,56,32
430,142,42,29
428,137,53,39
429,143,38,32
429,138,46,38
429,139,45,31
428,139,41,33
428,141,44,31
427,138,43,38
429,137,38,40
428,138,38,42
430,138,41,31
428,138,48,33
428,139,45,32
428,140,42,31
428,139,43,31
428,137,43,40
430,138,41,32
428,137,42,32
428,138,41,32
429,139,40,33
428,140,45,30
428,139,41,32
428,142,42,29
428,137,41,43
430,138,40,34
429,141,37,29
429,137,52,32
428,141,36,32
430,137,55,34
429,142,41,28
427,137,45,37
429,138,39,33
428,140,46,31
428,138,42,33
428,138,44,32
428,138,47,34
428,139,45,33
429,139,39,34
428,137,46,39
429,138,42,34
427,138,47,41
429,137,42,32
428,138,43,33
428,138,40,32
428,139,51,32
429,139,46,31
427,138,49,34
429,138,42,35
428,137,43,35
429,137,40,38
429,138,42,35
428,140,38,35
430,137,45,36
428,139,50,33
428,139,47,32
427,138,44,36
428,140,41,35
430,136,42,43
425,136,46,44
421,136,43,56
420,141,38,58
420,140,39,79
432,139,47,33
426,139,41,63
426,139,34,45
426,138,39,52
426,141,43,40
427,140,44,35
429,137,40,36
428,139,44,37
428,139,39,55
429,139,42,31
428,140,45,31
429,138,41,32
429,139,40,32
429,143,39,34
428,138,42,39
427,140,37,60
428,138,44,35
429,140,42,41
430,139,40,34
428,139,43,43
429,139,40,31
428,139,39,34
428,138,52,33
428,142,39,30
429,141,47,41
428,139,53,31
430,142,44,29
426,138,39,60
428,138,42,31
428,139,42,31
429,140,40,31
428,143,46,26
428,139,39,44
429,139,46,32
428,139,44,32
428,138,38,33
429,140,45,30
428,139,47,33
428,140,41,31
428,140,48,30
428,141,38,32
429,140,41,53
429,141,41,30
428,138,52,32
429,142,45,30
430,140,38,50
429,140,40,33
428,139,41,34
429,138,47,34
428,141,41,33
428,140,43,52
429,139,44,31
428,139,45,39
429,139,42,35
429,140,41,41
429,139,43,30
429,139,39,31
428,139,47,31
428,140,43,35
