242,60,58,50
247,64,55,52
250,77,60,44
252,86,61,45
258,95,60,44
263,107,61,47
267,116,61,51
268,129,66,53
273,139,72,57
280,150,72,62
283,149,79,66
286,147,79,74
287,157,80,66
287,158,80,68
290,161,82,66
290,163,83,67
295,167,78,66
292,169,80,72
291,171,79,76
313,170,58,77
320,171,52,72
281,181,87,75
281,179,85,78
290,176,78,80
279,179,89,75
299,170,64,80
301,167,66,80
270,170,90,78
265,174,91,70
267,171,85,70
268,168,81,72
269,166,77,73
269,165,76,68
270,163,72,67
270,160,74,63
271,154,69,66
271,149,75,65
272,144,71,65
271,139,71,63
271,135,67,62
268,132,66,54
268,126,70,55
269,119,71,57
271,116,71,53
274,115,70,53
275,116,69,54
276,118,66,50
275,117,69,55
277,121,65,44
278,121,67,46
281,122,68,48
283,123,67,47
286,125,67,47
287,128,68,46
287,131,67,47
286,135,69,48
284,139,69,47
285,147,74,49
283,151,74,51
284,157,75,51
293,164,67,49
282,171,82,51
281,180,80,52
281,184,82,55
279,195,82,50
279,200,84,49
279,206,83,46
280,209,83,48
280,211,87,48
284,216,84,47
289,219,85,46
294,220,89,44
300,215,90,45
300,211,88,47
297,209,88,47
296,205,88,51
297,200,88,56
299,202,86,56
304,204,84,54
311,197,81,59
313,201,82,57
319,193,78,65
328,190,68,70
332,186,60,75
313,190,91,52
309,194,84,44
319,188,72,75
318,184,76,87
308,184,82,98
323,189,62,100
321,190,64,94
308,191,75,90
301,191,78,91
296,191,75,90
289,193,74,88
270,196,92,83
272,194,96,91
267,194,82,87
263,197,91,85
259,194,86,87
254,191,83,87
252,188,94,86
254,189,86,83
255,186,89,80
248,185,90,78
247,183,88,78
247,182,80,78
247,183,82,75
247,185,80,79
248,187,79,78
247,187,82,78
247,186,84,82
249,186,81,81
249,186,81,81
249,186,83,81
246,183,85,83
245,186,90,81
244,186,99,79
247,177,90,84
247,177,80,79
249,182,60,64
252,186,56,58
254,182,75,65
254,183,64,59
253,185,67,57
253,186,65,61
254,187,69,40
262,187,56,41
259,183,65,48
258,182,57,37
259,183,56,37
262,182,58,39
263,181,54,38
263,181,53,39
263,182,50,39
262,184,53,36
262,185,54,37
262,186,55,38
265,188,59,38
266,187,68,52
266,188,63,65
270,184,62,46
279,185,55,76
284,180,52,76
284,180,60,67
286,178,58,67
289,177,61,64
291,177,61,65
294,174,60,70
295,177,63,67
295,177,62,67
295,177,61,71
294,175,63,72
293,174,68,74
297,173,67,75
296,170,69,74
298,171,69,71
301,172,70,64
298,172,83,64
297,172,88,66
298,173,85,61
300,170,83,65
299,170,83,65
297,168,85,64
291,168,89,65
293,166,83,63
293,164,75,65
297,164,75,63
296,163,74,65
298,164,70,62
303,163,68,63
300,162,68,63
304,160,62,63
299,159,70,72
297,159,61,67
294,156,74,79
291,159,65,66
282,154,74,72
279,152,77,79
268,149,84,87
267,149,121,92
269,146,135,108
264,141,163,118
268,138,181,125
270,130,166,119
270,130,179,113
326,144,144,86
356,150,99,64
268,142,192,65
266,124,115,78
265,117,103,91
266,114,76,69
258,111,73,91
260,109,73,119
254,109,77,72
254,107,65,139
239,112,84,109
240,115,76,95
270,117,62,68
280,118,49,57
275,115,61,56
286,117,50,62
288,118,54,64
282,117,63,79
236,110,74,145
269,112,64,64
282,115,60,79
275,113,68,107
279,114,53,66
286,111,46,63
303,230,80,66
308,223,78,78
308,124,87,194
275,110,100,130
306,107,83,196
281,107,107,175
290,104,100,188
282,107,102,189
279,110,99,189
280,106,99,192
282,103,91,190
276,104,93,193
274,99,99,201
275,91,101,212
270,93,110,209
268,89,116,214
271,83,109,220
268,69,109,238
274,88,104,214
271,79,104,230
272,88,110,217
287,89,100,212
293,87,92,213
296,78,91,223
298,77,87,223
306,74,82,231
300,74,89,229
302,71,90,233
309,71,80,233
298,62,93,243
298,65,92,243
316,77,73,215
311,69,81,233
307,71,81,222
306,80,82,209
296,75,91,228
285,72,97,230
278,84,98,213
274,89,99,207
267,96,102,194
260,102,95,174
253,90,104,184
257,96,98,173
256,104,92,159
250,95,103,165
261,96,102,164
266,101,98,154
262,83,90,174
263,79,96,186
263,70,109,209
265,68,117,214
264,59,99,217
263,63,111,222
261,77,121,204
256,67,125,214
253,82,106,200
247,78,100,200
246,61,107,222
243,74,107,213
238,79,104,210
226,61,119,236
213,66,132,212
211,74,138,228
220,60,144,250
228,70,134,231
258,79,111,216
250,88,119,196
278,85,80,118
179,100,73,163
288,93,86,177
282,102,90,168
194,108,147,165
210,106,142,166
217,112,121,169
210,112,145,170
209,113,123,187
225,113,119,188
232,112,112,197
239,120,90,196
239,118,97,198
241,120,98,208
244,120,94,216
248,119,91,225
246,116,86,219
246,116,88,216
244,111,92,215
240,112,96,210
237,104,113,213
234,104,116,215
239,104,111,212
238,104,119,210
239,105,115,180
237,103,121,205
243,107,106,187
248,105,101,195
245,105,111,206
250,108,111,206
247,108,112,204
250,108,105,201
254,110,99,186
251,111,107,205
251,110,106,189
253,110,102,197
256,111,105,181
259,108,104,189
248,110,109,196
246,106,103,206
245,103,107,215
245,97,111,217
251,88,106,224
251,96,104,201
249,94,107,202
255,90,114,207
259,86,114,211
272,87,112,218
278,88,105,222
288,87,97,221
288,86,88,215
289,86,87,214
291,85,87,213
293,86,77,216
294,87,75,217
291,88,84,216
291,90,86,211
293,100,80,204
292,107,86,198
282,107,91,197
279,108,88,201
277,108,86,194
270,105,85,220
277,109,81,153
284,119,73,96
292,136,74,138
286,120,75,107
268,127,85,107
278,119,78,114
267,114,64,121
270,114,69,122
270,116,68,116
282,125,63,106
270,108,83,197
277,111,70,115
278,122,63,101
271,110,70,208
278,112,58,116
264,149,85,131
265,117,79,112
275,120,65,102
279,116,53,119
271,101,63,170
257,112,87,120
253,113,94,129
257,108,88,135
253,111,91,126
250,113,100,129
246,110,105,140
235,103,108,168
233,105,128,163
271,109,90,154
236,110,139,165
235,109,120,159
243,108,112,161
246,111,108,178
256,108,96,190
267,110,81,171
265,104,86,167
268,105,81,183
271,108,82,191
270,115,82,177
271,112,80,179
276,115,76,180
276,110,76,188
268,108,90,183
267,112,82,182
281,116,66,166
281,113,81,162
273,115,92,166
282,113,70,164
273,119,90,159
272,118,88,194
276,125,82,179
275,119,93,195
278,127,87,184
282,127,82,183
283,122,92,188
283,127,89,188
281,127,87,185
282,127,84,182
281,124,86,186
281,132,73,179
280,127,78,172
281,129,80,168
281,129,78,180
282,133,77,157
282,145,74,106
284,129,73,188
284,137,80,135
275,129,85,115
279,122,82,185
266,113,103,190
259,113,109,194
257,114,112,194
262,114,108,197
257,112,107,194
254,111,114,192
264,117,112,192
266,122,107,190
250,118,122,189
245,116,120,185
249,115,125,194
259,124,119,190
255,118,124,191
253,117,120,188
250,117,120,190
252,119,119,188
254,116,110,188
255,117,105,193
252,112,110,201
254,113,108,200
258,109,109,199
258,107,99,197
261,107,93,192
267,104,86,189
274,104,79,188
278,101,88,189
275,106,87,179
278,99,78,195
283,100,77,198
282,116,84,186
271,101,92,194
272,96,86,193
264,95,95,195
272,99,88,186
273,98,86,189
278,91,81,202
281,95,82,201
274,89,98,203
269,67,88,216
263,33,84,242
261,33,90,207
251,23,109,226
252,18,98,212
245,8,92,207
240,30,104,186
243,18,102,188
254,63,97,119
317,82,53,105
315,84,53,93
313,80,53,95
316,77,50,97
207,17,37,95
201,0,44,111
198,43,35,64
193,43,31,63
181,1,34,99
171,20,34,89
163,36,31,62
151,7,32,104
142,47,27,65
133,47,23,69
125,0,32,91
112,51,29,59
106,51,30,66
97,43,38,76
91,34,41,84
89,8,53,117
83,19,65,105
93,0,63,130
93,16,60,125
103,4,54,150
111,0,51,144
118,5,42,53
121,11,40,42
122,13,40,42
124,16,41,39
127,19,39,41
130,23,39,42
134,24,40,42
139,28,40,37
146,31,37,40
150,33,37,39
155,36,37,36
160,37,37,38
165,38,36,48
170,39,36,62
175,43,36,52
181,44,33,59
184,46,34,60
187,51,36,43
191,51,36,52
191,51,36,64
200,77,33,99
197,54,37,121
201,56,36,118
201,52,37,94
207,55,34,66
212,61,32,48
213,59,66,53
221,60,87,49
229,63,70,40
247,59,52,42
252,64,52,35
256,70,43,31
260,75,41,27
262,77,42,26
260,80,48,24
266,84,41,24
257,88,43,21
260,89,37,21
260,90,41,20
265,91,33,21
264,90,34,20
270,90,31,22
266,92,35,21
268,92,35,22
267,94,37,21
280,95,27,22
282,98,24,22
269,101,40,21
270,103,39,24
270,106,43,24
269,108,41,23
275,111,40,23
273,112,41,20
273,114,44,20
286,128,37,51
269,192,45,48
272,177,46,64
272,171,51,70
281,164,54,72
283,126,50,116
290,110,46,128
290,116,53,119
293,120,55,113
302,119,48,109
306,124,49,105
303,141,52,74
306,123,51,95
308,102,48,116
309,125,43,89
312,111,39,101
312,80,46,135
304,119,50,92
304,93,52,126
300,127,54,86
300,137,45,77
298,140,52,77
311,92,54,122
308,107,53,114
311,106,48,118
314,111,46,114
313,110,49,123
316,109,49,122
317,111,48,124
317,116,49,117
317,122,46,109
320,125,42,110
327,129,38,105
330,136,38,101
333,149,41,91
336,155,39,86
342,158,35,80
349,161,31,65
353,162,30,55
353,163,34,73
356,163,35,70
360,165,37,60
364,166,40,53
365,166,45,56
350,168,76,74
375,165,51,49
339,168,93,75
364,164,71,69
375,162,60,63
389,161,50,44
346,164,98,82
393,155,53,58
384,153,62,50
409,152,43,43
414,145,45,45
401,152,48,41
400,149,49,44
401,152,52,30
406,147,59,34
414,147,40,37
408,148,48,34
409,149,51,31
413,149,46,31
417,146,54,40
422,147,41,40
416,146,50,41
413,146,52,32
411,145,56,37
415,144,49,32
411,143,58,37
415,143,50,29
410,142,46,27
411,141,49,29
411,140,51,24
410,139,49,22
408,138,54,30
405,138,54,32
402,137,45,30
402,138,51,31
398,137,42,33
397,138,37,33
396,140,36,32
393,141,35,30
389,141,39,29
388,140,38,30
386,140,39,30
384,140,42,30
381,140,39,32
379,140,42,32
380,140,38,29
378,139,44,30
378,139,38,29
375,137,40,29
373,136,39,27
374,135,34,24
366,133,39,26
364,132,38,25
361,130,37,25
355,127,39,27
356,125,35,28
347,122,40,31
347,120,36,29
340,117,43,31
340,117,43,31
327,110,38,31
324,109,37,26
324,111,33,23
320,109,33,23
320,109,33,23
312,109,33,23
312,109,33,23
302,104,41,31
302,104,41,31
302,104,41,31
280,126,45,81
427,140,39,55
353,205,88,36
249,99,77,80
113,201,44,82
109,193,50,86
116,213,43,72
103,193,53,75
109,195,50,84
109,194,49,92
118,212,39,71
112,200,47,79
108,194,53,84
120,235,37,46
102,192,51,65
108,193,52,92
244,102,37,125
245,104,38,126
235,102,48,132
230,108,46,117
228,108,37,80
228,110,44,124
108,193,50,87
108,193,51,88
119,236,37,46
106,192,49,71
109,193,50,86
107,193,48,70
107,195,50,84
112,202,46,85
114,219,43,63
111,197,48,85
111,205,47,78
107,195,52,85
107,194,52,84
204,108,43,46
204,109,38,42
204,109,38,43
204,109,38,42
203,109,39,44
204,109,38,42
203,110,40,43
203,109,38,43
203,109,41,43
204,110,39,41
205,110,39,47
205,110,39,39
206,110,38,44
206,110,39,39
207,109,37,40
206,109,38,44
207,110,38,40
207,111,39,48
208,111,39,39
209,111,39,48
208,111,40,39
210,111,41,45
210,110,43,41
211,111,40,43
212,111,42,40
213,112,42,39
214,111,43,40
215,112,42,39
216,112,39,39
217,113,39,39
218,113,41,39
219,113,41,40
220,112,38,39
220,112,41,39
221,113,37,43
222,113,39,40
223,112,39,39
224,113,38,40
224,112,40,45
224,112,43,39
225,111,39,42
225,111,40,42
225,111,39,45
224,110,42,41
225,109,41,43
225,109,40,41
225,110,41,41
225,109,36,44
225,111,39,43
224,109,40,52
223,111,40,39
224,111,37,41
224,111,40,39
223,109,42,42
223,109,40,41
222,109,38,41
222,109,39,42
221,109,38,42
220,108,41,42
220,108,37,42
219,109,41,39
219,108,39,40
219,109,41,42
218,109,40,42
218,109,38,42
217,108,39,42
216,107,38,43
216,108,38,42
215,108,43,45
215,107,43,45
214,108,52,44
213,104,48,48
213,103,48,48
212,101,53,50
209,98,58,55
207,99,63,65
199,95,79,71
106,195,53,86
107,196,52,82
106,192,54,87
104,195,54,80
107,194,54,88
103,194,54,85
105,196,55,83
107,195,53,83
110,195,49,85
106,191,53,88
108,196,50,80
108,193,50,86
108,192,48,84
107,193,51,92
104,204,54,76
109,214,52,76
109,193,50,91
114,200,47,83
108,195,52,87
114,213,47,71
111,196,49,89
112,203,50,83
109,213,51,75
109,193,50,90
110,193,51,89
111,194,50,89
110,192,48,90
111,193,48,92
116,194,43,88
111,192,48,88
109,193,49,93
114,192,45,85
115,193,43,90
114,193,45,90
111,192,47,90
116,194,42,89
112,192,46,89
113,193,43,87
114,193,44,87
111,193,46,85
107,193,51,86
108,192,49,86
109,191,50,88
110,194,49,87
111,192,47,90
111,192,47,91
115,198,45,89
108,192,50,87
109,194,48,86
115,215,42,70
109,196,49,86
110,198,45,85
109,200,48,82
114,219,42,61
113,209,44,67
114,207,43,78
119,219,39,63
108,195,50,87
268,160,43,72
275,161,38,71
280,159,39,72
285,161,38,68
287,158,37,70
289,156,36,74
295,153,34,75
290,150,41,79
300,151,35,77
303,155,35,75
306,149,36,80
297,143,47,89
297,140,47,89
302,136,44,94
301,141,45,89
304,145,42,84
305,143,43,85
308,140,41,87
307,143,43,85
312,144,42,80
313,139,43,80
312,140,48,71
312,137,40,65
313,139,39,50
303,140,45,43
308,140,42,41
308,142,43,42
306,142,45,42
303,144,47,40
298,146,52,44
293,149,54,44
295,153,54,62
299,152,50,71
301,154,50,72
300,155,50,70
300,156,50,69
306,157,46,67
301,158,43,69
298,159,46,67
299,160,47,66
295,161,52,65
294,161,47,64
291,161,47,65
294,162,43,63
290,161,46,66
298,161,39,67
288,162,48,65
285,160,50,69
280,160,53,68
279,156,53,72
279,156,54,74
284,155,50,76
298,161,38,71
297,173,41,57
300,179,37,49
305,182,31,46
289,164,49,64
300,176,38,55
292,167,42,63
290,174,45,56
292,171,42,59
290,171,42,58
289,164,42,65
286,165,50,64
285,159,53,71
284,150,55,81
279,149,62,85
285,147,55,84
277,142,61,91
282,143,54,88
285,140,50,91
282,140,54,92
284,140,54,92
282,139,56,92
285,139,54,91
285,145,57,77
288,139,50,62
295,144,43,63
296,140,42,48
302,142,35,48
299,142,36,53
303,139,34,44
308,140,28,44
293,137,41,63
304,139,33,47
310,140,27,42
301,139,33,52
308,137,28,46
297,136,39,46
297,136,40,55
308,139,28,44
300,136,35,47
302,140,36,48
287,137,51,80
289,139,48,68
286,140,51,81
279,142,48,89
277,144,51,86
274,144,55,83
272,145,57,82
271,142,65,85
280,142,55,88
269,145,66,84
274,145,55,79
285,149,41,76
284,152,42,73
288,153,38,68
289,154,40,62
293,154,44,55
292,156,40,39
289,155,42,42
288,156,44,45
288,156,45,45
292,155,51,52
254,158,95,55
270,157,75,54
267,157,66,46
260,154,68,46
260,148,69,47
259,142,74,63
258,139,67,59
254,135,74,65
256,132,69,64
258,132,67,62
259,129,69,70
258,129,69,70
258,126,77,83
261,127,58,64
258,126,70,79
261,126,70,81
262,124,52,61
258,125,53,58
258,125,52,58
260,125,49,57
266,127,42,50
262,128,47,50
270,130,40,51
262,132,49,47
261,133,53,58
262,136,52,55
261,137,53,54
262,139,52,53
261,139,54,49
265,141,50,50
269,140,42,46
268,140,42,50
266,140,46,54
264,140,46,49
265,139,43,50
263,137,43,51
259,136,46,53
258,135,48,56
255,134,44,55
251,132,46,63
249,134,43,58
250,133,35,45
244,132,51,53
247,132,48,55
246,132,40,52
244,132,43,53
243,132,49,61
250,132,37,48
250,131,40,44
251,130,43,50
252,127,44,49
256,127,43,40
259,127,42,40
262,127,41,41
264,127,42,40
266,129,44,41
267,129,47,46
263,130,57,53
265,131,55,51
261,132,67,62
270,136,54,43
274,138,52,41
277,140,50,38
279,142,50,37
280,142,51,37
280,144,52,36
286,145,47,38
286,145,49,39
286,147,47,36
287,146,48,37
287,146,48,36
287,148,47,35
286,146,49,38
275,145,61,47
290,148,45,37
290,150,46,35
292,151,45,34
293,152,44,30
295,151,41,33
294,149,43,34
293,148,45,35
292,148,46,36
292,150,46,36
295,151,45,36
295,152,44,37
295,154,46,34
295,156,46,35
284,149,59,53
290,151,53,44
297,162,44,31
300,160,40,30
300,160,41,29
297,159,45,34
304,161,39,34
303,164,40,35
301,166,43,35
297,164,46,46
304,166,37,44
303,172,37,40
306,173,34,37
306,169,35,40
304,164,40,43
295,159,52,44
293,154,54,72
292,149,53,76
294,144,47,75
296,140,49,66
279,147,54,73
272,158,53,61
285,123,50,80
278,132,40,81
277,124,60,88
276,130,45,78
280,129,36,76
278,132,39,72
259,151,57,49
252,152,63,46
283,113,37,84
286,122,36,71
286,124,33,66
287,120,34,70
287,119,36,69
288,123,36,62
288,123,37,61
287,122,41,60
285,124,47,57
285,118,50,59
283,106,51,70
283,107,50,65
280,110,66,64
280,121,65,55
285,127,59,47
289,133,68,43
295,138,63,43
298,141,58,48
304,146,64,48
325,153,43,54
329,151,50,50
323,151,50,52
318,137,53,73
316,139,59,69
319,141,61,64
340,125,42,61
317,126,71,72
327,126,69,71
352,141,40,59
359,146,37,48
357,149,48,47
360,148,52,46
366,147,55,46
366,146,58,52
380,144,53,28
384,143,57,25
406,139,37,29
402,133,44,36
406,128,45,37
413,124,41,36
419,115,44,40
419,110,48,44
422,111,43,41
426,106,42,42
430,101,42,43
430,96,43,51
427,101,43,109
432,87,49,63
439,85,45,48
438,82,46,53
444,79,41,50
446,77,41,44
447,74,40,46
441,72,45,49
451,70,34,42
448,66,32,43
441,65,34,41
433,60,35,75
431,58,35,63
424,55,34,70
423,55,36,71
419,54,36,74
417,53,37,76
413,51,37,65
408,49,37,75
405,47,36,78
398,44,36,117
389,43,40,123
385,43,39,109
379,41,39,130
372,38,41,128
365,36,41,128
362,35,39,128
354,37,42,131
347,36,42,127
341,32,42,132
333,29,43,131
327,26,44,129
318,23,47,135
310,16,49,138
303,14,45,86
297,6,43,121
291,3,42,131
283,2,42,137
275,2,43,138
267,1,43,138
264,8,41,133
255,1,43,141
252,16,38,122
246,50,35,85
237,59,36,80
230,55,39,90
239,4,30,64
223,95,34,64
235,5,27,68
233,16,36,61
218,152,28,46
223,153,26,57
190,189,42,53
187,189,45,50
189,190,38,52
109,194,43,78
105,192,53,84
109,193,48,85
108,194,47,82
108,193,47,80
106,192,52,83
106,194,50,77
106,192,50,83
107,193,47,83
110,193,46,83
107,193,50,85
109,197,46,78
111,197,46,81
109,194,48,83
110,195,45,81
110,196,46,79
111,196,45,79
107,195,50,80
105,193,53,82
108,195,51,79
104,193,52,72
104,194,53,81
107,197,49,76
105,195,55,80
104,193,55,74
104,193,50,58
107,193,50,88
106,196,52,62
112,189,49,74
109,195,49,83
113,216,43,70
114,214,42,70
105,193,52,87
110,198,47,79
106,193,52,84
111,197,46,79
109,196,49,85
109,196,48,91
109,197,48,86
