519,241,23,28
520,240,23,28
521,240,22,28
521,239,22,29
524,241,18,29
525,241,17,28
524,240,18,28
525,241,17,27
527,241,16,28
525,240,17,27
525,241,17,26
526,241,17,26
527,239,16,26
525,238,18,26
527,237,16,24
525,238,16,20
520,238,20,20
519,235,21,20
513,232,22,17
508,231,24,22
504,230,25,26
498,228,27,24
492,224,29,25
485,219,28,25
479,215,24,24
472,212,22,23
463,209,22,24
452,206,28,25
446,204,25,26
434,201,25,28
423,206,26,23
411,200,27,25
401,195,30,27
391,191,31,27
383,183,28,29
375,175,27,27
369,166,27,32
364,159,24,30
360,148,21,31
353,142,23,27
349,134,23,29
345,129,24,29
344,126,24,29
343,126,22,28
343,127,21,27
342,129,21,28
342,131,21,30
342,133,22,29
342,136,21,28
342,137,21,29
342,138,21,29
342,138,22,27
343,137,20,27
343,134,21,28
343,132,20,28
342,127,20,27
340,123,23,26
335,118,26,27
330,112,24,28
276,155,23,27
283,158,23,28
290,161,23,27
297,162,23,27
305,164,23,25
311,164,22,25
316,164,21,27
319,164,21,26
322,164,20,27
323,165,21,27
323,168,21,25
323,170,20,25
318,174,22,25
313,177,20,27
304,179,24,28
296,180,24,28
287,182,22,26
281,181,20,25
270,179,23,26
262,175,22,26
254,169,22,28
249,163,19,29
243,158,20,27
238,153,20,28
233,149,22,28
231,146,21,27
230,142,21,27
229,139,22,27
228,137,22,29
229,136,24,29
230,137,23,29
232,139,25,30
235,143,23,29
238,149,23,28
245,156,22,27
247,159,22,27
253,164,21,28
253,165,21,28
260,169,20,28
267,174,21,28
276,175,23,28
286,178,20,26
295,179,21,25
304,180,21,26
310,181,24,26
315,183,21,27
318,186,20,27
317,190,19,28
313,196,21,28
306,200,20,27
298,204,20,27
286,206,21,28
275,207,22,30
263,206,20,30
254,206,21,30
242,203,22,26
230,196,23,28
223,188,22,27
214,180,22,26
210,170,22,27
209,160,22,27
209,149,21,26
210,138,22,28
214,128,22,29
220,117,22,32
225,110,26,33
234,103,25,35
241,98,26,32
248,96,26,31
259,95,24,29
266,95,24,32
272,99,24,30
278,104,23,28
285,111,21,28
290,117,20,28
295,124,19,28
300,130,19,30
300,137,22,30
304,145,21,29
305,150,21,29
307,154,22,27
308,156,21,27
309,156,21,26
310,155,20,25
310,153,19,25
311,149,17,25
311,145,19,24
310,140,17,24
310,134,18,24
308,125,20,27
306,118,23,31
307,118,24,35
307,110,23,39
304,104,24,30
305,99,21,28
304,95,21,27
303,92,21,27
302,90,22,28
302,89,23,28
303,89,23,29
303,90,23,29
305,93,22,30
305,98,21,30
306,106,21,29
306,115,22,28
307,122,22,27
307,128,20,31
308,138,19,30
307,144,21,29
308,149,21,29
309,154,20,25
309,154,21,26
310,153,20,25
310,153,20,23
310,149,20,25
311,144,19,25
310,140,20,24
310,134,19,25
310,126,20,27
307,120,23,30
307,119,22,35
307,112,21,30
308,106,20,27
306,102,20,27
306,99,21,26
305,96,20,27
304,94,21,28
302,93,22,29
301,94,21,29
301,97,21,30
301,102,21,29
300,109,21,28
300,115,21,30
301,122,20,31
301,130,22,32
301,138,22,30
302,146,21,29
304,153,21,26
304,160,22,26
305,164,23,25
307,165,21,26
307,166,21,26
308,166,22,25
309,165,21,25
308,163,20,23
310,160,20,23
309,156,20,23
309,151,20,22
310,144,20,25
309,139,23,27
307,133,22,22
307,128,18,24
306,121,18,25
305,117,18,24
303,114,19,24
303,110,20,25
301,107,21,26
300,106,22,25
300,106,21,26
301,103,21,26
299,101,23,28
299,99,23,27
299,98,23,27
299,97,22,28
299,96,23,29
299,97,23,29
300,98,22,28
300,99,23,27
301,102,22,27
302,105,23,25
303,109,21,25
305,113,21,26
307,118,20,26
309,125,20,26
312,132,19,24
312,138,21,22
310,149,24,24
311,145,24,28
313,155,22,26
309,160,23,26
305,163,22,27
298,165,22,26
290,164,23,26
278,163,24,26
268,159,24,28
258,157,23,26
245,153,21,27
232,149,24,28
222,148,23,28
210,146,26,27
201,145,26,26
194,143,26,28
188,143,26,27
185,142,25,27
182,142,23,27
179,141,25,27
178,141,24,26
176,139,24,26
176,137,23,26
176,133,22,26
175,129,24,27
175,125,24,28
176,120,25,29
177,114,24,30
179,109,25,30
182,105,26,29
185,100,28,28
186,98,29,29
194,89,25,30
200,82,26,30
204,75,27,31
212,71,26,32
217,66,26,31
223,61,25,29
229,58,26,28
235,54,27,29
242,52,27,30
250,50,25,31
258,50,24,28
265,48,23,29
272,47,22,30
276,46,23,31
281,46,21,30
283,45,21,30
283,44,21,29
281,43,22,29
277,43,24,30
272,43,24,28
264,44,25,27
258,45,24,25
247,48,25,26
236,51,29,28
227,55,29,29
219,61,28,33
210,68,29,32
200,75,32,33
193,87,30,32
190,94,28,34
188,104,28,35
187,114,28,36
189,125,28,34
192,136,27,31
199,149,25,30
205,157,30,31
214,167,27,29
226,174,27,30
238,182,26,27
253,186,23,30
265,191,23,28
276,192,24,29
289,193,26,29
300,195,21,27
311,194,20,27
318,193,19,26
326,190,19,26
332,189,20,25
336,187,19,24
339,185,20,24
340,184,21,25
341,183,21,24
340,184,20,25
338,185,20,25
335,187,21,25
330,190,20,25
324,191,19,27
317,194,20,27
309,195,21,28
300,195,22,30
289,195,23,31
276,196,25,30
265,194,24,29
254,193,27,27
242,187,23,27
229,179,26,30
218,170,26,30
209,160,26,31
201,151,27,31
195,138,26,31
195,136,26,30
193,126,26,34
192,117,27,32
192,106,26,34
194,99,27,32
197,91,29,32
202,86,29,30
208,82,30,29
216,78,29,30
223,76,30,30
232,76,31,29
243,77,31,28
253,77,32,29
265,81,34,25
280,84,30,30
294,88,27,32
308,92,23,29
315,96,23,32
323,101,23,29
329,101,24,29
334,102,22,30
336,102,21,30
336,101,21,29
332,98,22,29
326,96,23,29
321,92,22,29
311,87,22,30
301,84,22,29
290,81,25,29
276,79,29,27
263,78,30,26
252,78,28,28
242,78,29,28
232,79,29,29
222,80,29,31
216,83,29,30
210,86,28,30
205,91,29,30
202,97,26,27
200,102,27,29
200,107,27,30
201,114,27,30
203,120,26,30
208,127,25,29
212,134,25,30
221,141,22,30
226,148,24,28
234,154,24,26
243,160,24,27
252,163,22,28
260,167,24,27
268,168,23,27
279,170,21,28
287,171,21,26
297,171,20,25
304,171,22,26
312,170,21,25
316,170,23,25
322,168,21,26
324,168,21,26
325,165,21,26
325,164,20,25
324,162,19,25
320,159,20,25
316,156,21,26
311,154,21,26
307,152,21,26
299,150,22,27
292,148,23,29
285,147,23,28
276,146,22,27
266,145,24,28
256,145,23,28
248,145,22,28
236,146,24,26
225,146,26,27
217,147,26,28
207,150,27,27
201,152,27,28
196,154,26,28
194,157,25,28
193,161,26,28
193,167,26,25
193,173,28,24
196,181,29,21
202,187,26,21
206,193,27,20
213,199,24,19
219,203,24,20
224,207,24,19
231,211,26,19
238,213,28,20
246,215,26,19
252,215,27,20
259,215,22,20
265,216,16,20
269,215,13,18
269,215,13,18
269,215,13,18
269,215,13,18
269,215,13,18
269,215,13,18
269,215,13,18
269,215,13,18
269,215,13,18
269,215,13,18
269,215,13,18
269,215,13,18
269,215,13,18
269,215,13,18
269,215,13,18
269,215,13,18
269,215,13,18
269,215,13,18
269,215,13,18
269,215,13,18
269,215,13,18
269,215,13,18
269,215,13,18
269,215,13,18
269,215,13,18
269,215,13,18
269,215,13,18
269,215,13,18
267,214,12,18
261,215,16,18
250,216,21,19
239,216,26,20
231,214,25,21
223,210,26,22
218,205,25,21
211,196,26,21
206,185,25,25
202,175,26,28
200,166,26,27
197,152,26,30
195,142,25,30
195,133,25,32
194,128,25,29
195,124,26,31
196,121,25,30
196,119,26,29
196,118,27,30
196,118,26,31
197,120,25,30
195,120,26,30
195,122,26,31
194,126,26,30
193,131,26,32
193,137,25,31
192,145,27,32
193,153,27,33
195,162,26,30
195,170,27,29
197,176,27,28
200,183,26,27
203,190,27,25
207,198,28,24
212,203,29,24
220,209,26,22
227,211,24,22
235,213,26,22
243,214,26,21
251,213,26,22
257,213,20,20
264,212,15,19
270,212,10,18
270,212,10,18
270,212,10,18
270,212,10,18
270,212,10,18
270,212,10,18
270,212,10,18
270,212,10,18
270,212,10,18
270,212,10,18
270,212,10,18
270,212,10,18
270,212,10,18
270,212,10,18
270,212,10,18
270,212,10,18
270,212,10,18
270,212,10,18
270,212,10,18
270,212,10,18
270,212,10,18
270,212,10,18
266,221,11,15
257,222,16,17
251,221,19,20
240,219,23,20
234,216,25,22
227,210,25,23
223,202,25,26
221,192,24,28
221,183,22,27
222,172,25,30
225,162,26,29
230,152,26,29
235,142,24,30
241,135,22,28
248,124,23,31
253,118,23,28
256,109,21,32
262,100,21,33
265,91,21,30
267,82,21,30
270,76,21,29
272,71,22,31
275,66,22,32
278,63,22,32
282,60,22,31
285,60,22,29
288,63,23,29
291,68,24,28
295,71,23,31
298,79,22,29
300,87,24,29
306,97,22,29
311,109,21,26
316,119,19,25
320,128,18,24
323,137,18,23
326,141,18,27
328,147,19,27
329,154,19,26
330,162,21,25
331,167,20,24
330,174,22,24
329,180,21,23
328,186,21,23
326,190,20,25
321,193,21,26
316,195,21,27
311,196,21,25
305,195,22,25
300,192,24,26
293,188,25,25
291,182,23,28
288,174,23,30
289,174,21,27
286,165,24,30
286,156,22,29
285,145,22,31
285,135,20,30
283,124,20,28
278,116,20,27
273,104,21,27
266,95,21,27
259,89,22,29
252,87,23,30
248,87,22,28
244,88,21,28
243,90,20,28
243,94,21,29
245,100,21,30
250,107,20,32
256,114,22,33
261,123,23,33
270,137,21,31
279,146,19,32
285,157,21,30
292,167,21,29
295,176,22,26
300,182,21,26
304,188,21,25
305,192,22,26
308,194,22,26
308,197,23,27
306,199,24,29
306,202,24,28
305,203,21,28
302,204,20,28
298,204,20,27
293,203,20,27
286,201,18,27
281,199,20,27
275,195,20,25
269,188,21,27
266,181,20,27
263,171,20,29
262,164,21,28
263,155,21,28
262,146,22,29
266,139,21,29
269,132,22,29
274,127,22,31
279,125,23,31
285,123,22,32
291,122,23,31
298,123,22,29
305,125,21,29
312,128,21,30
319,135,20,27
324,141,21,28
331,149,20,24
335,155,19,26
335,162,22,25
339,168,22,26
339,173,22,24
340,178,22,24
341,180,21,25
339,182,23,26
340,183,22,26
341,182,21,25
340,183,23,26
341,181,21,26
342,181,21,25
341,180,21,25
342,179,20,26
341,179,20,24
341,177,21,25
340,175,20,26
339,175,20,26
338,174,21,25
337,174,20,26
336,174,21,25
335,172,21,25
334,172,21,25
334,172,21,25
333,171,21,25
333,170,21,26
332,171,21,26
332,171,20,25
331,170,21,26
332,170,21,26
331,169,22,27
329,169,23,26
330,169,20,26
329,168,21,26
327,167,23,28
327,167,21,26
327,167,20,26
325,167,20,26
323,166,21,26
321,164,22,27
320,162,21,27
316,161,21,27
312,159,21,26
305,157,22,27
299,156,22,27
294,156,22,27
288,157,21,26
281,158,21,27
276,159,21,27
271,160,21,30
267,161,21,27
263,161,21,26
259,160,21,28
257,158,20,26
255,154,20,27
254,149,20,28
253,143,20,29
253,136,20,30
254,130,21,30
257,124,20,32
261,119,20,31
266,116,21,30
273,113,21,31
285,112,22,27
294,112,22,30
296,112,25,34
305,115,26,31
316,119,24,31
326,124,23,29
335,129,21,29
341,135,22,29
345,138,22,28
346,141,23,27
349,142,20,27
350,142,19,26
349,141,18,26
343,139,20,25
341,136,17,26
333,131,18,27
322,126,20,27
307,126,22,24
294,120,22,23
277,116,23,25
257,106,24,27
239,104,25,31
223,105,30,31
207,108,28,29
196,112,30,29
190,115,27,30
186,120,27,31
183,127,26,30
183,136,26,31
182,146,28,29
186,160,26,28
189,171,26,27
194,180,25,29
200,193,25,28
207,205,26,26
222,218,23,21
224,226,23,21
232,229,24,21
243,233,23,19
252,238,23,16
259,238,22,17
265,239,18,16
265,239,18,16
265,239,18,16
265,239,18,16
265,239,18,16
265,239,18,16
265,239,18,16
265,239,18,16
265,239,18,16
265,239,18,16
265,239,18,16
265,239,18,16
265,239,18,16
265,239,18,16
265,239,18,16
265,239,18,16
265,239,18,16
265,239,18,16
265,239,18,16
265,239,18,16
265,239,18,16
265,239,18,16
265,239,18,16
265,239,18,16
265,239,18,16
265,239,18,16
265,239,18,16
265,239,18,16
265,239,18,16
262,239,20,16
255,239,21,17
249,240,23,18
245,240,23,19
242,241,25,20
240,239,26,21
239,236,26,22
239,231,26,24
240,224,27,25
243,214,25,28
247,204,24,30
251,192,25,33
254,179,27,36
261,167,24,34
266,156,24,33
270,143,23,32
275,132,22,29
278,121,21,28
280,114,21,28
281,106,22,28
281,98,23,29
280,90,23,30
278,84,25,31
274,82,27,28
269,79,28,25
264,78,31,28
259,77,31,28
253,78,31,27
248,81,30,27
243,84,29,26
236,88,29,22
233,90,27,23
229,91,26,24
227,94,24,24
227,94,23,26
228,92,23,27
232,91,23,28
236,90,25,28
243,89,24,28
252,88,23,29
260,90,24,32
268,92,24,32
277,96,25,30
287,100,24,31
296,106,27,30
305,114,26,27
315,129,20,20
322,140,23,18
324,145,22,21
324,156,23,23
324,167,25,22
323,176,23,25
322,176,23,27
320,183,23,27
320,193,22,25
316,200,24,24
316,204,24,25
316,208,24,24
317,210,24,23
318,210,24,24
319,211,24,23
321,211,24,23
323,211,23,23
323,210,26,23
323,210,25,23
322,209,25,23
322,208,25,25
321,208,25,24
319,207,26,24
318,206,26,24
316,206,25,25
315,205,25,24
313,205,27,25
311,203,27,26
310,202,26,26
308,200,26,28
308,198,23,27
305,195,23,27
304,192,20,27
299,189,21,28
296,185,20,24
292,178,20,26
288,170,21,27
284,160,21,30
282,152,21,30
280,144,21,30
280,135,22,31
281,130,22,30
283,123,22,30
286,118,22,31
291,116,21,31
296,116,20,30
301,116,19,32
307,121,20,30
313,125,19,30
316,131,21,32
320,140,21,29
321,147,21,29
322,153,23,27
322,155,24,28
324,156,22,26
326,155,20,24
326,149,19,26
326,146,17,24
324,140,19,23
321,132,19,25
299,117,21,25
299,123,21,26
314,111,20,23
314,107,20,22
312,100,20,26
309,97,21,27
308,95,21,26
305,96,21,26
303,99,21,25
302,104,20,27
300,112,20,27
298,120,21,31
297,131,22,30
296,140,24,29
297,149,25,28
298,153,26,28
304,156,23,28
305,156,22,26
307,153,22,25
309,149,21,24
310,144,21,23
312,138,19,22
299,125,22,26
313,121,18,22
312,117,21,23
310,110,22,23
308,106,24,25
307,102,24,25
306,101,22,26
305,104,21,25
304,107,20,27
303,113,21,27
301,120,21,31
302,130,22,30
299,137,25,33
301,147,25,30
302,155,25,28
305,158,25,29
309,159,24,27
312,155,21,26
314,150,21,24
318,143,19,25
320,142,21,21
302,129,20,23
320,117,18,17
315,116,22,22
313,111,24,24
312,108,23,25
310,105,22,26
309,106,20,28
307,108,21,28
306,113,20,28
305,119,20,28
303,128,22,28
303,136,21,30
302,142,23,30
303,151,23,28
305,155,24,29
308,158,21,26
309,158,22,25
313,155,21,26
314,152,21,24
316,148,20,22
319,143,19,22
306,131,22,27
304,136,24,33
319,123,24,26
319,122,23,25
318,117,23,25
319,114,22,24
317,111,24,25
315,107,24,25
311,102,24,27
305,99,25,28
300,97,21,29
290,96,24,29
279,97,26,30
268,98,25,29
258,101,23,29
246,103,27,32
236,107,26,32
226,112,25,31
218,118,24,30
211,125,23,28
206,130,23,28
202,135,23,28
200,141,23,28
200,147,21,28
200,151,21,28
200,156,24,29
203,162,23,27
206,167,23,26
210,171,25,27
216,174,24,28
223,177,23,27
231,181,23,26
238,183,22,27
248,186,20,25
256,186,20,26
264,188,21,27
273,189,19,26
281,190,19,26
289,188,19,26
297,188,20,26
303,187,20,25
309,187,21,26
316,185,20,27
322,183,20,27
326,181,22,27
329,179,22,26
331,178,21,26
334,176,21,27
337,174,19,27
337,173,20,28
339,172,20,27
340,170,19,27
341,170,19,27
342,169,19,27
342,169,19,27
342,168,20,27
343,168,19,27
342,168,20,28
342,169,20,27
344,169,20,26
343,168,20,27
344,168,21,27
345,167,20,28
346,166,20,28
346,165,20,27
347,164,20,28
348,162,19,27
349,160,20,27
350,157,20,28
