451,275,53,74
450,274,49,74
451,273,50,74
450,272,49,76
451,272,50,75
451,273,49,77
450,272,51,71
451,272,50,75
451,273,48,73
450,274,50,75
449,272,50,75
450,274,50,76
452,273,50,70
448,272,51,77
449,273,50,72
450,274,50,75
452,274,51,74
449,272,50,77
453,273,52,74
450,272,51,75
450,272,52,73
450,273,52,75
453,273,51,76
452,272,49,77
451,274,49,75
450,272,54,78
450,273,50,76
451,274,51,74
448,273,53,74
453,275,50,71
450,273,51,74
450,274,52,73
451,273,51,72
451,273,51,75
452,271,51,76
450,275,52,71
451,275,52,70
453,273,50,76
448,272,51,76
450,274,50,73
452,274,51,76
449,273,50,73
450,274,51,74
452,273,50,72
451,273,52,75
450,275,50,72
451,274,51,69
450,273,52,72
450,272,52,72
451,275,51,71
448,275,51,70
453,272,49,76
451,273,51,73
449,272,51,73
452,272,51,74
451,274,51,72
451,272,51,74
448,273,50,71
452,273,51,74
449,273,52,73
449,274,52,70
452,274,51,74
451,274,51,74
450,275,52,71
447,272,52,72
448,276,52,70
451,275,52,69
449,274,53,71
450,273,52,71
450,274,51,72
452,273,51,74
449,273,52,72
451,274,51,74
450,274,51,71
450,273,51,73
449,273,53,71
451,272,50,75
450,272,50,74
450,274,53,68
450,273,51,69
450,275,52,74
451,272,51,76
451,274,51,71
451,273,51,70
450,272,53,76
451,270,52,76
450,269,53,79
451,270,52,79
450,268,54,77
450,268,54,78
449,269,56,77
449,269,55,78
450,267,56,82
448,271,59,77
448,272,59,74
450,273,62,76
448,273,62,75
447,272,60,75
448,273,59,76
449,273,60,76
450,274,61,76
452,275,59,73
452,272,60,77
450,272,58,78
450,274,59,77
453,274,59,75
457,277,59,76
459,279,60,74
467,280,63,75
472,283,60,74
476,284,60,73
482,286,63,70
482,287,63,70
485,287,66,71
484,286,66,71
486,286,68,70
491,289,64,67
488,286,66,73
489,288,63,71
494,289,58,70
489,286,63,69
492,289,60,70
490,286,63,70
492,286,62,69
491,286,62,72
490,288,62,69
490,288,61,70
490,286,63,71
492,287,62,70
491,287,62,72
491,286,62,70
492,287,62,69
492,289,60,69
492,287,63,70
492,287,62,70
493,287,61,70
492,287,62,70
491,287,62,71
492,286,62,70
491,289,62,69
492,287,61,70
492,286,63,73
491,284,62,71
491,288,62,68
491,286,59,70
492,288,62,71
490,288,62,71
491,287,62,68
491,286,61,71
492,288,61,71
490,286,61,72
491,288,62,69
491,289,62,70
492,287,62,68
493,288,60,69
492,286,61,72
492,286,62,73
491,287,61,70
491,286,62,71
491,288,64,72
489,288,63,68
492,285,62,72
491,288,62,71
489,286,62,70
489,285,63,72
491,290,63,67
492,288,61,70
491,286,62,71
491,289,62,70
490,286,61,70
491,286,61,71
493,285,63,71
489,286,63,71
491,288,62,69
491,287,61,69
491,290,61,69
492,289,61,71
491,287,61,71
492,286,63,72
490,286,61,70
491,288,62,70
491,289,62,70
491,286,62,70
491,285,63,71
490,288,62,69
491,288,62,70
489,287,62,70
492,289,62,70
489,287,63,68
491,286,64,70
490,287,62,72
489,284,64,73
489,288,64,69
488,289,67,72
489,289,66,68
489,289,65,71
490,289,69,70
491,288,64,71
490,286,66,72
487,288,65,69
485,289,68,71
483,283,64,71
480,285,63,67
479,282,63,69
474,278,63,74
472,275,61,74
471,272,59,74
470,270,58,72
468,271,57,69
467,268,56,67
466,269,55,68
466,268,56,70
465,267,55,66
463,265,58,67
461,263,60,69
461,266,56,64
458,265,50,62
456,266,51,60
452,262,56,63
456,265,50,63
453,267,53,62
454,264,52,63
456,262,49,67
457,262,49,67
461,265,47,66
457,265,47,66
455,267,51,65
457,264,50,67
453,264,52,69
458,265,49,69
453,265,52,66
451,266,51,68
454,265,46,69
455,266,46,67
456,264,45,68
457,267,46,66
455,266,48,66
455,266,47,68
456,266,46,68
455,267,47,67
455,267,47,66
454,266,48,69
455,266,46,68
454,267,46,67
456,266,46,68
455,267,45,66
455,266,46,68
456,265,47,68
458,264,47,68
456,265,46,69
454,266,46,68
455,266,46,66
456,266,46,67
455,266,47,68
456,267,46,66
456,265,46,71
456,266,47,68
455,266,46,68
456,267,47,66
455,265,46,68
455,265,46,70
455,266,45,69
455,265,47,68
455,264,46,69
455,266,47,67
454,264,47,70
456,265,47,69
457,264,48,69
454,263,48,70
455,265,48,68
455,266,48,70
455,266,46,67
456,266,46,65
455,265,46,66
455,266,45,68
455,265,46,69
454,265,47,67
457,266,47,67
455,265,46,71
454,267,47,68
456,265,46,70
455,266,46,69
455,266,45,70
455,265,46,69
455,265,47,68
455,264,48,70
453,265,47,68
454,265,46,69
455,266,46,70
455,266,46,68
455,265,46,68
455,265,46,68
455,266,48,68
458,265,46,69
457,265,45,66
456,266,45,68
456,264,47,69
455,266,46,69
455,267,46,67
456,268,46,66
455,266,46,67
456,266,46,69
455,265,46,68
457,266,48,67
456,265,46,68
453,266,48,68
456,267,47,66
457,266,45,66
457,266,46,66
456,267,47,69
456,266,46,69
456,266,46,67
455,267,46,68
455,267,45,69
456,267,48,67
457,266,45,69
455,267,47,68
457,266,47,67
454,265,47,69
455,264,45,68
456,265,46,67
455,266,46,64
455,266,47,71
455,266,45,68
457,266,45,67
454,267,45,68
455,267,45,68
455,265,47,66
456,266,46,65
456,265,46,65
454,266,46,69
458,265,45,67
456,266,47,73
455,265,47,71
455,264,48,69
456,266,46,68
456,265,45,69
455,264,47,68
457,266,47,67
455,266,46,68
457,266,44,68
456,265,47,66
456,265,46,67
454,265,46,68
456,265,46,70
456,266,47,68
455,265,44,68
456,264,46,68
455,265,47,68
454,265,45,69
459,266,44,67
455,266,44,68
456,266,44,66
457,264,46,69
454,265,46,68
457,266,43,66
454,264,46,67
456,266,47,68
454,267,45,66
455,266,45,68
455,265,44,70
456,267,45,67
457,266,46,67
457,268,46,63
457,267,46,66
457,266,46,69
456,266,46,69
456,266,46,67
457,265,46,67
454,265,46,68
455,264,47,69
454,266,48,68
454,265,47,69
457,266,45,66
454,266,46,67
455,265,45,67
455,266,45,70
454,263,47,70
455,259,49,72
454,260,48,72
454,265,51,67
454,268,47,65
453,267,50,66
453,268,51,67
453,268,52,65
452,267,55,69
451,268,55,68
449,267,55,68
443,267,61,70
444,268,58,70
444,268,55,71
438,269,57,75
435,270,56,77
433,272,58,78
429,274,55,77
425,276,55,75
421,279,53,75
413,278,57,74
410,277,58,76
403,281,61,74
401,278,63,79
401,279,59,75
398,281,59,74
397,277,57,80
396,277,58,78
398,279,56,74
397,277,55,77
400,282,55,72
398,280,56,77
398,281,55,76
399,278,53,77
398,279,56,77
396,279,55,78
398,279,55,76
396,280,55,76
396,279,55,77
398,279,56,78
396,279,55,76
399,280,55,76
398,278,55,80
399,278,55,77
399,277,53,76
399,279,55,77
398,279,55,76
396,279,55,76
399,279,54,76
401,280,54,75
399,279,56,74
399,281,56,75
399,279,56,75
397,278,54,76
399,280,55,76
397,279,54,76
399,278,52,78
397,277,56,77
400,276,55,78
399,280,54,74
399,279,55,77
398,278,55,77
398,278,57,79
397,278,55,75
398,277,54,76
398,277,55,77
401,278,54,73
400,280,54,75
398,281,55,74
398,276,57,80
399,281,59,72
399,278,55,78
398,280,58,76
398,281,55,74
473,277,52,73
472,279,52,74
398,276,55,77
472,279,52,72
471,279,50,75
474,276,51,76
471,280,51,71
471,277,53,74
475,278,50,74
473,279,50,72
473,276,54,77
472,278,52,74
473,280,52,72
473,279,52,74
471,279,51,72
472,277,52,74
474,278,53,72
473,277,52,77
472,279,51,74
473,276,53,74
472,277,53,75
471,278,51,75
473,279,52,75
473,277,54,77
474,278,52,74
473,280,49,72
472,278,51,75
472,279,51,73
473,277,53,74
472,277,51,73
475,279,53,75
474,278,51,73
472,276,54,77
473,276,51,76
472,277,52,76
471,279,51,71
474,277,52,74
471,279,51,73
472,277,53,74
471,279,52,74
471,277,53,77
473,276,52,75
471,278,53,73
472,278,50,73
474,278,53,75
473,278,52,74
471,279,52,73
471,279,53,73
472,280,54,73
471,278,52,75
472,277,52,75
470,280,52,71
476,279,50,71
473,279,50,74
471,277,53,72
472,278,52,76
473,279,51,74
471,278,49,73
472,279,52,77
473,277,52,75
473,278,52,73
471,277,52,72
474,279,52,73
473,277,52,73
470,278,53,72
472,279,51,73
471,277,52,74
471,279,53,73
474,278,51,73
473,278,51,76
471,280,51,71
470,278,52,73
474,277,53,73
472,278,52,73
471,278,53,75
473,278,53,72
471,277,54,75
472,277,53,75
473,277,52,76
471,278,54,71
473,277,54,77
473,278,52,73
472,278,52,74
474,279,53,75
471,277,53,74
471,278,52,74
470,278,53,74
471,277,53,77
473,278,51,72
470,279,52,74
474,277,52,73
471,278,51,75
473,278,52,74
471,279,54,70
473,278,51,73
472,279,53,75
471,279,54,75
474,276,52,74
473,279,51,73
472,280,52,71
471,279,52,73
473,279,51,75
471,277,52,74
472,279,51,75
470,278,51,73
472,278,51,74
474,277,52,74
474,278,52,75
470,278,52,74
473,276,54,77
474,277,52,73
474,279,53,72
470,277,53,74
470,279,52,74
473,278,51,74
472,279,53,72
471,278,53,71
473,278,52,73
471,279,53,71
473,280,51,74
473,277,50,73
473,276,52,74
473,277,57,74
468,278,62,70
469,280,65,71
468,280,61,71
467,280,64,70
468,279,63,70
471,278,60,71
469,276,63,71
467,273,60,67
461,271,57,67
451,269,52,65
391,268,49,69
390,267,49,71
390,268,49,68
390,268,49,68
388,266,50,70
389,264,51,75
391,261,50,76
389,260,53,79
389,260,53,79
389,260,53,79
389,260,53,79
389,260,53,79
389,260,53,79
389,260,53,79
389,260,53,79
389,260,53,79
389,260,53,79
389,260,53,79
389,260,53,79
389,260,53,79
389,260,53,79
389,260,53,79
389,260,53,79
389,260,53,79
389,260,53,79
389,260,53,79
389,267,52,70
388,267,58,68
388,267,58,68
388,267,58,68
388,266,57,72
387,267,61,72
387,267,61,72
392,265,58,74
394,263,54,76
396,263,55,73
397,260,55,75
402,259,54,75
400,256,56,73
408,255,56,72
411,253,52,70
413,252,55,75
416,251,55,75
419,252,53,76
425,253,50,68
425,254,51,61
313,263,49,69
224,256,48,71
226,257,45,69
226,255,46,70
226,256,47,70
224,255,45,72
228,256,47,69
226,256,46,68
224,252,45,68
225,256,46,69
226,255,45,69
225,253,47,70
226,256,46,70
223,253,45,69
225,254,47,69
227,257,45,67
225,254,45,68
227,256,44,67
227,254,46,70
226,254,46,71
227,255,44,72
225,253,44,68
224,254,47,70
227,254,46,70
226,255,45,70
227,254,47,69
226,256,47,68
226,257,46,69
228,254,44,71
226,256,47,70
224,253,47,73
228,258,46,71
226,253,47,68
225,257,49,72
227,256,44,67
228,254,47,69
224,252,45,71
228,257,47,71
224,253,46,73
227,254,45,70
227,256,45,69
224,253,45,71
225,254,46,69
227,255,47,70
224,252,45,69
224,254,47,68
224,256,44,65
227,257,47,67
226,256,48,69
227,252,47,70
225,252,48,71
227,255,45,70
227,256,47,70
223,255,47,68
227,254,46,70
224,255,48,70
225,255,46,68
227,256,46,69
224,257,46,69
228,253,48,70
225,256,49,67
227,252,45,70
225,255,48,68
225,253,45,71
227,256,45,68
224,256,45,69
227,253,46,71
227,254,44,69
228,256,45,68
226,251,46,71
227,255,46,69
223,257,48,70
226,254,46,69
227,254,48,70
226,254,44,68
225,254,47,67
225,254,49,69
227,256,46,67
225,253,47,70
227,254,48,69
225,256,46,66
225,256,45,68
227,255,46,68
226,256,48,69
227,256,48,66
224,255,48,68
226,256,48,70
226,252,47,68
226,255,46,72
226,255,43,70
226,253,47,73
228,254,47,66
225,253,45,69
224,254,48,69
227,256,45,65
226,257,47,68
223,253,46,68
224,253,47,68
224,254,47,70
228,254,47,71
225,254,46,68
225,255,48,66
226,252,47,69
227,256,46,67
225,258,47,66
222,253,50,69
226,255,47,67
225,254,47,69
224,254,49,69
226,256,50,67
219,250,53,69
219,246,53,74
216,243,54,75
218,241,54,80
220,239,54,75
220,239,54,75
220,239,54,75
323,261,46,69
445,270,46,74
443,270,51,73
444,270,50,73
444,269,52,73
444,269,50,70
444,269,50,72
445,270,50,72
441,269,52,70
443,269,53,71
443,270,52,69
442,270,53,68
442,270,51,71
445,269,52,72
442,269,53,72
444,270,53,69
443,269,52,67
442,271,53,68
443,270,54,67
442,269,55,67
442,270,55,67
441,270,52,67
439,269,55,69
436,269,56,72
438,266,57,74
439,265,55,69
439,262,54,72
435,260,55,67
433,255,54,68
433,250,53,71
433,243,54,73
433,241,54,67
435,238,56,64
437,230,53,66
440,224,52,68
442,223,52,66
440,221,52,64
439,223,51,67
437,220,57,67
433,222,61,66
432,222,64,64
431,220,67,64
432,221,70,65
429,225,75,61
426,229,78,53
426,230,78,54
426,246,76,47
438,224,68,65
434,220,70,81
444,216,57,89
445,211,57,90
448,210,53,96
450,211,52,94
445,214,55,100
444,212,53,101
445,208,51,105
443,212,47,103
441,216,50,104
438,212,49,111
436,216,51,119
433,214,51,127
431,219,52,122
433,218,52,124
432,217,54,125
430,215,49,126
426,226,55,117
432,218,47,122
433,238,46,104
432,249,44,94
432,256,49,86
433,268,45,74
433,269,48,69
433,271,46,69
433,272,45,70
434,271,48,71
435,272,46,67
435,269,46,70
432,271,48,68
434,272,45,67
433,270,46,71
432,272,45,68
432,269,49,68
434,272,45,68
433,268,46,68
433,272,47,68
431,270,48,69
435,270,47,71
433,273,46,67
434,272,48,67
433,271,47,69
435,272,47,66
433,270,46,70
431,270,46,68
433,271,45,67
435,271,44,68
432,271,47,69
432,268,47,70
433,270,47,69
432,271,48,67
433,270,47,69
432,269,47,71
430,271,48,70
434,271,46,71
433,270,46,69
433,270,48,67
432,271,47,69
433,270,49,71
432,270,47,69
434,267,48,70
432,271,47,69
434,272,48,68
434,269,47,70
432,271,47,71
435,268,47,71
434,271,44,68
431,269,43,71
435,270,43,69
433,269,43,72
435,270,48,71
429,259,51,80
431,260,52,81
429,264,52,78
429,263,52,75
426,264,51,74
424,260,51,75
417,258,51,76
411,256,51,77
408,254,48,75
397,254,60,75
390,250,62,76
390,250,62,76
390,250,62,76
235,253,45,67
227,255,44,64
228,253,47,63
228,255,44,63
228,254,45,63
228,255,45,66
229,256,45,65
229,254,44,66
231,254,43,64
228,255,43,64
227,254,46,62
231,253,44,62
226,254,44,63
229,255,46,61
227,254,46,63
229,258,43,59
231,256,46,61
229,255,43,65
229,253,46,63
227,251,46,66
227,257,44,60
226,259,45,60
224,256,47,64
223,255,47,67
225,260,49,65
225,256,47,75
224,259,50,74
228,264,51,73
233,262,53,76
238,262,49,83
245,268,52,79
253,268,56,81
266,269,50,84
275,266,60,84
401,262,48,73
401,268,44,68
403,268,48,69
407,266,44,67
404,264,46,70
403,266,45,68
403,268,43,68
405,265,45,68
404,266,45,69
405,268,42,69
405,268,44,67
403,266,41,69
404,268,46,69
404,267,44,65
405,268,44,67
403,268,47,67
405,269,47,71
406,267,44,67
406,267,43,65
406,266,44,66
405,266,42,70
403,262,47,71
406,264,44,69
406,265,44,72
404,267,46,68
403,264,47,71
405,267,46,66
403,265,46,69
404,265,44,67
402,262,43,66
398,264,46,67
398,260,43,64
395,260,44,65
392,260,43,62
394,261,43,62
391,260,44,62
392,259,44,64
393,259,44,64
396,260,39,64
397,258,39,66
398,259,37,63
386,265,46,72
387,269,50,76
387,266,53,78
393,269,50,76
395,270,50,73
394,270,52,74
391,265,56,79
392,264,57,80
395,270,53,74
389,264,57,81
396,267,54,75
395,267,51,78
393,265,53,78
395,266,52,77
399,270,49,73
400,273,47,71
398,271,48,71
397,270,50,73
396,270,49,73
396,271,52,75
397,270,52,73
397,271,51,71
398,273,51,75
399,273,47,72
399,271,50,74
398,274,48,73
400,271,46,72
398,270,48,75
398,271,48,72
398,273,47,70
400,272,46,72
400,271,47,74
398,273,48,71
398,269,49,73
398,269,51,77
400,270,49,74
402,266,50,80
403,265,50,80
405,270,50,74
408,269,48,76
409,272,50,77
411,270,50,80
412,264,56,86
417,271,50,80
425,269,51,82
428,270,51,80
431,266,54,85
432,258,61,90
432,253,60,92
435,252,59,94
435,252,60,91
435,251,59,89
436,250,58,92
437,250,53,91
439,251,56,91
437,250,60,92
438,250,56,91
437,249,58,89
437,250,56,88
436,251,60,85
436,251,58,85
436,251,55,85
437,250,53,83
433,250,51,80
433,248,50,81
432,248,50,80
429,250,55,80
402,254,65,76
384,264,73,68
385,258,79,71
382,258,79,73
382,249,71,81
379,252,58,79
379,256,53,71
373,259,59,72
377,259,54,69
384,266,48,67
384,264,46,65
387,264,45,65
387,265,46,65
389,267,44,66
388,265,43,68
388,266,42,65
387,264,45,66
389,264,43,67
389,266,41,66
388,263,43,68
389,266,43,65
387,265,45,68
390,266,45,69
390,264,43,69
388,263,44,68
387,264,45,68
386,264,45,69
387,263,42,70
390,265,45,70
396,267,47,72
400,267,48,71
403,267,49,72
408,266,51,73
411,266,48,73
414,257,55,84
419,264,51,78
420,251,53,89
419,248,55,91
417,249,58,91
420,249,56,90
417,255,57,84
419,255,57,86
419,249,57,92
418,251,57,90
419,251,57,90
417,250,59,92
418,252,60,89
417,252,58,90
419,253,56,88
418,253,56,85
418,253,55,87
416,256,56,85
420,256,54,84
416,255,56,85
420,253,57,86
419,257,54,82
418,256,56,85
416,257,57,80
418,256,55,83
419,257,55,82
419,255,56,85
418,257,57,83
418,255,56,84
420,258,55,83
417,255,59,85
419,257,57,80
419,256,56,83
419,258,56,83
418,257,56,84
420,256,55,84
419,257,56,84
418,259,58,82
417,256,58,83
417,256,57,82
417,257,58,83
419,258,59,83
417,254,58,83
419,258,57,81
419,256,57,82
416,258,58,81
419,257,55,81
417,257,59,85
419,256,57,84
419,257,56,82
420,258,55,81
421,259,56,83
420,254,59,89
419,249,58,95
417,239,56,100
417,228,51,112
416,250,52,91
420,263,46,79
419,270,48,69
421,273,51,67
420,269,47,70
419,270,47,69
422,269,47,68
420,271,47,68
417,270,47,71
421,270,50,69
419,269,46,70
420,270,50,68
418,271,46,68
420,269,49,68
421,271,47,69
420,269,49,70
419,268,48,68
422,272,48,68
418,271,48,70
421,271,49,68
420,270,48,71
419,270,47,69
422,270,49,71
420,270,48,68
420,271,47,68
421,271,46,67
421,271,49,67
421,272,47,66
418,269,46,68
420,272,49,68
421,269,47,67
419,269,47,69
420,271,46,68
424,271,45,67
420,271,44,69
423,268,46,67
419,269,48,68
421,271,47,70
422,269,48,70
420,269,47,69
423,269,47,68
421,271,49,70
423,268,45,72
419,270,47,69
421,269,44,70
423,268,43,71
423,270,47,70
424,267,44,70
425,268,48,73
426,263,49,77
427,249,52,88
429,242,55,87
428,241,59,98
436,232,51,119
436,225,53,120
437,224,55,125
439,224,58,117
443,224,54,112
445,230,54,109
449,233,51,91
448,237,49,88
445,242,48,82
446,246,47,81
448,249,50,76
446,247,50,82
446,243,47,82
444,250,47,77
447,263,42,63
447,264,43,62
450,262,43,63
446,263,42,65
448,263,42,64
448,264,41,61
449,264,41,63
451,263,40,64
447,263,42,62
446,263,41,62
449,263,42,63
446,265,41,62
447,264,44,59
447,265,41,61
448,263,40,64
451,263,41,64
447,264,43,64
450,263,41,61
448,265,44,62
449,260,41,63
448,263,43,63
445,263,42,64
449,263,43,63
449,264,43,61
447,263,44,64
447,264,42,62
446,265,43,61
450,261,42,63
446,265,43,63
450,265,43,62
446,263,43,62
449,264,43,62
448,263,43,63
448,265,42,60
447,263,40,62
447,262,43,64
448,263,41,62
446,261,43,66
447,264,43,64
450,263,40,61
448,264,42,62
447,264,40,60
450,263,42,61
446,266,44,61
445,266,47,59
448,264,45,60
445,264,42,60
450,264,39,61
447,263,41,62
450,263,43,62
446,263,46,62
447,258,51,67
444,251,57,75
446,248,50,78
449,247,48,80
446,249,50,78
448,249,48,79
445,249,50,79
445,250,51,78
446,251,47,74
444,252,50,76
445,251,49,75
445,252,51,77
443,252,51,74
444,252,48,76
443,252,51,78
442,249,49,80
444,253,51,76
442,256,51,77
441,253,54,79
439,255,58,79
439,255,56,80
436,256,57,82
435,259,57,82
432,257,57,82
431,260,56,83
428,259,56,85
424,261,58,87
423,261,58,90
419,262,59,91
416,260,61,91
414,265,63,86
414,260,63,92
410,260,60,94
409,264,63,87
405,265,66,87
406,260,60,91
407,253,57,102
407,245,54,112
406,245,54,110
405,254,55,103
409,269,46,85
409,275,50,76
406,279,53,77
409,274,51,74
406,278,50,75
408,279,52,73
405,277,55,77
408,277,52,77
406,277,52,74
409,278,49,74
408,279,51,77
408,275,50,76
407,277,50,75
406,276,53,78
407,275,49,77
409,276,49,78
408,279,52,74
407,276,49,75
409,275,52,76
404,279,54,76
407,275,53,75
408,275,50,76
405,277,52,76
406,275,52,77
407,276,51,76
409,275,47,77
410,278,50,76
405,276,52,76
411,276,50,74
405,277,52,77
408,276,50,75
408,277,52,78
409,274,51,76
405,275,53,76
407,277,52,76
406,279,52,77
406,278,52,75
408,275,50,76
407,277,49,75
409,275,53,77
410,272,50,76
413,272,52,75
414,266,51,80
413,267,51,76
414,259,50,81
412,265,47,72
410,264,46,72
403,262,48,69
400,257,45,70
397,259,43,65
393,257,44,65
391,255,41,66
391,255,38,66
391,255,38,66
370,279,46,68
376,275,46,76
380,274,48,77
381,272,55,79
385,272,54,75
389,272,50,76
390,274,49,76
393,273,51,75
393,276,48,71
394,276,50,73
392,273,50,76
394,273,48,74
394,272,49,78
396,274,47,74
392,274,49,75
394,274,50,75
391,272,50,76
393,273,50,75
395,276,50,75
393,272,50,74
394,272,51,76
392,274,50,75
393,273,51,78
393,276,49,77
390,272,51,76
392,272,51,75
392,273,50,75
393,274,49,74
397,275,48,74
395,274,47,75
395,274,47,76
395,275,50,75
392,272,50,75
391,273,50,76
393,269,52,80
393,270,54,81
394,272,54,78
401,272,53,80
406,271,52,80
406,269,52,77
411,270,51,76
413,271,51,77
417,268,49,80
421,269,51,78
422,266,52,80
421,262,52,83
424,267,49,75
423,264,49,77
423,265,50,72
423,266,49,71
423,265,51,72
424,259,48,76
423,264,48,71
423,266,48,70
423,266,46,69
424,266,49,70
423,267,48,69
425,267,49,68
426,264,45,71
425,269,47,67
425,267,47,66
425,267,46,65
426,269,45,67
425,269,46,67
426,269,45,64
424,269,47,66
424,269,45,65
423,270,50,66
426,268,47,65
423,268,49,67
424,266,47,67
425,270,46,65
426,268,45,66
424,267,49,68
425,271,49,63
425,268,47,66
425,270,47,67
426,270,47,64
426,267,45,67
425,269,46,64
424,270,47,65
425,269,48,65
425,270,48,67
425,270,47,66
424,269,50,65
425,266,46,64
425,271,49,66
424,270,47,67
425,270,49,67
425,268,48,66
426,269,46,65
424,269,48,66
425,271,47,66
425,268,48,66
425,270,48,64
425,268,47,65
424,272,50,64
425,270,47,65
425,271,47,68
424,268,52,64
426,270,47,64
426,270,47,65
424,267,54,65
423,270,56,66
422,270,58,66
416,267,59,69
415,268,57,68
410,267,60,69
407,268,58,65
395,268,69,66
389,266,63,64
381,267,68,63
381,267,68,63
381,267,68,63
381,267,68,63
381,267,68,63
381,267,68,63
381,267,68,63
381,267,68,63
310,260,60,75
185,255,56,68
185,256,56,65
185,256,55,65
186,255,56,68
188,253,55,67
187,258,57,63
190,254,55,64
196,255,53,66
195,252,48,65
196,257,54,62
195,253,53,66
197,253,53,67
198,256,53,62
201,255,54,68
198,254,55,65
199,258,54,68
196,255,55,69
197,257,56,70
197,258,58,70
201,261,59,70
204,262,54,72
210,264,54,72
214,265,56,74
217,265,60,75
223,266,60,76
228,267,59,78
230,268,64,79
380,275,56,79
383,277,63,80
381,279,66,78
380,279,66,78
376,281,65,76
373,282,59,77
371,282,56,74
368,283,56,73
362,283,57,72
352,285,59,70
345,287,59,71
338,287,58,67
331,290,54,68
324,288,54,68
317,291,53,66
255,274,52,77
254,269,54,79
253,270,51,79
254,269,50,81
254,268,54,80
310,290,56,70
312,294,55,63
308,294,55,64
310,293,56,62
309,293,56,65
312,291,54,64
310,289,54,68
311,292,54,63
311,292,50,65
312,290,51,68
311,292,53,64
312,291,53,66
309,292,54,64
310,291,52,66
311,292,55,66
311,292,56,65
312,291,55,68
309,295,56,63
311,294,53,65
310,294,57,60
309,291,58,63
309,295,55,63
304,292,62,63
308,293,59,65
307,292,56,65
308,292,61,66
309,293,58,65
308,293,56,64
310,293,57,64
307,291,56,65
312,292,52,65
313,292,52,66
312,292,54,65
310,292,55,64
311,292,53,62
309,294,56,62
312,293,53,64
313,293,51,62
310,294,50,61
310,292,54,64
308,295,58,59
304,292,57,67
309,293,56,64
308,295,54,63
310,294,55,62
310,294,53,63
310,295,55,62
307,290,56,67
308,292,56,65
309,292,55,65
311,293,51,64
309,293,52,64
309,292,55,65
313,291,52,63
312,293,53,62
310,292,53,62
311,291,52,66
312,294,54,61
313,293,50,63
310,292,55,68
309,292,56,65
310,293,57,62
309,292,58,65
309,294,63,61
309,293,67,63
309,292,70,64
311,292,68,64
312,290,72,65
436,288,57,69
439,287,55,69
438,286,53,69
438,287,55,72
439,285,54,71
438,285,56,72
438,286,55,73
438,286,53,72
441,285,54,72
436,286,53,72
439,287,54,69
438,286,54,71
436,287,54,69
438,287,55,71
439,285,56,73
441,287,50,70
439,286,51,74
440,288,53,68
438,289,54,69
437,287,56,69
440,286,56,69
440,287,54,72
436,286,55,71
440,288,54,70
438,287,52,69
440,285,52,72
438,287,56,73
440,288,53,70
437,282,56,75
436,287,59,68
440,290,58,72
442,288,60,69
444,288,63,68
442,287,68,67
438,285,71,71
438,284,70,74
439,282,67,74
437,276,64,74
436,273,65,75
438,272,62,72
435,269,62,66
436,263,58,72
435,260,60,69
435,257,63,65
432,252,70,66
435,249,67,62
437,244,65,60
436,245,69,58
445,247,62,53
448,251,58,52
446,249,59,53
444,249,57,53
432,239,66,60
429,234,65,64
425,235,60,63
423,236,57,64
421,236,54,66
418,240,54,62
418,242,50,61
422,245,47,62
422,243,43,62
420,242,44,59
420,239,44,59
421,240,47,62
420,240,45,62
425,248,42,60
425,253,47,59
425,254,49,57
425,258,46,57
426,258,47,61
424,259,47,63
425,264,45,63
428,265,46,62
429,265,45,67
431,263,46,70
429,263,48,71
428,263,47,72
428,262,48,69
425,264,46,70
425,265,45,68
428,266,45,67
431,265,46,68
431,263,49,68
431,263,45,71
430,265,44,69
425,264,47,67
426,265,45,67
425,266,43,67
427,265,46,68
430,264,44,71
426,262,48,70
429,266,45,68
427,266,46,70
429,263,47,70
428,264,46,70
428,266,46,68
426,265,45,69
428,268,46,63
426,264,46,69
428,265,46,75
423,266,52,87
422,263,53,94
423,264,53,92
426,265,51,95
425,264,48,91
427,262,46,88
429,262,44,79
427,263,46,75
427,266,47,70
426,266,47,70
428,266,45,71
428,265,44,68
427,265,45,70
427,264,49,68
428,265,44,68
429,265,46,71
430,265,45,70
429,266,46,66
427,266,45,66
427,263,47,71
427,264,45,72
427,264,46,69
429,264,47,71
430,265,46,67
427,263,45,71
430,265,46,69
428,264,45,70
426,263,45,74
430,265,45,70
426,264,47,71
431,265,46,70
427,265,45,71
428,263,45,72
429,266,47,68
428,265,46,70
428,265,46,70
429,266,45,67
428,265,44,69
428,266,46,65
428,266,46,69
431,266,44,70
430,266,46,68
429,265,46,69
431,267,45,66
431,264,43,70
428,266,44,70
428,265,44,70
428,265,48,73
429,266,46,70
429,267,46,68
429,265,44,71
427,264,44,71
426,264,44,73
429,265,45,72
428,264,45,74
430,264,44,71
428,266,45,67
428,266,45,69
429,264,44,71
428,263,45,71
430,263,45,69
429,265,45,71
429,264,44,71
429,263,44,72
431,263,46,72
429,266,45,69
427,263,44,72
425,264,46,72
429,265,45,72
427,266,44,69
430,265,44,71
427,265,44,71
429,264,46,73
428,264,45,73
429,266,45,69
427,265,45,70
430,263,44,73
429,265,44,72
429,267,46,70
428,265,43,73
429,265,44,71
429,265,44,69
427,264,45,66
429,264,45,69
430,264,45,71
428,264,43,70
429,264,45,69
428,264,43,69
427,264,45,69
429,264,44,69
429,263,43,70
431,264,43,67
428,263,44,71
429,265,45,71
430,264,44,73
427,265,44,70
430,265,45,71
426,264,44,72
429,265,45,69
429,264,44,70
