167,228,56,52
165,228,52,51
164,228,51,49
162,229,51,48
161,227,51,49
160,225,50,47
159,223,50,45
157,221,50,46
156,218,50,47
155,216,49,47
154,214,48,47
153,212,48,48
152,211,49,47
151,211,48,46
151,210,48,46
149,210,49,47
149,212,48,46
149,212,48,47
148,213,49,47
148,213,48,47
147,216,48,47
147,220,48,47
147,225,48,47
146,231,47,49
147,235,48,49
149,232,48,48
151,227,49,50
154,225,48,51
157,225,48,53
161,225,48,53
165,226,48,55
170,223,48,56
176,219,47,57
186,215,44,58
191,214,44,60
198,213,43,59
202,210,46,60
208,206,46,57
215,204,46,57
222,205,46,59
229,210,45,61
235,210,47,60
241,205,48,56
247,201,48,57
253,199,49,58
257,201,50,57
263,204,49,57
268,208,49,56
272,212,48,57
275,218,49,56
278,224,47,54
281,230,47,53
283,234,47,54
284,241,48,52
285,247,46,51
285,255,48,51
285,261,47,51
284,264,47,50
283,265,46,50
281,264,45,47
278,262,44,47
274,262,44,46
271,263,43,45
266,263,41,47
263,261,43,50
259,260,42,49
252,259,48,49
247,257,45,49
243,254,49,50
236,251,46,49
230,249,47,49
226,248,45,47
223,247,44,48
218,245,44,49
215,243,47,49
213,242,48,50
209,241,49,51
207,240,51,51
207,238,50,52
207,235,49,53
206,233,51,53
208,230,51,55
210,232,49,52
215,231,48,54
218,231,47,54
223,230,48,54
228,229,49,50
233,227,53,51
241,226,52,51
251,226,50,50
259,223,50,51
269,223,50,50
279,223,49,52
289,223,48,49
298,223,48,48
305,223,50,48
315,222,49,49
325,220,49,50
333,217,50,52
340,213,50,52
346,208,50,53
353,204,50,53
358,203,50,54
364,202,51,54
367,201,52,55
369,199,53,54
369,193,55,55
368,189,56,56
366,188,56,56
364,188,56,55
361,190,57,58
357,193,56,58
351,196,57,59
345,201,57,59
339,206,57,59
332,211,51,58
324,210,50,60
315,209,46,60
305,209,46,57
295,210,44,57
284,210,44,59
274,208,45,61
263,205,48,59
251,198,51,60
242,192,54,60
234,187,55,61
227,184,55,61
219,185,56,61
208,189,60,64
204,196,58,62
196,205,59,61
194,212,55,60
191,217,53,60
187,220,53,57
181,221,55,55
177,221,55,54
176,220,54,53
175,219,51,52
174,215,50,48
174,215,50,49
175,210,49,50
174,208,49,50
175,201,48,48
176,192,47,49
178,185,46,49
179,177,46,50
181,172,46,49
184,167,45,49
186,165,44,48
188,164,44,47
190,163,44,46
193,164,44,47
194,165,46,48
196,165,47,50
197,166,49,50
200,164,50,50
204,165,50,49
207,165,50,51
211,167,50,54
214,172,52,57
217,180,54,59
221,188,53,58
224,194,55,58
229,199,54,54
235,198,53,56
239,200,52,54
243,200,53,56
248,203,52,53
252,201,53,55
257,200,51,54
260,199,51,55
264,197,51,56
268,197,48,54
269,198,48,52
256,199,62,53
149,202,17,53
113,194,48,60
106,193,52,63
102,192,56,65
101,192,55,68
100,196,57,69
102,202,57,72
106,210,58,72
110,217,60,75
117,223,62,78
130,226,57,75
143,223,61,72
162,214,63,68
182,209,65,69
204,207,61,72
219,210,68,66
238,214,65,65
254,217,62,68
272,217,62,65
286,215,62,66
301,213,60,64
306,209,64,63
310,206,66,59
325,204,57,54
333,199,53,53
337,195,53,52
341,192,51,53
342,189,50,54
343,188,49,54
343,189,49,51
342,190,48,50
341,192,47,50
338,193,48,51
336,194,49,51
332,195,50,51
329,196,49,51
325,198,50,50
322,198,49,50
315,199,51,49
309,200,52,50
304,202,52,51
297,204,54,53
290,207,55,55
284,209,54,58
277,213,55,61
270,217,58,62
262,218,58,61
252,215,62,65
242,208,66,68
234,201,67,68
227,193,66,67
219,188,66,67
210,180,65,70
203,171,64,73
196,163,64,74
188,155,64,74
182,150,62,70
171,147,63,69
162,145,65,67
161,143,64,70
155,144,66,70
154,144,66,70
148,147,69,72
142,153,72,73
138,164,71,71
136,172,71,65
135,178,72,65
137,184,71,65
140,188,68,67
144,189,66,68
148,192,64,65
152,190,63,61
157,184,63,58
164,175,60,58
171,165,57,59
181,157,51,58
188,150,49,58
193,146,48,55
196,144,49,53
201,142,48,51
205,140,48,51
209,140,47,50
212,139,46,49
214,140,47,49
215,139,48,49
217,139,47,48
217,139,47,49
216,139,48,48
214,139,49,48
212,139,49,48
210,139,48,48
206,137,49,48
203,135,49,49
198,135,50,49
194,132,50,51
187,129,52,53
184,127,51,54
177,125,54,54
169,124,57,53
166,121,57,55
161,118,58,56
158,113,59,59
155,110,61,59
155,106,62,61
158,101,60,62
161,99,61,62
167,98,57,61
173,97,56,62
181,96,54,62
189,97,53,60
202,95,48,61
212,95,46,60
223,96,45,57
233,96,43,56
243,97,42,55
252,97,42,54
259,97,42,54
266,97,43,51
272,96,44,50
278,95,45,49
282,94,45,49
285,93,44,48
286,93,45,48
286,93,46,45
285,93,47,44
282,94,48,45
279,96,48,46
276,98,47,48
270,101,48,48
263,104,47,50
256,108,46,49
247,112,45,50
236,114,46,52
223,116,48,53
207,115,52,53
192,115,55,54
183,116,52,53
163,117,59,51
153,118,55,53
138,120,58,54
125,123,59,55
115,122,57,60
105,125,60,57
104,127,60,56
103,129,60,54
105,125,59,58
109,127,58,54
118,128,55,53
128,130,57,49
142,128,53,49
158,124,50,51
173,123,49,50
189,122,46,50
200,121,49,49
212,121,48,48
225,121,47,48
238,120,47,48
251,121,45,47
261,121,43,47
271,122,42,47
279,123,41,45
286,124,41,45
292,124,40,46
297,126,39,46
299,127,37,47
300,130,36,47
300,133,34,47
297,136,33,48
291,139,34,49
282,143,36,51
272,148,38,51
259,152,40,54
245,156,42,53
228,160,46,53
210,165,49,54
194,167,48,52
174,171,49,49
149,172,55,48
133,175,47,46
116,171,49,49
100,168,48,50
100,168,48,50
88,165,46,51
85,165,49,51
70,165,52,50
62,162,53,52
53,157,53,56
45,166,55,47
44,164,55,49
43,169,56,48
42,170,57,48
46,171,56,51
51,173,55,50
57,175,55,50
63,178,55,50
72,178,56,53
84,179,52,54
90,179,55,51
101,183,50,48
109,182,51,47
119,182,49,47
128,182,48,49
136,182,47,48
144,182,49,49
152,184,47,48
159,183,46,49
165,184,45,50
170,184,44,51
174,185,42,52
176,186,42,52
177,187,43,52
176,187,44,52
174,187,46,53
170,188,48,53
165,190,50,53
159,192,51,52
153,194,53,52
147,195,53,53
139,196,52,55
132,197,50,57
126,197,50,57
119,200,51,56
113,202,51,56
107,205,51,55
101,208,51,55
100,209,46,55
96,211,47,54
75,212,66,57
64,214,74,54
70,214,68,54
73,215,66,52
75,218,69,51
80,218,69,54
78,220,76,53
78,222,84,51
101,221,66,51
129,220,43,48
133,219,44,48
137,218,45,48
142,219,47,47
148,218,47,46
153,218,45,45
158,217,43,45
163,215,41,45
166,214,40,46
167,213,40,46
168,212,40,45
169,209,38,46
168,208,39,47
165,207,40,48
163,206,41,47
159,205,41,47
154,205,43,47
149,204,45,47
143,203,47,48
137,202,47,49
133,202,46,48
127,201,46,50
123,200,45,50
115,199,47,50
98,199,61,52
75,200,77,50
75,198,71,49
74,194,67,52
72,193,67,52
67,192,70,53
63,193,73,52
59,196,75,50
56,195,77,51
59,196,72,51
48,201,71,48
41,203,62,48
40,210,44,41
90,191,45,53
90,193,48,53
91,192,49,54
92,193,51,54
93,194,52,55
95,196,54,55
98,197,55,56
100,203,56,55
103,206,56,57
108,211,55,55
114,213,54,53
120,215,52,52
126,213,50,52
134,212,49,51
142,212,48,49
149,213,47,48
156,211,44,48
164,211,40,48
169,211,39,47
172,211,39,46
175,210,41,47
178,209,42,47
182,207,41,47
184,205,39,46
185,205,39,43
185,203,39,43
181,201,42,42
177,199,44,42
172,197,46,42
171,197,47,41
168,196,47,40
167,195,47,41
162,196,47,41
160,195,48,41
154,195,47,41
145,195,49,43
136,195,46,46
124,196,47,48
114,197,46,50
26,227,39,38
91,196,43,53
78,195,46,56
64,192,49,59
52,189,50,61
40,186,51,62
23,180,59,62
14,182,62,57
3,175,62,54
1,171,65,53
0,162,66,57
1,156,67,60
0,155,70,56
3,153,69,57
14,157,64,55
24,159,62,57
39,159,55,63
48,166,56,65
61,179,54,60
72,182,53,64
83,188,55,63
96,191,54,61
110,193,53,59
125,193,49,56
137,192,50,54
149,188,50,51
157,185,49,49
165,181,47,47
171,176,49,48
178,173,48,48
182,166,47,49
185,161,47,49
186,158,48,47
187,155,46,47
187,149,43,46
184,143,43,47
181,137,42,48
174,131,44,49
169,129,42,48
162,124,42,48
154,118,46,51
141,111,51,50
134,102,50,52
125,94,50,54
119,80,49,55
107,71,53,50
100,59,53,51
88,53,58,55
83,49,56,57
75,49,60,58
68,52,61,58
64,55,62,53
67,57,57,50
72,61,55,50
82,66,46,52
85,68,50,51
92,70,52,53
100,74,53,50
112,75,52,49
123,79,52,46
134,79,57,51
152,83,50,49
166,81,46,51
177,80,44,52
184,79,47,51
190,76,50,50
197,72,50,52
202,69,49,51
207,68,48,49
211,66,48,49
214,66,46,49
213,63,44,50
212,63,43,49
208,62,42,50
202,62,40,50
193,63,44,51
181,63,49,53
167,60,52,56
151,57,53,55
132,55,59,51
109,45,57,52
89,33,58,56
67,20,67,64
59,9,58,67
51,7,47,53
17,6,61,42
1,2,50,37
0,1,38,34
0,0,18,39
0,100,13,37
0,102,12,33
0,98,10,36
0,98,10,36
0,98,10,36
0,98,10,36
0,76,17,33
0,78,29,40
0,94,38,57
0,176,46,78
16,147,55,56
47,177,48,49
52,188,66,79
65,214,70,72
82,231,70,67
113,247,58,63
132,258,50,58
156,266,47,53
172,277,44,46
187,284,41,51
195,296,44,48
209,313,39,45
220,341,34,19
238,265,26,29
296,306,15,36
296,305,14,37
296,306,15,37
294,304,17,46
297,309,16,47
297,305,16,52
293,305,18,45
228,264,35,32
293,303,17,53
291,304,19,44
293,306,20,52
293,304,18,54
360,295,28,51
428,309,26,46
495,267,53,40
488,324,29,34
487,316,41,38
486,317,34,38
487,315,34,38
487,316,34,39
503,258,26,30
486,314,43,44
488,318,30,37
457,252,35,33
455,253,30,28
486,314,45,42
417,155,32,41
409,172,27,42
399,190,26,37
388,193,29,40
377,195,35,40
367,162,57,64
357,166,59,60
349,161,56,61
342,161,59,56
334,148,64,61
328,142,63,58
229,262,59,48
286,303,26,50
283,303,28,50
277,303,32,54
284,304,26,52
210,334,42,25
205,320,43,37
197,293,48,61
191,269,57,69
192,249,51,60
188,229,54,62
187,213,53,52
187,198,53,57
188,187,53,56
190,177,51,57
190,170,52,57
192,162,52,58
194,156,53,58
196,151,54,57
198,148,54,57
201,146,54,57
204,146,53,59
207,147,52,59
208,147,53,61
209,149,54,64
210,153,55,63
211,157,54,64
212,163,54,66
211,168,54,67
209,175,55,68
207,181,57,70
202,189,59,68
199,197,59,70
194,207,60,77
191,221,62,75
181,234,65,70
174,245,63,68
165,258,68,71
162,265,67,72
158,272,64,76
149,282,65,71
143,296,62,60
137,307,61,49
139,317,55,40
142,324,49,34
141,327,44,31
141,330,44,29
134,333,50,26
141,335,44,23
142,335,42,23
142,334,43,24
144,333,45,26
147,333,45,26
150,332,44,26
158,332,40,26
157,329,46,27
166,328,42,29
168,325,45,32
172,322,46,37
176,322,47,36
178,319,48,39
184,317,46,41
192,314,43,45
195,311,44,48
197,307,45,51
201,305,46,53
204,302,46,54
207,299,46,57
211,299,45,57
213,296,44,60
214,293,45,61
216,291,44,62
216,291,43,61
216,289,43,61
214,288,45,61
211,287,46,62
206,288,48,62
202,287,48,63
198,289,49,65
195,291,47,64
190,294,44,62
181,299,44,57
174,303,48,54
167,304,48,53
166,305,46,53
162,306,47,51
159,308,47,50
154,307,44,50
146,306,48,51
143,307,46,50
140,306,45,50
137,305,45,53
136,303,44,53
136,300,43,55
136,297,44,54
139,294,43,53
143,291,41,52
145,287,43,54
154,284,39,49
159,281,39,47
164,276,41,47
171,272,39,46
178,269,40,46
188,265,36,46
194,261,36,47
193,260,42,45
198,258,41,46
200,256,44,46
205,255,48,45
211,253,49,45
212,253,49,47
219,255,43,48
222,259,41,46
223,262,41,48
220,265,45,52
217,267,47,56
214,275,48,58
211,284,48,56
205,289,47,61
199,297,46,58
194,303,44,52
183,312,43,44
170,318,46,39
157,321,42,37
127,319,58,39
109,314,62,44
97,311,62,47
74,308,65,49
57,306,66,49
34,303,76,56
23,300,72,55
7,301,76,58
283,305,31,48
292,322,34,38
356,298,27,53
279,304,36,52
291,324,29,34
359,304,27,46
286,301,24,51
285,302,25,49
294,312,22,46
358,305,28,49
357,302,27,57
356,301,28,56
358,305,25,51
357,299,26,48
357,300,26,51
357,300,26,48
281,301,29,52
194,287,46,50
201,278,52,52
215,270,50,52
225,267,48,48
236,261,45,47
248,260,41,45
252,258,45,45
257,256,44,44
264,255,40,45
265,255,38,45
270,258,36,45
271,260,35,46
270,266,35,46
266,272,38,47
262,277,41,50
254,284,46,51
245,287,55,57
238,294,62,60
231,299,48,56
213,305,53,51
200,309,53,48
194,314,44,43
184,315,41,42
164,315,41,42
143,310,46,47
131,303,47,54
114,299,54,57
104,293,58,61
98,290,61,62
94,286,61,63
93,281,58,60
95,276,57,59
101,273,54,55
110,267,48,55
120,260,44,54
130,254,42,51
140,248,40,52
152,244,39,48
163,237,39,45
174,229,39,44
187,221,35,44
197,213,35,44
204,204,38,45
216,196,36,44
224,188,36,43
233,181,36,44
241,173,36,44
248,165,36,44
254,156,37,45
261,148,38,46
266,142,37,46
271,137,38,47
276,132,39,47
279,129,39,49
282,129,40,51
285,131,41,52
286,134,42,53
286,135,42,54
285,139,43,54
285,140,43,54
282,145,44,55
276,149,44,55
266,153,45,55
251,152,48,58
231,150,54,60
214,151,55,59
199,153,51,59
175,157,57,58
148,164,66,58
125,176,64,57
107,182,65,62
88,188,66,64
71,192,70,60
62,195,63,58
53,192,63,61
48,192,62,59
46,190,59,58
45,191,61,56
45,190,59,57
44,192,61,57
52,197,52,54
54,204,52,52
54,212,53,56
47,222,64,53
53,231,59,54
53,239,63,55
55,247,66,59
62,252,64,66
80,266,51,58
83,274,59,60
103,282,49,56
106,288,54,61
118,292,51,59
129,294,48,56
141,296,44,56
153,297,43,54
163,301,44,52
172,303,46,52
180,305,44,52
190,307,41,50
196,309,40,47
198,310,44,47
201,309,46,48
204,307,49,49
208,304,49,50
213,300,50,51
220,295,49,53
224,291,53,54
232,289,54,55
239,287,60,58
249,288,57,58
259,287,51,66
270,294,50,61
282,301,48,57
293,308,50,50
300,310,52,48
304,309,52,50
310,308,49,50
312,306,50,51
314,306,49,51
313,305,49,52
309,304,52,53
304,305,52,53
299,306,54,51
294,304,51,53
286,301,51,55
270,298,58,58
263,294,54,63
251,291,57,66
241,289,63,68
233,286,67,68
225,281,58,71
211,274,59,71
203,274,63,70
199,271,54,68
196,269,48,64
188,266,48,63
179,264,51,61
172,263,53,57
167,262,51,55
161,259,54,55
155,257,53,55
152,254,52,55
148,253,53,55
143,252,54,55
140,251,55,54
138,250,53,56
137,250,52,56
136,250,52,56
137,249,52,58
137,250,51,57
138,249,50,57
140,248,50,57
142,247,49,57
144,245,49,57
147,244,49,57
149,242,48,57
152,241,47,56
154,240,48,55
156,238,47,56
156,237,46,55
157,236,45,55
158,235,44,54
157,235,43,53
156,234,43,53
155,234,42,53
152,234,42,52
149,233,43,51
146,233,42,50
143,231,40,50
139,230,40,50
136,230,40,48
132,228,40,49
128,227,40,49
124,225,41,50
118,223,43,50
116,223,42,49
113,221,42,50
112,221,42,49
111,220,42,50
110,220,42,50
107,219,43,49
108,219,42,49
104,218,44,49
105,217,42,49
103,217,43,48
104,216,42,49
105,216,41,48
105,215,41,49
106,215,41,49
107,215,41,50
109,215,41,50
112,214,40,50
113,214,40,50
115,214,41,51
118,214,41,51
121,214,40,51
124,215,40,50
127,214,39,50
129,214,40,50
131,213,41,51
134,214,41,52
135,213,41,52
136,214,42,51
137,214,41,51
138,214,41,51
138,215,42,51
138,214,42,51
137,215,41,51
136,215,42,50
135,215,41,50
134,215,41,50
133,215,40,49
131,215,40,49
129,215,39,49
127,214,38,49
126,215,37,49
123,215,38,48
119,216,40,49
115,216,42,50
112,216,43,49
113,216,40,48
112,216,40,48
110,216,42,49
110,217,42,48
112,217,40,49
110,217,43,49
114,217,40,49
116,216,39,50
117,217,41,49
120,216,40,49
123,214,38,49
125,213,38,48
128,211,38,49
130,209,39,49
131,208,40,49
133,206,40,50
135,203,41,51
137,199,41,51
139,197,43,51
141,193,45,52
144,189,46,52
146,186,47,52
149,182,49,53
153,178,49,53
156,174,50,53
160,169,51,54
165,164,51,54
171,158,52,56
178,152,51,57
185,147,51,57
190,143,52,58
197,139,53,57
204,137,53,58
212,135,54,58
220,136,54,59
228,135,54,60
237,135,54,61
247,135,53,60
255,136,52,60
263,136,51,60
270,135,51,61
277,136,49,61
282,138,49,61
286,140,48,61
288,143,48,61
289,147,48,61
289,151,47,61
287,156,47,61
284,160,48,62
279,164,49,62
272,166,51,61
266,169,51,60
259,171,51,59
251,171,52,59
244,171,52,58
235,171,54,58
227,170,54,58
219,169,55,56
212,167,56,57
205,167,56,57
200,166,56,56
197,164,54,57
193,164,54,56
192,164,53,56
191,164,53,56
191,164,54,58
192,164,54,58
197,165,54,59
205,167,53,58
211,168,54,59
218,170,55,59
228,172,55,59
241,175,55,59
254,176,55,61
264,177,59,61
277,177,56,62
288,177,58,63
301,178,57,62
310,178,60,64
327,179,58,62
329,178,57,63
339,178,61,63
344,178,57,62
351,176,59,65
359,175,59,63
366,175,58,64
369,175,58,64
372,176,58,63
374,176,58,64
376,179,58,63
375,181,57,62
372,182,59,63
369,184,59,62
365,186,59,62
361,188,57,61
355,191,58,60
348,192,58,59
341,194,56,56
331,195,56,56
324,195,54,56
318,195,54,56
312,194,54,55
307,194,53,54
304,193,52,55
300,193,52,54
297,194,53,54
294,193,55,54
292,191,55,55
291,191,55,55
290,190,55,56
291,191,55,57
292,192,55,56
296,191,54,58
299,191,55,58
304,193,56,57
309,195,57,59
316,197,57,60
322,199,59,59
330,200,58,59
337,199,59,60
344,198,59,60
350,198,59,60
356,199,57,61
361,202,57,60
367,209,58,57
372,217,58,58
376,217,59,60
379,214,60,58
383,213,60,58
386,213,59,57
389,212,57,56
390,210,56,57
390,208,58,59
389,207,60,57
388,203,62,58
388,199,62,59
387,196,63,61
384,195,62,62
384,199,63,63
383,204,62,65
380,213,65,64
379,218,67,67
379,224,63,66
378,223,61,71
376,225,60,79
369,229,64,78
364,236,68,81
361,239,71,86
359,244,63,81
351,240,66,83
345,239,68,83
344,245,64,81
337,252,70,88
336,278,66,80
331,286,65,72
327,283,57,70
320,274,61,76
317,270,57,75
313,266,55,75
311,263,54,72
308,259,55,67
306,256,53,59
305,251,54,58
303,249,53,62
303,248,54,61
302,249,53,60
300,250,55,59
299,253,51,55
297,254,50,54
296,254,48,54
293,250,49,56
291,243,48,56
287,237,51,56
282,233,53,56
277,233,53,52
273,233,53,51
268,237,53,49
265,243,51,53
261,247,51,54
257,253,51,55
252,256,49,56
249,257,49,57
247,256,49,59
247,254,47,57
247,250,46,56
249,246,46,57
250,242,46,57
253,237,49,57
258,232,49,58
263,228,50,59
269,225,49,58
276,223,51,55
286,223,51,59
292,224,51,59
298,228,56,60
304,233,52,57
308,240,55,57
314,250,54,54
321,258,59,56
326,264,55,55
325,266,56,58
321,266,57,57
322,265,56,56
315,263,62,56
313,262,59,55
305,253,60,54
298,244,57,56
290,239,57,56
271,231,60,57
258,224,58,53
239,214,58,57
226,204,54,62
214,198,54,62
200,192,54,61
180,188,61,59
167,182,52,61
145,176,65,66
138,174,63,60
129,170,58,53
124,160,60,54
122,153,63,55
120,148,63,54
121,142,60,55
125,138,60,56
133,138,59,53
146,134,56,56
151,134,59,57
164,135,58,54
178,136,55,55
189,139,59,55
210,141,48,60
220,150,51,54
235,153,48,52
249,155,52,53
258,158,55,53
271,160,53,53
286,162,48,55
293,165,48,56
300,170,48,56
306,178,47,57
310,188,47,57
311,199,47,56
309,212,50,57
305,226,53,64
303,239,54,65
296,256,57,62
286,271,54,64
267,297,56,57
260,315,43,40
233,323,53,36
215,322,46,30
213,335,31,25
190,345,36,15
191,344,27,15
178,344,33,15
161,341,46,18
120,335,32,24
122,333,42,25
160,326,56,31
152,324,60,34
159,321,58,37
171,316,49,40
183,314,49,43
185,309,78,45
208,307,52,46
222,304,53,45
209,302,81,46
214,301,34,46
294,293,33,45
302,292,44,45
304,287,61,48
319,281,68,52
337,275,63,55
355,273,54,50
372,271,52,46
384,268,55,43
396,264,51,45
402,262,52,43
405,257,52,48
405,254,53,50
401,254,54,49
395,256,55,48
385,257,59,48
373,258,61,51
360,258,61,59
344,260,63,62
323,263,71,62
305,264,69,63
297,263,59,62
270,270,57,55
249,267,41,58
228,263,48,61
213,261,41,64
193,253,55,64
190,249,49,57
181,244,43,55
174,238,43,54
171,238,43,50
171,236,42,51
172,237,42,50
180,238,38,53
183,240,39,51
193,244,35,50
195,247,45,51
202,253,48,51
225,260,37,47
250,265,28,47
261,268,32,46
181,283,37,39
188,287,34,38
197,288,31,38
201,288,31,38
206,288,29,37
207,288,30,36
207,287,29,36
206,288,29,35
204,288,27,33
201,287,26,33
197,288,27,33
192,289,25,32
182,290,34,31
181,291,26,32
173,295,28,31
172,295,28,31
166,297,28,31
165,296,29,33
156,298,31,34
144,298,37,38
138,297,35,39
130,294,38,42
123,292,39,41
118,290,39,40
117,286,34,39
116,281,33,37
117,275,31,35
116,268,33,35
186,240,45,49
183,234,42,48
184,230,38,48
187,228,38,47
138,244,39,39
149,247,37,34
211,233,32,44
223,237,31,42
234,241,32,42
247,246,32,43
261,251,32,43
279,258,41,43
298,260,42,44
306,261,51,46
324,261,50,49
342,262,53,49
356,260,51,48
375,260,50,46
389,258,53,46
407,254,45,50
416,252,50,46
422,249,52,46
427,248,53,45
427,246,55,47
424,244,57,49
416,244,58,50
402,246,62,52
385,248,66,50
363,249,67,55
339,250,70,63
320,255,79,62
303,257,62,61
272,262,64,54
246,261,41,56
219,257,43,56
201,254,44,57
181,250,45,56
171,246,39,52
158,242,42,51
152,237,43,50
150,232,42,49
152,229,42,47
156,227,41,45
148,227,56,45
157,227,55,46
163,230,60,47
179,233,57,44
198,236,52,46
230,241,34,44
245,246,35,44
261,253,39,43
288,259,43,44
299,261,47,46
306,260,63,48
331,261,62,50
352,259,52,51
372,256,55,46
400,252,47,45
416,247,46,46
428,241,48,45
438,236,49,46
445,231,49,47
447,227,51,49
447,226,51,49
444,226,51,51
437,230,52,50
426,234,54,55
413,242,53,55
390,257,58,49
377,259,53,59
352,263,59,65
322,272,75,66
306,278,63,64
292,284,52,60
251,289,48,48
229,283,51,58
202,278,62,63
193,270,57,61
184,263,52,56
179,257,47,50
174,252,47,46
173,247,43,46
161,242,55,48
158,239,61,51
165,238,58,49
170,239,59,49
174,241,62,50
176,246,71,52
185,249,74,51
209,254,62,50
244,259,42,48
258,267,39,41
273,274,41,37
296,273,42,48
304,274,53,52
318,277,58,50
347,280,51,49
365,278,51,48
385,277,49,45
399,278,54,44
413,273,56,48
423,268,61,46
432,264,62,47
435,260,63,48
436,259,64,48
435,259,64,52
430,262,66,53
425,268,65,53
411,274,66,51
410,278,63,54
395,281,70,52
393,282,68,58
375,289,69,64
355,293,70,65
336,297,72,59
319,300,69,56
304,305,54,51
295,305,37,49
274,305,41,52
258,299,36,54
242,292,39,53
160,295,46,41
231,279,35,57
169,273,92,74
180,264,81,67
185,263,73,47
191,260,70,47
200,258,65,42
206,256,63,41
211,257,65,42
217,259,66,42
209,267,38,36
270,267,34,36
282,272,36,37
298,273,35,44
300,274,54,46
310,277,55,50
332,285,52,48
345,286,58,51
361,289,49,50
377,292,48,48
392,293,49,50
407,292,43,52
417,289,47,52
427,284,44,54
433,281,46,54
436,280,47,54
436,278,47,56
432,277,50,57
423,277,51,57
415,281,52,58
403,288,50,55
388,290,54,54
371,291,56,56
356,287,55,66
334,291,63,63
319,290,53,60
310,293,48,55
296,288,46,53
278,292,52,46
260,290,54,45
250,283,42,45
240,277,44,42
232,273,45,42
228,268,45,42
226,263,42,41
222,260,45,40
222,257,46,41
229,255,43,42
232,255,43,41
239,256,39,40
246,259,39,40
256,262,38,39
265,269,40,37
277,274,42,36
292,273,41,44
302,276,47,48
306,275,56,51
311,278,71,51
337,281,60,51
352,282,56,52
366,279,57,54
387,279,54,52
405,275,46,51
414,272,49,51
427,266,46,55
433,260,46,59
438,258,45,58
438,256,45,58
437,255,44,59
432,255,44,62
422,256,46,64
413,262,47,59
402,267,44,57
387,270,45,59
366,272,49,60
347,276,58,61
329,275,66,61
308,274,62,61
298,276,52,61
281,279,48,53
250,275,46,48
234,269,46,46
216,262,52,50
203,258,54,55
199,251,51,53
194,247,48,51
189,244,47,46
185,241,50,46
185,241,50,46
144,250,41,44
191,243,49,46
197,245,49,49
207,250,47,50
220,258,42,47
236,263,39,48
249,271,38,45
257,277,39,42
292,277,35,48
304,284,38,48
313,283,48,53
333,282,57,55
353,279,56,59
374,276,60,52
400,272,51,48
413,263,53,51
423,255,55,51
431,250,56,49
438,243,55,49
442,239,53,48
443,236,52,47
443,237,52,46
442,237,52,45
441,237,52,46
435,239,52,45
428,243,50,47
415,249,50,46
404,254,46,48
382,264,55,43
366,263,48,52
340,269,62,54
313,273,65,53
301,269,59,58
284,272,55,52
255,273,40,45
230,267,47,49
207,259,53,50
193,252,52,52
179,244,51,48
171,236,44,48
161,229,44,47
154,224,46,46
146,220,49,45
143,217,50,47
146,218,48,48
152,223,47,46
158,228,48,46
169,235,48,52
176,241,59,58
186,250,64,63
207,260,59,55
239,270,47,58
261,282,54,54
299,284,41,57
309,288,53,54
334,288,63,56
352,282,60,57
376,282,58,48
394,279,54,40
413,269,54,45
424,259,54,47
434,253,53,40
445,244,47,39
448,239,46,39
449,235,45,39
449,233,44,38
446,235,41,37
439,237,43,37
433,242,42,37
420,249,44,37
412,254,38,39
389,262,47,37
374,266,41,42
357,272,46,45
330,275,53,51
309,274,53,56
300,282,45,48
271,285,42,44
249,277,31,52
225,270,36,52
206,261,40,55
194,253,41,54
180,244,44,51
178,238,37,50
169,232,41,50
165,228,43,52
165,227,42,52
166,229,44,53
172,234,42,51
174,240,48,53
178,248,57,54
196,257,53,58
215,266,51,53
241,273,41,49
260,281,48,42
292,278,49,45
309,273,52,49
323,275,75,47
354,278,57,46
388,277,50,42
413,273,46,46
441,270,45,44
458,265,50,49
468,262,55,48
486,258,50,49
494,255,49,50
499,254,51,50
500,252,51,52
498,253,51,52
492,255,51,53
484,260,48,54
467,264,52,55
456,273,48,51
425,280,63,51
408,290,42,48
394,300,44,41
360,298,50,49
331,297,68,58
306,300,55,50
286,299,47,45
252,297,39,43
231,283,43,54
163,288,29,36
163,279,31,32
164,266,32,38
184,251,53,45
178,246,56,46
171,242,62,48
172,241,63,46
176,242,64,46
178,244,68,46
184,248,72,44
217,253,49,42
238,258,39,43
249,264,39,41
266,275,36,36
295,281,36,37
304,280,46,46
313,283,59,45
339,282,62,52
361,277,64,50
393,277,55,47
408,273,49,47
422,268,49,50
429,263,48,50
447,256,50,54
457,243,57,57
472,235,54,59
479,227,55,60
481,221,55,62
481,216,57,66
480,217,56,67
473,220,55,69
463,226,56,68
448,236,58,69
431,246,54,71
404,258,60,68
377,271,62,71
354,283,59,71
326,289,74,68
309,294,70,58
293,297,45,48
261,294,56,44
244,285,44,52
227,277,49,51
206,269,57,68
187,259,71,56
169,253,81,46
172,247,74,44
172,241,74,44
175,236,70,45
182,233,67,46
187,232,67,45
189,233,68,45
193,235,70,45
195,239,76,46
234,245,46,46
250,252,37,46
258,262,43,40
191,284,36,38
187,293,39,38
181,299,39,39
177,305,38,37
174,309,36,35
169,310,35,35
162,311,35,34
157,310,35,32
153,307,34,33
151,308,33,29
147,303,33,34
145,299,31,35
142,294,34,40
140,295,34,36
141,294,34,35
139,294,34,34
139,299,33,32
138,297,36,35
138,299,37,36
140,303,34,35
143,304,33,36
143,306,34,37
145,305,34,38
147,305,34,38
149,304,35,36
152,302,36,35
153,298,39,35
157,291,38,36
243,268,41,45
232,259,42,47
226,253,42,43
221,247,42,44
219,243,39,44
174,248,44,43
215,236,44,47
177,245,45,42
224,238,36,45
183,252,35,40
235,246,34,43
244,252,33,45
254,259,31,43
185,279,32,39
185,286,32,39
183,292,33,39
181,296,33,39
179,299,34,38
178,302,33,37
177,302,33,37
178,301,32,36
177,299,31,36
177,298,31,35
176,295,30,35
179,293,28,30
180,290,28,29
181,288,27,29
181,287,27,28
182,287,26,26
184,286,25,27
185,287,25,28
187,289,24,28
188,291,24,30
189,292,24,31
189,294,24,32
190,295,24,34
189,297,25,37
189,298,27,37
187,297,28,39
185,295,30,39
184,292,31,40
181,288,33,42
245,271,46,44
233,263,47,48
223,257,46,51
217,252,44,49
208,247,48,49
201,244,51,49
208,243,44,50
201,242,50,48
207,243,48,51
213,246,45,51
224,251,42,50
233,257,43,51
246,264,39,49
257,269,41,47
296,266,55,45
295,270,42,51
295,269,40,51
309,265,52,57
322,266,64,53
354,261,52,55
368,260,64,50
394,256,60,45
412,243,73,50
438,232,68,53
453,224,70,50
471,215,64,47
483,206,61,46
491,200,67,45
498,194,63,47
500,191,64,50
498,193,65,49
493,198,66,51
486,206,62,54
474,219,64,54
460,234,67,60
445,251,60,59
415,263,56,54
382,277,63,52
353,278,60,66
325,285,76,67
304,289,65,65
295,274,46,75
262,285,36,54
246,278,35,51
164,282,39,36
219,257,35,47
215,246,32,44
174,239,70,44
179,231,61,43
180,227,59,42
190,223,52,45
205,224,40,45
205,227,46,45
222,231,35,44
234,236,33,44
244,243,35,47
256,250,33,47
275,259,45,44
298,262,40,51
306,264,55,55
319,265,64,54
347,265,56,57
368,265,61,50
394,263,59,53
416,255,63,53
439,246,62,53
453,236,65,58
466,229,68,56
476,222,65,52
482,217,67,51
486,215,69,51
486,217,69,52
483,222,69,53
474,229,70,57
458,237,81,59
449,246,73,55
422,255,86,56
415,265,62,57
384,272,60,56
354,267,63,66
328,269,73,69
304,274,87,65
295,267,51,60
255,268,56,53
237,257,48,56
219,248,51,53
207,240,52,55
198,231,50,53
191,226,50,49
186,220,48,49
182,215,48,50
178,215,52,51
183,214,49,51
179,216,53,50
188,220,49,50
193,225,52,53
205,233,49,53
210,241,55,54
227,251,52,55
241,262,47,48
260,273,58,47
291,273,51,56
305,281,58,54
314,283,79,51
348,282,66,52
378,276,63,55
411,272,58,48
439,260,50,51
455,249,57,57
470,237,62,56
483,224,53,55
491,214,52,54
493,207,53,54
491,200,54,55
487,196,55,55
479,193,57,56
467,193,53,55
447,192,55,53
424,192,59,54
391,188,67,57
363,184,72,59
331,180,77,59
307,174,75,62
291,169,59,57
263,163,53,46
242,158,38,42
207,144,50,41
211,134,37,51
183,117,47,61
177,112,37,50
160,100,42,57
153,91,39,53
152,83,35,48
147,77,37,48
145,68,37,52
144,63,41,52
147,62,38,53
147,61,40,50
149,56,41,52
154,56,42,47
164,55,41,49
175,53,41,48
189,56,42,48
206,54,38,47
223,51,40,47
245,47,47,49
267,37,50,53
284,27,59,56
301,13,64,60
322,4,64,53
347,2,58,39
366,1,53,25
383,1,39,14
395,0,34,11
395,0,34,11
395,0,34,11
395,0,34,11
395,0,34,11
395,0,34,11
395,0,34,11
387,0,36,13
368,1,51,25
344,1,67,45
323,3,72,62
305,18,63,65
287,38,55,61
268,54,50,56
248,67,45,50
226,72,42,48
214,77,40,44
205,73,41,45
197,67,44,47
191,64,44,50
190,58,41,53
188,54,42,56
189,53,42,52
192,51,38,53
196,51,37,46
199,52,37,43
204,54,38,49
210,59,40,51
217,65,38,50
226,72,37,45
236,77,37,46
252,81,40,46
265,82,45,52
279,80,47,51
292,75,53,52
305,68,58,52
319,57,60,54
332,46,62,57
343,33,63,61
353,22,64,63
359,14,66,65
364,6,67,65
366,4,67,63
366,4,66,63
363,7,66,62
359,14,65,61
351,22,65,60
343,34,62,57
333,46,60,55
320,56,60,60
308,68,58,60
297,79,56,59
286,90,52,57
274,96,50,55
260,101,50,52
252,105,46,50
239,109,46,45
233,107,41,47
226,105,42,46
217,104,44,45
214,101,43,46
212,99,41,46
211,97,42,48
209,98,44,48
211,97,43,48
210,99,46,46
212,100,50,47
218,99,51,48
230,101,48,48
238,100,54,47
253,95,53,51
268,91,53,54
283,88,52,52
295,83,57,53
310,76,58,53
326,70,58,53
343,64,56,50
357,58,55,49
368,53,55,47
377,49,55,46
382,46,56,45
384,45,57,44
384,45,58,46
381,49,58,46
375,53,59,50
367,58,57,51
357,64,57,55
343,72,58,56
329,80,56,58
313,88,54,57
298,94,50,57
283,100,48,54
265,104,47,52
247,107,49,49
232,109,43,46
220,104,45,50
211,104,43,49
203,100,43,50
196,95,43,51
192,93,43,49
191,90,44,50
193,89,41,51
195,90,42,51
200,93,42,50
207,97,42,51
210,97,43,53
213,102,46,49
217,103,45,48
230,108,40,48
244,114,42,47
262,113,42,50
280,115,44,52
293,114,51,53
309,110,55,55
326,106,57,55
344,103,56,54
358,99,59,51
371,93,60,50
383,88,58,50
392,84,56,49
397,79,57,49
400,75,56,49
399,74,58,50
397,76,56,50
392,80,56,50
383,84,55,50
373,89,55,52
360,94,54,54
342,99,58,56
326,104,55,56
310,108,53,55
294,111,49,54
277,111,46,52
258,110,46,52
241,107,40,51
223,102,44,52
212,98,40,53
201,92,43,54
193,88,42,55
185,86,44,54
182,85,42,54
177,85,45,56
180,87,42,57
183,91,44,54
186,95,45,58
195,101,48,56
208,108,46,58
219,113,44,56
240,120,37,55
260,125,45,52
280,126,48,52
297,126,51,53
315,123,53,55
335,117,54,57
354,112,53,55
369,105,52,53
383,98,53,51
395,90,51,49
405,82,51,46
411,74,49,46
415,70,50,44
417,66,50,42
418,64,50,43
416,64,51,44
411,65,51,46
403,69,52,48
395,75,51,50
381,82,53,51
363,89,59,55
344,96,60,58
320,102,63,60
303,109,60,58
284,114,52,57
259,116,49,55
233,114,41,52
208,109,48,56
189,104,48,54
167,99,54,51
157,94,52,49
148,90,51,47
146,82,52,51
144,79,49,53
144,77,50,53
149,79,50,52
153,83,52,50
165,87,51,48
179,92,50,51
192,98,53,50
214,103,43,49
238,111,39,45
263,115,45,47
285,113,48,50
301,111,54,52
324,108,55,51
347,101,53,51
367,94,54,50
385,87,53,46
402,78,52,46
413,68,55,46
424,60,54,47
429,55,57,46
434,51,57,47
435,50,57,48
436,49,57,50
433,53,57,50
425,59,57,50
414,65,56,51
395,73,58,52
374,80,61,58
349,88,61,59
318,100,69,57
296,104,64,58
274,110,57,54
242,112,61,50
222,107,47,53
204,101,50,54
187,93,52,54
175,88,53,52
167,82,47,53
161,75,45,53
160,73,45,50
161,71,42,52
164,71,44,52
170,73,43,50
178,77,43,48
183,81,46,51
188,87,46,52
193,91,52,50
204,96,47,51
215,109,46,49
235,117,40,45
257,127,47,47
284,134,46,55
295,141,60,59
313,150,64,59
333,157,65,59
358,165,59,56
379,171,58,55
399,177,54,53
415,183,53,52
430,188,50,53
442,197,50,52
452,209,52,50
461,220,49,52
464,232,50,55
464,252,50,46
464,266,48,50
460,279,49,49
454,293,45,48
441,303,46,50
423,313,44,43
397,320,59,38
380,315,54,42
361,312,49,44
336,304,56,51
314,295,53,56
302,283,45,58
269,275,54,48
242,253,50,53
221,235,61,66
205,216,58,64
191,200,54,58
181,182,50,57
168,164,51,53
157,152,48,50
149,135,53,55
139,117,53,62
135,109,53,68
130,104,58,71
133,105,59,72
140,108,59,70
153,115,55,67
167,125,54,66
181,139,54,66
195,148,61,67
221,158,56,63
253,166,63,58
288,169,60,61
308,165,65,63
330,163,67,63
356,160,62,59
379,154,54,56
397,146,51,56
409,139,48,52
419,131,46,48
424,124,45,44
429,116,43,43
431,109,41,42
430,104,41,42
427,102,41,41
423,101,42,41
417,103,43,40
411,106,42,43
403,110,43,46
393,116,45,47
382,121,47,51
368,128,50,52
351,134,55,54
333,140,59,58
313,147,62,58
299,152,59,57
288,153,52,57
262,152,57,55
248,148,52,52
222,134,55,57
205,122,55,63
184,110,65,63
176,96,60,62
165,83,62,62
154,71,63,66
148,63,62,66
144,55,64,67
142,51,64,68
141,46,68,69
145,48,68,67
154,49,65,70
160,52,67,68
169,58,70,66
185,62,67,65
199,68,66,65
213,76,66,62
239,85,63,59
256,86,63,65
277,90,59,66
293,96,58,64
308,99,58,64
323,103,57,60
338,106,56,59
349,107,56,59
360,108,56,58
370,108,56,58
377,109,56,57
384,109,57,57
389,110,58,57
394,109,58,59
396,108,60,60
397,108,62,62
397,108,64,63
396,109,66,64
395,108,66,65
390,108,69,68
385,110,71,68
378,113,75,71
370,116,74,72
359,121,78,76
347,129,79,78
333,137,81,81
317,147,82,85
315,151,81,84
299,158,82,85
298,163,79,86
278,177,80,80
256,186,80,78
237,199,74,78
219,201,65,84
201,205,66,83
183,208,67,82
167,209,67,80
152,212,69,76
145,213,65,73
136,214,66,74
132,219,63,69
129,224,61,66
129,232,58,64
130,239,57,66
136,242,53,69
143,249,51,65
154,252,51,61
170,253,46,59
184,252,45,58
200,250,46,56
218,248,43,55
236,246,44,53
254,244,42,49
271,237,51,46
297,231,52,59
306,225,56,55
325,220,55,50
341,212,55,48
359,207,53,51
371,202,55,49
384,196,54,50
393,189,54,50
399,183,55,49
401,176,56,46
399,168,57,46
395,163,58,47
389,158,59,49
379,154,61,51
366,151,60,51
348,147,63,53
333,143,60,55
311,140,61,55
299,136,51,55
282,134,46,52
262,130,44,50
245,125,36,51
223,120,41,55
209,116,43,62
195,116,46,57
184,113,45,62
178,111,45,64
174,109,43,68
171,109,43,67
171,107,43,72
172,107,41,72
174,106,42,72
177,108,43,71
179,109,47,65
188,111,44,59
200,112,43,53
212,113,41,48
221,114,46,49
238,116,46,47
256,114,49,51
271,110,51,54
283,105,55,56
297,99,57,57
307,92,62,57
318,85,61,55
327,77,63,57
334,70,62,59
338,64,63,59
339,58,63,62
338,56,64,63
332,55,66,66
326,60,66,65
317,66,67,65
306,73,66,63
295,83,64,62
281,91,62,64
268,101,59,61
250,107,58,61
234,112,56,58
219,112,50,63
210,113,44,64
198,111,50,64
191,109,48,59
182,105,49,62
180,101,45,64
179,98,43,49
178,93,46,53
178,90,45,51
179,88,48,54
182,88,45,53
185,89,46,53
191,90,41,52
197,93,41,49
206,96,43,52
214,100,44,51
221,104,50,53
233,107,51,52
244,109,56,55
259,105,55,57
272,103,56,59
281,99,61,60
292,95,64,60
301,89,66,61
310,83,66,61
315,75,68,66
319,70,69,65
320,66,70,67
320,62,70,70
316,63,71,70
311,66,71,71
304,73,70,68
304,74,70,67
276,96,64,64
263,107,60,59
262,107,61,62
249,111,62,63
249,113,60,62
236,117,57,59
223,118,53,62
215,118,48,61
209,117,44,62
201,115,48,62
196,113,47,60
192,110,44,51
190,107,44,49
189,105,42,49
191,104,43,48
190,102,42,49
193,103,42,50
196,103,41,50
199,105,42,48
203,108,43,48
210,112,40,49
215,115,46,48
223,119,47,51
230,121,48,57
238,122,55,56
248,123,57,56
260,118,58,59
270,113,60,60
280,107,62,61
288,101,64,61
297,94,65,62
305,86,66,63
311,80,67,64
316,74,67,65
319,72,66,66
319,72,67,66
317,74,67,65
314,77,66,66
310,85,65,63
304,93,64,63
298,103,62,61
290,111,59,60
281,118,57,61
273,123,55,60
265,128,52,56
257,132,49,54
249,134,47,50
242,132,45,50
236,129,42,50
233,126,40,50
229,123,39,47
226,121,39,44
224,119,39,44
223,117,39,44
223,116,39,43
224,115,38,43
226,115,38,45
228,116,38,46
232,118,38,48
236,119,39,50
241,122,41,52
248,126,45,51
259,127,43,51
268,127,45,54
281,126,42,54
289,123,47,56
302,119,47,57
309,115,51,57
321,111,51,58
330,106,51,57
338,101,53,58
345,98,52,58
351,96,50,59
353,97,52,59
355,99,50,59
353,102,49,58
349,106,49,58
343,110,48,60
336,116,46,60
326,120,46,60
315,125,46,60
303,129,46,58
293,133,43,55
280,133,44,53
265,133,47,51
257,131,43,50
242,128,46,48
235,122,43,47
226,117,43,43
219,110,45,45
213,105,45,46
208,102,46,45
205,98,46,47
202,98,47,47
200,98,48,48
200,101,50,48
201,101,51,50
204,104,50,48
209,105,54,49
216,108,53,48
225,109,56,50
238,106,60,53
255,102,60,59
270,98,60,62
284,90,64,66
299,85,66,64
311,76,71,67
326,68,71,67
338,59,72,66
351,53,68,64
359,45,68,66
365,42,66,64
367,40,67,67
366,42,67,67
361,46,69,68
354,52,70,69
343,59,73,71
331,69,74,71
316,80,73,68
301,89,72,70
290,98,67,66
277,107,60,63
258,114,59,58
255,115,59,56
241,119,58,51
239,119,58,51
223,118,52,48
213,112,50,50
205,109,47,48
197,107,47,48
192,105,46,47
189,101,45,46
185,101,47,44
186,101,45,41
187,101,44,42
188,101,44,43
192,99,44,48
196,103,47,47
202,106,49,48
211,109,46,49
219,114,49,48
233,119,48,47
246,122,52,52
261,123,53,54
276,120,54,59
292,116,56,63
305,112,60,65
320,104,62,67
334,98,62,68
348,89,61,70
358,80,63,70
366,72,63,71
372,66,64,70
375,61,64,72
374,58,63,73
369,57,64,74
361,60,66,72
350,65,67,72
338,74,66,71
323,81,66,72
308,92,63,70
290,100,63,69
273,108,60,64
257,114,57,60
239,117,58,57
222,119,53,60
210,117,53,59
199,116,54,55
190,112,55,52
183,111,53,53
179,104,52,62
177,100,50,69
178,100,48,46
179,98,48,46
179,97,50,47
182,97,49,48
187,98,49,48
191,101,53,49
199,104,53,51
208,110,50,49
218,112,51,52
230,116,50,52
245,117,54,53
260,117,54,56
277,114,53,58
291,110,52,62
306,103,53,63
318,97,56,63
329,90,56,62
340,82,55,62
348,75,56,62
354,69,56,63
358,66,55,62
358,65,54,63
355,67,55,62
348,70,57,63
339,76,58,65
328,83,58,66
315,90,58,67
301,99,58,66
286,106,57,65
271,112,58,60
256,117,54,57
238,119,55,57
225,117,52,59
214,113,54,59
207,110,49,49
195,105,56,53
188,100,57,52
185,97,52,52
182,95,52,53
179,94,54,54
181,93,50,48
182,93,51,49
185,95,50,51
189,96,53,54
193,101,56,55
202,107,51,53
209,112,51,64
221,121,49,57
236,133,45,56
247,137,51,60
258,149,56,60
272,157,57,66
290,164,56,73
306,172,57,72
321,178,58,72
336,182,55,70
349,183,53,70
357,185,53,68
362,186,53,69
366,191,52,66
367,195,52,70
363,200,52,70
357,205,51,72
348,211,51,70
335,217,53,68
321,222,54,69
306,225,55,68
296,226,53,66
281,225,53,62
262,224,52,53
248,216,51,55
236,206,48,54
226,198,49,51
223,198,52,50
216,190,53,51
214,189,51,49
206,181,52,48
201,173,52,48
195,166,51,49
193,161,47,48
191,158,46,48
188,157,47,49
189,157,46,49
191,157,45,51
194,159,46,52
198,165,48,51
203,170,49,52
210,173,48,56
222,181,45,54
237,184,41,56
251,188,44,53
266,190,47,54
285,188,47,57
298,183,52,62
308,179,61,61
323,172,59,62
336,164,62,63
347,158,61,60
356,152,61,60
365,146,61,60
371,145,61,57
376,142,60,58
379,142,58,56
379,144,59,54
376,144,60,54
372,147,59,54
364,148,58,56
354,150,59,57
343,153,57,56
327,153,59,56
309,152,60,57
295,145,54,59
281,136,53,57
260,128,52,50
243,120,49,44
227,106,44,48
212,97,40,52
199,88,41,52
184,85,43,51
177,81,41,48
169,79,38,49
161,78,39,52
156,80,38,58
153,83,39,66
152,93,39,47
154,99,42,50
157,106,45,55
167,116,44,61
172,127,60,55
193,147,48,48
213,158,42,49
235,172,42,46
253,178,61,48
295,178,52,54
310,177,65,56
336,174,66,54
367,167,59,54
393,158,56,53
417,151,54,49
439,144,52,48
458,136,50,47
473,129,49,46
483,123,50,46
489,120,51,46
492,119,53,47
494,120,53,49
493,123,52,49
488,128,53,51
480,138,53,51
469,150,55,51
452,162,59,53
430,176,61,51
399,186,68,55
366,196,72,51
332,200,73,52
302,192,62,56
283,187,48,52
221,172,46,52
161,112,78,73
159,96,44,67
112,59,56,63
62,7,75,64
48,4,67,37
115,105,22,45
115,102,20,48
115,95,20,57
113,89,22,67
112,28,27,17
112,0,25,40
112,1,25,44
110,1,27,44
110,2,27,42
110,1,27,43
111,1,26,44
111,1,26,43
111,2,26,43
111,1,26,44
111,2,26,43
63,2,34,36
66,4,45,55
138,60,53,64
171,97,83,86
240,148,54,76
295,179,58,74
315,201,82,71
346,222,75,68
407,248,59,61
454,264,53,51
457,272,63,52
466,283,76,53
496,296,64,56
518,312,49,47
536,324,55,35
536,324,55,35
535,318,57,41
390,301,27,38
392,307,24,49
392,307,24,49
386,305,28,48
399,310,16,43
339,265,24,30
399,308,17,50
397,306,18,46
395,308,20,45
396,309,18,43
329,263,32,31
400,310,15,40
345,265,17,25
394,240,15,15
359,266,41,28
398,308,17,39
342,265,21,25
395,314,23,41
320,263,43,33
393,306,22,43
394,308,23,45
459,307,33,46
372,304,41,51
377,299,38,57
393,308,23,46
323,264,41,29
387,303,27,48
460,304,28,54
386,304,29,51
393,305,20,38
330,263,33,31
399,307,14,44
341,264,21,29
400,309,13,26
398,309,19,26
399,310,15,43
342,265,21,26
401,310,14,26
398,310,19,34
396,310,17,41
394,309,21,46
393,308,21,41
323,263,40,30
395,303,18,50
324,264,38,30
396,308,18,44
330,263,32,31
396,306,18,46
327,264,36,29
398,307,16,46
331,263,31,32
398,307,16,45
392,307,22,45
314,263,48,34
395,307,20,47
318,262,47,35
397,309,23,48
395,308,22,33
395,307,24,42
393,307,21,47
393,307,24,45
459,303,35,51
363,302,50,53
381,296,34,58
390,307,25,47
461,308,30,47
537,313,53,46
390,296,24,51
464,309,26,45
392,304,22,47
397,308,17,35
343,266,20,25
395,307,18,26
393,307,21,37
392,308,23,42
395,307,18,46
397,308,18,46
332,263,30,30
396,307,17,40
388,305,27,47
306,264,56,30
385,306,27,49
380,302,35,45
397,306,20,52
318,264,45,32
392,308,23,48
311,263,53,31
391,305,24,42
458,301,37,52
360,304,54,53
312,285,101,71
179,185,32,52
203,294,28,27
205,296,24,25
203,298,25,26
202,299,24,29
199,303,26,31
198,304,25,28
197,305,24,28
196,306,23,28
193,306,24,30
192,305,24,30
190,305,25,29
189,305,23,28
188,304,25,28
186,303,26,29
186,304,26,27
186,303,25,27
189,302,23,28
190,303,24,28
191,303,24,29
192,303,25,30
194,303,25,29
196,303,26,29
199,302,25,28
202,301,25,27
204,300,25,29
207,299,24,29
210,297,24,27
212,296,25,28
212,296,26,29
214,295,26,27
215,295,25,27
218,294,24,27
221,293,23,27
221,293,24,26
224,293,23,26
226,294,22,26
227,295,22,25
227,296,22,26
227,296,21,26
227,297,21,26
225,298,21,25
223,298,21,26
220,299,21,25
218,300,20,26
213,302,21,26
209,304,21,27
206,307,21,27
201,309,21,28
196,312,21,26
191,315,21,26
186,317,20,27
178,319,22,27
171,320,24,30
166,322,24,31
160,322,29,33
154,322,26,31
148,321,34,31
142,320,27,32
135,318,30,32
130,318,31,29
127,316,30,30
125,315,29,30
120,312,33,30
120,307,29,34
119,309,31,31
118,309,29,30
118,306,30,33
118,309,29,29
119,308,30,31
119,305,30,32
120,305,30,33
121,304,29,33
123,301,28,34
124,301,28,34
127,299,26,29
128,297,26,30
129,295,26,32
129,294,26,31
130,292,26,32
131,290,26,31
132,289,27,32
132,288,29,31
134,288,29,31
139,288,26,31
142,288,26,31
144,287,27,31
149,287,23,31
150,287,26,31
153,288,26,29
156,286,27,31
157,288,31,29
164,286,25,31
170,285,22,32
173,284,22,31
178,283,21,31
181,281,21,29
183,280,22,29
185,279,22,28
187,276,22,28
188,274,21,28
187,273,22,28
187,271,23,28
185,270,23,28
183,269,23,29
182,268,23,29
180,268,23,29
176,268,23,30
171,268,23,31
168,268,23,32
161,268,28,34
158,270,30,32
152,269,27,32
148,269,24,29
142,267,26,29
137,267,26,29
132,267,26,30
127,266,27,31
124,266,25,30
120,266,27,31
117,265,26,30
117,265,26,31
117,265,25,31
116,265,24,31
116,265,24,31
116,266,25,30
117,265,26,30
119,265,28,30
122,265,28,30
127,265,27,29
132,265,26,29
138,263,27,28
141,263,28,28
149,263,25,28
154,264,30,27
161,264,26,27
161,263,31,27
168,263,28,27
177,263,25,26
179,262,26,25
179,262,28,24
180,261,30,25
180,261,30,26
181,261,29,25
180,261,28,25
179,262,27,25
177,265,26,24
174,268,25,24
170,272,25,24
165,272,24,27
162,274,27,28
155,274,31,27
153,276,34,27
149,280,26,26
140,282,30,26
131,282,33,28
125,280,31,30
118,281,29,25
116,278,24,29
116,277,18,28
116,276,13,27
115,279,10,21
115,279,10,21
120,336,26,23
174,337,22,22
192,337,65,19
167,345,25,15
187,340,62,16
164,344,26,15
184,336,67,19
189,321,86,36
217,318,50,32
225,319,43,34
148,159,75,33
117,245,30,31
122,246,32,28
130,246,29,26
136,244,27,27
138,245,30,27
138,245,34,26
146,246,29,25
152,246,25,27
155,247,24,26
156,249,24,25
156,251,24,24
156,253,24,24
155,256,23,23
152,257,24,24
147,259,27,25
144,261,26,28
140,263,27,26
136,265,28,26
130,267,29,28
123,268,30,28
118,269,32,30
116,270,27,31
117,271,21,30
116,272,17,29
116,275,12,26
115,276,10,28
78,299,23,42
114,338,23,21
117,330,19,29
163,332,19,24
184,339,64,19
270,199,55,67
263,195,50,69
258,192,51,70
255,192,51,70
253,193,51,69
253,195,50,68
254,197,50,67
256,199,49,66
259,203,49,65
262,208,49,64
266,211,48,63
271,214,47,63
275,217,47,61
280,219,47,61
285,220,46,61
290,221,45,63
293,222,45,64
295,224,45,63
297,227,46,61
299,230,45,60
298,231,46,60
298,232,47,60
298,233,46,60
297,233,46,60
295,232,45,60
293,233,46,60
290,234,45,58
284,235,47,56
279,237,47,54
273,239,47,53
267,239,47,53
260,239,47,54
254,240,46,55
246,239,45,56
238,239,45,57
231,239,45,57
223,239,45,57
216,240,46,57
208,240,48,57
203,239,47,57
197,239,47,58
191,238,49,58
186,239,48,57
184,239,46,56
182,239,46,55
179,238,47,56
178,239,47,55
177,238,48,55
177,239,47,54
176,239,48,55
178,239,48,54
179,239,49,54
182,239,49,55
185,238,50,56
186,237,52,56
190,236,52,57
195,236,52,57
201,235,51,58
204,234,51,58
209,233,51,58
213,232,52,60
217,232,52,59
220,232,53,60
223,231,52,60
227,231,52,60
229,230,53,60
231,230,52,60
232,231,52,60
233,231,52,60
233,230,52,61
233,231,52,60
234,233,52,60
233,234,52,60
232,236,53,60
230,238,52,59
228,240,53,59
224,243,54,58
221,245,54,57
217,247,54,56
213,247,55,57
209,247,54,56
206,247,53,55
201,245,52,55
195,244,54,55
191,242,52,56
185,239,53,56
180,236,53,56
174,235,54,54
170,232,54,54
166,229,54,54
162,225,54,54
157,221,54,53
153,217,56,54
150,213,56,53
146,208,57,55
144,204,58,57
142,201,58,59
141,200,58,60
141,199,58,61
140,202,60,60
141,203,59,60
143,203,59,59
145,202,59,61
148,203,60,58
152,202,60,60
157,203,58,58
161,201,58,60
166,200,57,59
170,199,57,58
176,198,55,56
180,198,55,56
183,198,53,55
185,196,54,55
188,196,53,55
191,196,52,54
193,196,51,54
193,197,51,52
193,197,49,52
192,198,51,51
191,197,50,51
190,198,49,52
189,199,49,51
187,199,49,52
184,199,49,52
182,200,48,52
179,202,48,52
177,202,47,51
174,203,48,50
169,203,51,51
166,203,51,52
165,203,51,52
163,202,51,51
163,203,50,51
161,204,53,49
162,204,50,50
166,204,48,49
168,202,47,49
170,202,47,49
172,200,46,50
176,199,46,51
178,198,47,50
181,197,48,52
186,197,47,51
189,196,48,51
193,197,49,50
198,197,47,49
201,198,50,49
206,199,48,48
211,200,49,48
216,200,46,48
221,200,46,48
227,200,45,47
231,200,45,47
235,201,46,46
240,200,45,47
244,200,46,46
250,199,46,45
254,198,45,45
259,195,45,45
263,192,44,45
267,189,43,44
271,187,44,43
276,184,43,45
282,181,42,45
286,178,41,45
290,177,41,45
294,174,41,46
299,173,41,45
305,172,41,45
310,171,41,44
316,171,41,44
323,171,41,43
328,171,41,44
335,170,42,44
342,170,42,45
349,169,42,44
357,169,42,44
364,169,42,44
372,170,42,45
381,171,41,46
388,172,43,46
397,175,41,47
404,178,42,46
413,181,43,47
421,184,42,48
429,186,42,48
436,188,43,48
444,190,43,48
451,191,44,49
452,192,43,49
457,192,45,49
459,192,44,49
466,193,44,49
473,193,44,49
480,192,44,49
486,192,46,49
491,193,45,51
496,194,48,51
503,196,46,51
508,198,47,51
513,199,46,52
517,200,45,53
520,202,47,52
522,203,46,54
523,203,47,55
524,204,45,55
524,205,45,55
521,206,46,55
518,208,46,54
514,208,45,55
507,209,47,56
500,211,48,54
492,211,48,53
486,210,47,54
478,208,50,54
469,206,49,55
459,202,52,55
450,198,52,55
441,193,54,55
434,189,55,56
428,184,55,54
423,179,55,54
418,176,55,53
416,173,54,51
414,172,54,51
414,171,54,50
416,171,53,49
418,172,53,51
421,174,54,51
427,177,53,51
434,181,54,52
443,185,53,54
452,187,54,55
466,191,52,55
480,193,50,51
492,196,48,52
509,198,45,52
523,200,44,52
539,202,42,52
551,203,42,51
562,203,44,52
572,202,45,52
580,199,46,54
586,198,47,55
589,196,48,53
592,196,46,51
593,194,46,51
592,194,46,51
590,194,46,52
587,195,47,52
582,197,46,55
573,202,50,52
566,209,48,51
560,215,42,51
547,223,43,51
533,229,44,50
518,232,39,51
499,234,43,52
482,234,44,56
468,233,44,55
450,232,41,54
430,230,46,50
411,227,49,53
391,223,54,53
376,219,54,54
365,213,53,56
355,207,54,51
348,201,54,54
342,197,55,54
339,193,55,54
339,190,55,53
342,189,54,50
346,188,54,50
352,188,55,53
361,190,55,56
373,191,54,57
386,195,55,54
402,198,52,54
423,204,48,53
440,206,49,55
459,209,50,55
484,210,41,56
494,211,48,56
523,209,42,55
539,207,47,53
558,202,45,53
566,197,53,55
580,192,53,58
589,188,49,56
598,184,42,52
604,182,35,50
608,180,32,49
610,177,29,50
611,176,29,50
610,175,30,50
607,176,32,53
603,178,37,54
596,182,43,53
588,185,47,56
579,189,48,59
565,195,51,57
557,201,44,55
540,207,45,55
525,210,41,59
502,217,42,57
485,219,46,56
470,218,45,57
451,216,55,56
431,209,51,56
410,203,55,55
406,200,58,55
393,193,59,58
390,192,58,56
377,182,58,59
364,172,59,60
354,162,57,57
344,152,57,58
335,145,56,56
328,136,57,57
322,128,57,57
317,120,57,57
314,115,56,56
312,109,55,55
311,105,54,55
311,102,53,54
310,99,53,56
309,99,55,56
310,100,53,56
311,102,53,56
313,104,51,57
314,108,50,58
314,112,51,58
314,116,51,60
313,122,50,60
313,127,50,61
310,133,51,63
308,140,51,63
304,148,52,64
299,157,53,66
294,167,53,67
289,179,52,69
281,193,54,64
271,211,56,57
265,223,55,60
254,231,58,65
246,239,55,63
237,245,54,67
228,249,55,65
218,254,57,64
211,256,57,63
203,260,57,64
195,265,59,68
189,267,57,71
181,271,60,72
182,275,53,70
178,280,51,64
174,282,51,63
172,285,52,64
168,286,54,63
167,288,54,61
166,286,56,64
170,287,52,59
172,286,55,61
172,286,56,61
178,284,54,61
184,285,52,59
187,284,51,58
191,285,53,57
196,286,53,59
202,287,54,59
206,288,55,58
211,288,52,56
214,287,52,57
221,286,50,57
225,285,48,57
229,284,47,55
234,282,45,55
235,282,47,54
237,280,46,56
240,277,45,57
240,275,46,57
240,272,47,59
239,271,47,57
238,271,47,56
237,271,47,56
232,270,49,54
228,270,50,54
224,268,50,54
219,267,50,54
214,265,51,54
209,264,51,54
204,262,49,53
200,259,48,55
195,257,48,52
190,256,47,53
184,254,48,52
181,252,46,53
178,250,43,54
173,248,45,52
166,247,48,51
162,247,49,49
159,246,50,49
155,244,54,50
158,243,51,50
152,243,58,50
159,242,51,48
156,241,58,53
162,240,54,52
166,240,54,53
175,240,49,55
184,240,44,52
186,240,48,53
193,240,47,52
200,239,47,52
206,240,48,51
212,239,51,53
219,237,49,54
227,234,48,54
236,232,47,53
246,229,49,49
253,225,53,51
265,217,54,52
280,210,51,51
294,201,48,57
306,197,49,57
314,193,57,56
330,189,52,55
343,187,54,53
356,187,54,53
371,186,53,53
384,186,52,53
399,185,50,52
401,185,49,53
410,185,49,51
413,185,48,52
423,186,47,50
432,186,47,50
439,186,47,49
445,188,45,49
449,191,44,48
450,194,44,47
448,196,43,48
443,199,43,46
436,201,43,46
427,205,43,44
418,208,42,42
399,209,49,42
386,211,46,44
366,213,50,44
350,215,48,45
332,216,51,45
310,219,52,46
298,220,46,46
273,222,49,43
254,223,44,43
235,218,43,46
220,213,45,47
209,208,41,47
198,204,42,45
183,201,45,44
174,196,45,46
167,198,47,45
164,199,46,44
165,200,44,45
166,201,46,48
172,205,44,49
182,212,44,48
196,218,41,49
210,225,44,49
222,232,45,47
240,236,44,47
261,241,51,42
295,238,44,54
307,236,52,55
323,234,60,51
350,233,50,48
369,226,50,49
390,221,44,45
403,212,48,43
421,205,41,45
432,198,40,45
443,192,38,41
450,187,38,40
455,183,37,39
460,180,37,39
462,179,37,39
463,180,37,38
461,183,37,39
457,188,38,39
452,193,38,43
444,200,38,46
435,208,40,46
421,218,42,48
401,228,50,49
380,237,53,53
357,243,51,57
334,248,65,59
309,250,67,59
302,253,53,52
264,254,58,41
238,244,44,50
218,237,44,48
201,232,47,47
188,226,40,44
169,220,46,44
161,215,45,44
153,210,46,44
148,207,48,45
150,206,45,44
153,207,44,44
158,209,43,44
165,214,44,43
176,218,45,45
195,222,40,45
210,224,45,47
227,227,45,46
250,230,44,43
271,228,58,44
302,223,50,49
315,219,62,54
347,215,54,51
370,209,55,51
396,201,48,52
417,193,46,53
435,185,45,54
452,178,43,52
466,171,42,51
476,166,42,52
481,161,44,53
485,158,45,55
487,159,44,55
485,161,44,56
479,166,45,58
470,174,46,60
458,184,48,61
445,195,47,63
426,207,49,64
401,219,57,61
378,229,61,61
345,239,60,67
312,245,78,67
304,251,57,58
262,257,81,44
235,249,48,54
216,242,48,52
203,237,45,50
191,230,43,48
180,224,43,46
172,221,43,43
166,215,46,43
165,214,45,42
166,209,47,43
171,206,47,44
176,206,44,42
186,207,42,41
187,205,42,43
196,206,44,44
208,209,45,47
221,213,44,48
239,218,42,49
257,229,54,43
288,232,50,51
304,233,54,56
314,233,66,55
347,236,54,54
372,233,52,54
396,228,56,52
417,223,49,53
435,217,48,54
453,208,49,56
468,203,45,53
478,196,47,53
486,189,48,55
492,186,47,55
494,184,48,58
493,184,48,57
491,188,48,56
482,192,51,58
474,199,51,58
459,206,52,63
444,215,52,62
426,224,53,60
401,233,55,61
376,241,55,60
342,246,66,63
320,249,73,63
304,254,58,56
290,251,53,52
265,251,48,45
248,240,41,50
235,233,42,49
224,226,41,46
215,220,40,45
207,215,41,45
203,212,42,42
201,208,42,43
203,205,41,43
206,203,40,44
210,205,41,45
215,208,42,45
223,212,43,47
233,218,43,49
243,224,42,49
257,235,46,46
269,243,51,47
294,245,45,52
305,249,51,54
316,251,62,56
334,251,66,60
350,250,60,60
376,248,56,53
400,245,50,50
416,237,51,53
432,230,51,55
442,224,52,55
449,218,55,55
455,211,55,55
462,207,53,52
464,203,55,55
465,202,55,53
461,203,55,54
456,205,54,53
448,209,55,53
440,213,54,55
428,220,54,54
416,225,53,54
394,233,55,55
376,239,54,54
357,245,54,60
334,249,65,62
314,253,60,56
306,253,50,54
271,252,64,48
253,243,48,49
234,231,47,50
221,221,46,49
209,212,46,49
198,203,48,50
189,197,49,48
181,192,53,47
177,189,55,48
177,186,55,49
177,186,55,49
181,186,54,51
190,192,50,51
198,198,50,51
211,207,47,53
223,213,48,56
238,223,45,56
256,241,47,48
263,248,63,48
294,250,55,55
308,253,59,60
314,257,84,60
349,260,62,59
384,262,56,50
412,256,54,52
423,253,64,52
449,244,56,54
458,236,62,57
475,227,57,58
484,220,55,56
491,216,54,52
495,209,56,52
496,204,59,52
497,201,59,53
493,200,60,54
488,200,60,54
482,201,57,57
472,203,61,60
461,207,64,61
448,212,63,65
435,218,66,66
421,225,63,63
409,232,60,64
403,235,60,62
392,237,60,60
387,239,59,61
369,241,61,62
349,241,62,68
335,240,69,70
324,236,71,70
315,230,64,66
312,223,58,67
308,216,57,71
302,210,58,68
301,205,56,61
299,200,56,60
300,195,56,62
302,193,55,62
305,191,57,63
310,192,57,62
317,192,57,61
323,193,60,63
332,196,63,62
341,199,63,62
352,201,63,60
363,205,64,58
375,207,64,59
387,209,66,57
400,210,64,57
411,212,65,58
426,213,60,59
436,214,62,59
449,216,59,58
457,215,59,59
468,216,57,60
474,215,56,59
480,214,56,60
483,214,58,59
487,214,57,60
489,212,59,62
489,213,60,64
489,214,60,64
488,217,58,65
485,219,58,65
482,220,58,66
475,223,61,66
465,225,61,66
459,227,62,64
451,228,62,65
440,230,64,63
433,230,62,62
426,230,59,62
418,230,58,62
410,231,57,60
400,232,59,60
394,235,57,59
388,237,58,61
383,237,58,61
379,238,56,61
