391,81,58,59
392,80,55,58
390,79,57,60
392,79,56,59
391,79,56,58
394,82,53,57
393,80,56,59
393,79,59,60
392,79,57,60
392,81,57,58
393,78,55,58
394,80,56,57
392,78,57,61
391,78,57,60
393,79,57,59
391,79,58,63
391,79,56,59
390,81,57,60
390,80,55,61
390,81,56,62
389,82,56,62
389,81,54,61
388,82,56,60
387,82,57,60
388,83,56,59
389,83,56,63
387,82,56,62
386,83,59,61
387,83,56,60
388,84,56,58
387,84,56,59
385,83,58,60
388,84,56,57
387,84,55,59
387,84,56,57
386,86,55,57
386,84,57,58
387,84,55,59
385,83,57,59
386,84,55,58
386,84,55,59
386,86,55,58
387,85,53,58
387,85,57,59
387,82,58,61
385,84,61,58
385,82,59,59
386,82,58,60
387,83,58,62
386,85,56,57
386,83,59,63
387,82,58,60
386,83,58,62
386,84,58,59
388,84,56,64
385,86,60,56
387,84,58,60
387,85,57,61
387,84,58,61
387,84,56,57
386,85,58,61
388,84,56,58
387,84,58,58
386,85,57,59
386,85,57,60
387,84,58,60
387,84,56,60
388,85,57,58
389,83,56,60
390,83,54,59
388,85,58,59
387,85,59,59
388,83,59,60
389,84,58,58
390,85,54,57
389,83,58,61
389,83,57,62
389,84,58,59
389,84,57,60
390,85,57,56
389,85,57,57
390,83,56,60
389,84,57,59
390,83,55,59
389,84,57,58
389,84,57,59
390,85,56,55
389,84,60,59
390,83,56,57
391,82,54,63
390,82,55,59
389,84,58,57
389,82,58,62
389,82,59,64
389,84,56,57
390,82,54,60
389,83,56,59
390,83,57,58
390,84,58,59
390,83,58,62
389,81,57,64
389,82,57,61
390,84,59,60
390,83,58,58
392,84,54,57
392,84,55,58
392,83,56,59
391,83,58,57
393,84,55,59
392,85,58,59
391,83,59,58
392,82,57,64
392,85,58,58
392,84,57,61
394,85,59,61
394,85,55,61
393,86,58,56
393,84,59,59
393,83,59,62
394,85,57,59
394,85,57,57
395,82,55,60
397,83,55,59
394,83,60,59
395,84,57,56
395,83,58,59
395,85,58,55
396,80,57,60
398,81,55,62
397,80,59,63
397,81,58,60
397,81,59,60
398,81,58,59
397,81,58,60
397,83,58,59
398,82,56,63
396,83,61,61
396,83,58,58
396,84,55,58
395,84,57,58
393,83,56,61
393,82,57,59
391,84,56,60
390,83,58,58
389,83,59,59
389,84,59,59
389,84,58,60
391,85,57,60
389,86,58,57
391,86,58,59
391,87,57,59
392,85,57,58
392,86,56,58
392,85,59,58
393,84,55,59
392,83,59,59
392,83,58,59
395,82,55,61
393,81,58,62
394,81,56,60
395,80,57,62
393,80,57,59
394,80,58,58
394,78,59,61
395,80,59,59
395,81,58,56
395,80,57,59
394,79,62,64
395,78,58,63
395,80,58,59
393,80,58,50
386,79,59,55
358,87,65,62
354,86,65,64
343,87,63,62
336,86,61,64
329,89,59,63
320,87,59,65
312,86,61,65
306,85,62,66
298,90,62,59
293,88,59,61
288,84,57,63
283,86,60,61
279,86,60,59
276,84,59,61
274,83,59,60
273,83,61,60
274,81,58,61
276,81,59,60
278,79,59,62
281,79,62,62
287,78,60,63
294,77,59,62
301,76,61,64
309,76,62,63
319,77,62,62
328,75,60,64
338,77,58,64
347,77,63,65
356,76,62,65
367,75,58,65
372,77,60,64
381,77,57,59
387,79,58,60
393,78,57,59
397,78,58,65
397,79,59,63
399,80,62,61
400,80,61,62
400,80,61,62
404,80,62,62
402,81,61,61
403,82,59,56
403,82,60,60
405,81,58,58
404,81,59,61
405,81,58,59
406,83,58,57
406,82,59,59
406,82,60,57
407,82,57,58
406,82,59,57
408,80,59,58
407,82,59,58
407,80,58,57
408,79,57,59
408,80,58,58
409,81,57,58
409,77,59,62
411,79,57,55
410,79,57,59
412,79,58,58
411,78,61,60
411,79,59,58
410,79,61,57
412,78,59,62
412,80,61,57
412,80,60,61
412,82,59,55
411,80,61,57
413,81,58,59
414,80,58,58
411,81,58,60
410,83,59,56
411,83,58,57
411,83,57,59
411,85,57,57
410,84,57,58
412,83,56,59
413,83,58,59
411,83,56,57
412,81,58,58
412,82,57,60
412,83,57,57
412,84,56,57
412,84,55,58
412,83,57,57
411,85,59,56
412,84,58,57
414,85,56,54
413,83,57,57
414,84,57,54
414,83,57,57
413,83,57,53
416,83,56,58
415,83,59,56
415,84,61,56
417,83,59,54
418,82,59,60
420,80,60,60
421,81,61,64
421,82,61,56
422,83,62,56
425,80,59,60
424,82,55,55
428,83,56,56
427,82,57,56
427,82,59,58
430,81,55,54
433,80,54,53
435,80,55,55
439,80,54,54
443,78,57,55
442,78,56,54
449,77,55,55
451,76,59,55
456,74,58,57
459,72,58,58
464,74,55,57
467,72,55,57
470,69,62,58
474,72,59,60
477,75,58,58
483,75,59,58
487,77,62,60
493,79,59,60
495,82,62,59
498,81,63,58
501,82,64,58
502,84,63,58
503,84,65,60
505,86,63,58
507,87,65,58
508,89,62,55
509,91,64,55
510,91,62,56
510,91,64,55
511,90,61,54
512,90,65,55
513,91,64,54
514,90,63,54
517,91,62,53
518,90,63,53
519,90,65,53
521,89,64,51
522,90,64,53
522,89,67,51
523,88,65,55
523,90,66,51
523,89,65,53
525,88,63,54
524,87,66,53
523,89,64,52
523,88,66,53
522,89,66,56
522,90,67,52
523,89,65,53
523,90,64,51
522,88,67,54
523,89,65,53
523,89,64,53
522,90,67,50
522,90,67,51
522,88,65,52
523,89,66,54
523,90,64,50
522,89,67,54
523,89,66,54
523,89,65,55
575,23,56,61
520,86,63,56
573,17,61,69
517,88,73,55
513,89,77,54
512,89,81,50
511,89,81,52
512,90,80,52
515,90,77,52
515,89,78,51
519,89,73,51
517,89,74,50
518,89,73,49
517,90,75,53
519,88,73,52
516,90,76,54
519,89,71,49
520,89,70,52
517,88,76,55
515,88,77,54
517,90,76,51
518,89,72,52
522,89,67,54
523,88,64,54
524,89,64,52
525,89,65,52
522,89,65,52
522,89,66,51
524,89,64,53
523,89,64,52
524,89,64,53
523,90,65,50
522,90,66,53
523,89,65,53
522,89,67,52
521,90,68,50
522,90,68,50
524,89,65,51
523,89,65,54
522,89,65,51
523,89,64,51
524,88,64,54
523,90,65,54
523,89,66,53
522,90,66,52
523,89,66,54
523,89,66,53
519,87,71,52
515,90,77,53
519,89,73,49
519,89,71,51
520,89,70,52
519,88,73,53
521,90,70,50
520,88,69,53
520,89,71,51
522,88,68,51
521,89,68,53
520,89,71,50
521,88,70,52
521,89,70,53
520,88,71,51
520,88,70,53
519,88,72,53
521,89,70,49
523,89,66,52
523,89,64,54
524,89,66,53
523,89,66,53
524,89,64,54
524,90,64,52
523,89,66,52
523,90,65,50
523,89,65,52
521,89,67,53
522,90,67,53
525,89,64,52
524,89,64,51
522,90,66,53
522,89,67,52
522,90,64,52
523,89,67,52
524,89,65,52
525,88,64,53
522,89,64,54
524,88,66,51
522,89,67,52
523,89,66,50
524,89,64,52
524,89,65,52
524,88,64,52
525,87,65,54
523,90,65,53
525,90,64,51
524,89,62,53
523,89,65,52
521,88,64,55
516,86,66,56
514,85,67,57
510,83,65,58
506,80,64,55
503,79,65,58
500,78,62,58
494,79,61,60
492,78,56,59
487,77,56,60
484,78,53,57
477,81,58,53
473,81,55,54
467,84,55,54
462,86,55,51
454,89,57,52
454,90,55,51
450,92,57,52
449,93,56,51
446,94,55,56
442,100,54,53
439,103,52,51
436,105,51,52
431,106,54,52
427,109,54,50
424,109,51,50
421,111,52,50
418,110,53,51
416,107,50,54
412,104,53,57
411,104,52,55
409,104,51,55
406,101,50,55
402,100,51,54
398,97,52,56
394,92,51,59
390,90,50,59
380,90,51,54
367,85,57,58
359,84,55,57
352,82,54,57
342,82,54,56
331,80,53,56
320,77,53,56
308,74,56,57
301,72,50,55
288,72,55,54
277,71,55,51
267,71,52,57
258,72,56,57
251,72,54,54
245,72,55,57
241,75,55,54
236,76,54,57
233,78,53,55
231,80,49,54
227,83,51,52
226,85,49,50
226,85,49,50
226,87,49,48
229,90,48,46
232,90,50,48
237,90,49,47
242,90,48,47
249,90,48,49
256,89,48,49
264,88,54,51
275,87,51,47
288,84,50,49
298,82,49,49
308,79,51,55
321,76,54,52
335,76,48,56
344,75,51,57
354,74,55,57
366,75,55,55
379,76,49,52
388,77,49,54
395,78,49,56
404,80,49,53
410,84,49,50
415,85,51,52
419,87,50,53
424,90,48,48
427,93,46,47
430,95,47,49
428,95,48,48
430,98,49,47
429,100,45,49
428,100,47,47
428,101,49,49
427,104,46,47
424,104,48,47
424,105,44,47
425,107,45,45
423,108,43,45
426,108,42,45
423,108,46,47
424,109,44,47
425,112,45,45
424,114,43,43
425,115,43,44
424,117,44,42
424,118,42,43
422,121,45,41
422,123,44,40
422,126,44,38
421,127,45,40
421,128,45,40
420,129,45,39
421,129,45,44
423,130,43,41
423,132,44,37
423,131,44,38
423,131,45,38
424,131,45,37
427,131,43,37
427,131,44,40
426,131,45,38
427,131,45,39
427,131,46,41
428,129,47,42
428,130,45,40
425,130,47,42
428,130,45,42
429,129,43,44
428,130,43,41
429,131,43,41
430,133,41,36
429,129,41,41
429,130,42,41
430,131,40,38
429,131,40,39
428,131,41,39
429,130,41,39
427,130,42,40
428,129,41,39
429,128,40,41
430,127,41,43
429,129,42,40
429,129,42,38
431,128,40,40
429,129,42,38
430,128,43,37
431,130,43,31
432,126,42,39
432,125,44,37
432,124,46,38
434,124,45,38
436,122,44,37
437,121,42,37
438,119,43,40
438,118,43,40
437,118,46,37
439,116,43,39
439,116,43,41
439,115,43,41
438,115,45,39
438,116,44,38
438,114,45,41
437,115,47,41
438,115,45,39
439,114,44,42
440,114,44,41
439,114,44,41
439,113,44,44
439,113,44,42
438,114,45,42
437,114,47,43
437,116,45,39
437,115,46,40
437,117,46,39
437,115,45,42
437,115,45,44
437,116,45,43
437,117,43,42
436,118,45,39
435,118,46,41
436,117,44,42
435,116,46,45
437,118,43,42
433,118,46,46
434,118,46,43
433,117,47,44
433,117,49,45
433,118,48,43
430,116,53,46
431,119,51,42
433,117,49,46
434,117,47,45
436,117,45,45
435,117,46,45
433,117,49,44
432,117,48,46
435,118,46,44
435,118,46,46
433,118,47,45
434,118,47,44
430,118,50,44
431,118,50,45
433,118,47,46
433,118,47,44
428,118,52,46
435,119,47,45
436,118,44,43
436,118,44,43
436,119,44,43
435,119,46,44
436,118,45,44
437,118,43,44
437,118,43,44
437,118,43,45
436,118,45,45
436,117,45,45
437,119,44,44
436,117,44,45
436,118,45,42
435,118,46,42
435,117,45,42
435,118,45,40
433,117,47,43
434,117,46,41
433,116,47,43
434,116,46,41
433,115,47,43
432,113,48,45
434,113,46,44
435,113,46,45
435,113,46,44
435,112,47,45
435,113,47,45
436,112,46,45
436,111,46,47
435,111,48,45
436,111,47,46
435,108,52,51
436,109,50,50
435,107,53,50
434,108,54,49
433,106,56,50
436,106,53,51
433,106,56,48
436,105,53,50
436,106,53,50
434,107,56,48
437,107,52,49
433,107,56,48
433,106,57,51
435,107,55,50
434,108,56,50
435,108,53,50
433,108,56,49
437,108,52,47
438,110,49,48
438,108,47,48
438,109,48,47
438,111,49,46
439,110,47,47
438,109,47,48
438,111,48,46
438,109,47,48
438,109,48,49
438,109,48,49
438,109,49,48
439,109,47,49
440,109,47,48
439,108,48,50
439,109,49,48
438,108,49,50
440,108,48,48
439,108,49,48
439,107,50,50
439,108,51,50
441,109,50,49
441,109,48,49
441,108,50,49
441,110,50,48
441,110,49,49
441,112,51,47
442,112,50,49
441,112,52,49
441,112,51,49
442,112,52,49
440,114,54,49
442,111,53,51
442,112,52,48
441,112,53,49
444,111,53,48
443,109,52,51
444,108,54,51
446,107,52,52
445,105,53,51
447,105,54,52
448,104,54,52
448,103,54,53
450,104,54,50
451,103,53,52
450,102,53,52
450,102,54,52
452,102,54,54
451,102,53,53
451,102,54,52
451,102,54,52
451,102,54,52
452,102,53,52
451,102,53,53
451,103,54,52
452,102,53,52
449,102,58,51
449,103,59,51
446,103,61,52
438,101,71,53
436,102,72,53
438,101,70,53
442,101,66,55
446,103,63,53
448,102,60,52
446,103,61,52
449,102,59,54
445,103,62,53
445,103,64,53
449,102,59,51
447,101,59,52
447,101,60,53
451,102,52,50
451,102,51,51
451,102,52,52
449,103,52,52
450,102,51,49
449,102,50,50
449,102,50,49
448,102,50,50
447,102,50,50
446,103,49,49
444,101,50,51
444,103,49,49
443,104,49,48
443,103,48,48
443,107,47,45
443,105,44,49
443,107,45,45
441,107,46,45
441,109,44,43
440,110,43,45
440,111,42,46
440,112,41,45
438,115,45,43
438,115,44,42
438,115,43,43
437,114,44,44
439,115,44,46
437,113,44,46
435,114,49,47
436,113,48,48
436,112,49,49
435,113,50,47
437,113,49,45
438,112,49,45
438,113,49,46
441,111,47,46
440,111,49,45
442,111,47,45
439,110,50,46
442,112,48,44
444,110,46,45
443,110,46,45
444,112,43,42
443,109,45,47
444,110,44,45
444,109,42,45
443,110,43,44
443,109,44,44
443,109,42,45
442,109,44,45
442,109,43,45
442,108,44,45
441,109,44,46
442,108,44,44
441,107,48,46
441,107,47,49
441,106,45,50
441,107,46,49
442,107,46,47
440,107,47,47
441,104,46,50
442,106,45,47
442,106,45,46
441,105,46,47
441,103,47,49
440,104,49,48
436,103,53,49
441,104,48,48
440,105,50,47
440,104,48,48
441,103,47,48
444,105,46,45
443,105,44,46
445,104,43,46
445,104,44,46
445,104,43,47
445,103,44,45
443,102,46,45
445,103,43,44
443,101,45,46
442,101,43,46
442,100,45,47
441,98,43,44
441,99,41,43
440,98,42,44
437,100,43,41
435,96,43,40
435,96,42,40
432,95,44,40
429,94,45,41
426,92,46,44
426,93,43,42
422,91,44,43
420,90,44,42
421,89,43,42
420,90,45,44
417,90,45,44
416,89,46,45
417,90,46,45
418,89,46,48
418,92,43,44
418,94,47,44
416,94,46,45
417,94,50,48
416,94,49,48
418,96,45,47
417,98,47,45
418,99,47,46
416,98,48,47
418,97,45,48
417,99,48,46
418,98,46,47
419,97,44,48
416,96,47,51
417,99,46,47
418,99,44,46
418,99,47,46
418,99,45,47
415,99,46,48
417,97,47,47
415,96,47,48
416,94,48,46
415,94,47,47
416,90,49,48
418,89,48,47
416,87,46,45
419,85,45,45
420,84,44,44
420,83,46,43
421,82,45,45
423,81,45,46
425,80,46,48
427,78,47,45
431,79,47,45
433,79,46,44
433,75,45,46
437,75,44,45
439,76,45,44
440,75,45,44
444,73,47,46
448,74,45,44
449,75,45,44
452,74,45,41
453,74,46,41
454,72,47,43
456,71,46,43
456,71,48,42
459,69,44,42
458,70,46,43
458,70,47,44
457,69,49,44
458,70,47,43
455,68,49,45
455,67,47,46
452,68,50,48
452,70,47,45
449,70,48,45
447,70,48,45
445,73,49,44
444,72,49,49
443,75,47,48
441,75,48,48
442,75,47,48
438,77,50,48
436,78,51,46
436,77,50,49
433,80,50,46
434,78,53,50
433,80,53,48
431,79,54,50
430,82,51,48
433,82,51,46
426,82,56,51
424,78,58,55
420,73,62,63
422,65,60,70
419,76,64,60
418,72,63,65
420,71,64,68
420,66,64,74
417,65,66,72
414,67,69,72
416,69,68,68
411,66,72,71
416,69,69,66
423,73,62,58
424,70,59,62
423,69,64,60
427,68,59,60
428,77,53,53
432,76,52,47
430,78,54,49
431,78,54,49
429,77,54,50
427,79,52,52
429,79,53,49
425,79,55,51
422,80,54,51
421,81,54,51
420,82,55,50
417,84,54,52
414,83,53,53
410,85,54,54
409,88,54,52
405,89,52,53
400,92,56,54
397,92,53,56
392,94,56,56
388,98,58,56
383,100,57,54
381,102,54,54
376,103,53,57
370,106,57,57
366,109,53,54
360,110,55,54
