369,261,48,41
368,261,46,39
367,261,47,40
366,261,47,39
362,261,48,40
357,259,48,42
351,257,47,45
346,251,46,49
346,251,46,49
377,263,40,43
368,263,45,36
365,270,48,28
365,272,46,18
361,273,52,15
363,274,50,14
357,273,57,15
355,272,59,15
351,273,62,14
349,272,65,16
350,272,66,14
352,273,63,15
348,272,66,15
350,272,65,15
351,272,64,16
349,272,65,15
348,272,68,14
349,273,66,14
349,273,66,14
347,271,68,15
349,272,67,14
351,272,63,14
350,273,66,13
347,272,67,12
346,272,68,13
345,273,72,14
380,257,70,20
377,255,71,29
373,253,63,38
371,249,63,44
375,245,58,50
373,243,64,52
378,245,58,50
379,246,56,48
386,254,50,42
387,254,50,41
384,250,53,44
383,252,52,43
387,253,52,42
389,253,48,43
390,257,49,40
390,260,47,39
397,260,44,40
395,262,47,39
396,259,46,41
396,263,46,36
395,264,46,36
395,264,48,37
396,261,49,37
394,261,50,37
395,262,48,37
390,262,47,38
388,262,48,38
387,261,46,39
382,250,47,42
371,251,47,44
384,229,51,46
389,214,53,49
353,262,65,40
353,261,63,34
352,271,62,23
353,271,61,19
349,272,65,16
350,272,65,15
350,272,65,15
347,273,68,15
348,273,67,16
347,271,67,16
348,274,67,15
349,272,65,16
351,274,65,15
348,272,66,14
347,273,70,16
346,272,70,15
348,272,67,16
351,273,63,16
349,272,65,16
347,272,66,15
348,273,68,15
350,272,66,16
352,272,62,16
351,273,63,16
350,272,65,16
349,272,65,16
348,272,67,16
349,272,66,15
351,271,62,17
350,272,66,16
350,272,65,15
349,272,67,15
349,272,65,16
349,272,65,15
351,272,63,16
350,273,66,15
349,273,64,15
349,272,66,15
349,273,65,16
348,273,67,15
347,273,69,15
348,272,66,15
347,271,68,16
347,272,67,14
349,272,64,14
352,273,61,15
350,272,64,14
349,273,65,15
349,273,65,15
350,273,64,16
348,271,65,16
348,273,66,16
348,271,67,15
347,272,68,15
348,273,67,14
348,272,67,15
348,272,66,15
349,271,65,16
349,273,68,16
346,272,70,15
347,271,68,16
349,273,68,15
349,273,68,16
348,272,68,15
348,273,67,14
346,272,69,15
347,274,67,15
347,272,67,14
348,272,67,16
347,273,68,15
347,272,66,15
349,271,65,15
349,273,66,15
350,272,64,16
350,272,65,15
349,272,67,17
347,272,68,15
347,272,67,16
349,274,67,15
349,272,65,16
348,272,66,17
348,272,67,17
349,272,67,16
350,273,64,16
349,272,65,16
349,273,67,15
348,273,67,15
349,273,66,14
350,272,63,15
348,273,66,16
346,272,69,16
349,273,65,16
349,273,65,15
346,272,69,15
347,272,67,15
346,272,69,16
346,272,69,16
348,273,68,14
347,273,66,14
350,272,66,15
351,272,62,14
349,273,64,13
347,272,68,15
349,272,66,14
348,273,67,14
345,273,70,15
345,272,71,16
348,274,70,13
347,273,70,14
350,272,66,14
348,272,66,15
349,272,66,15
350,272,64,15
352,274,62,14
349,272,63,15
348,273,66,15
348,273,66,15
349,272,66,15
349,273,67,14
345,272,69,14
346,272,71,16
349,272,65,16
349,273,64,14
346,272,67,14
347,273,68,14
349,257,67,22
341,257,67,29
338,252,63,33
334,245,54,40
372,269,46,31
374,271,45,30
372,272,46,21
375,273,41,17
378,274,37,12
379,274,36,13
362,272,34,12
364,271,32,10
365,272,30,8
363,273,32,10
365,272,33,12
366,272,31,13
366,273,30,11
365,271,31,13
365,272,30,11
375,274,35,13
365,272,32,14
365,272,33,11
366,272,29,10
365,272,29,10
365,272,29,10
365,273,31,11
366,273,29,10
365,273,30,11
365,272,30,10
365,272,28,10
366,273,29,10
366,272,29,10
365,273,31,11
365,272,31,10
366,273,31,11
365,273,29,10
366,272,30,11
365,272,29,10
368,273,29,12
365,271,30,10
367,273,29,11
366,272,30,11
366,273,31,11
366,272,29,9
366,271,29,11
366,272,30,13
367,273,28,10
366,272,28,11
365,273,29,10
366,273,27,11
366,272,29,10
365,272,29,10
365,273,30,10
365,273,30,11
365,272,30,11
365,273,29,12
367,272,31,11
366,272,30,11
366,273,29,10
366,273,29,10
365,272,31,11
365,273,29,10
365,272,29,11
366,272,29,10
367,271,28,10
366,273,28,10
367,272,28,10
365,271,28,10
366,274,29,10
366,273,28,9
367,271,26,10
366,273,28,10
365,273,31,11
365,272,28,11
366,272,29,10
365,272,29,10
367,272,26,11
367,273,28,10
366,272,29,10
365,273,28,10
367,273,29,10
366,273,29,10
366,273,31,13
365,272,30,10
367,272,29,10
366,272,29,10
367,272,28,10
366,272,28,9
366,272,27,10
366,272,29,9
366,273,29,11
367,272,27,11
367,272,28,10
364,272,30,11
365,273,29,10
366,272,29,11
365,272,31,11
366,273,28,10
365,272,28,11
367,273,29,10
366,273,29,10
365,273,33,11
366,273,30,10
365,272,29,11
367,273,30,11
366,273,29,11
366,273,29,11
367,272,28,10
367,272,27,10
365,274,30,10
367,271,28,10
367,271,28,11
365,272,29,10
366,271,29,11
366,273,29,12
366,273,29,10
366,272,29,10
365,273,29,9
366,273,28,9
365,272,30,11
366,272,29,10
367,273,28,10
366,272,30,10
367,273,27,10
367,272,30,10
367,273,29,10
366,273,30,11
366,273,29,10
367,272,28,10
366,273,28,10
367,272,30,10
365,272,30,10
366,272,28,10
366,273,29,10
366,273,28,10
367,272,27,10
367,272,27,10
367,272,27,10
365,273,28,10
365,272,31,11
366,272,30,12
367,273,29,12
367,272,30,13
365,272,29,11
366,273,29,10
367,273,29,11
366,272,29,11
365,273,29,10
366,273,29,11
365,272,29,11
366,272,29,10
367,272,28,10
366,271,28,10
365,273,27,10
366,273,27,10
366,272,29,10
366,272,30,11
366,273,29,11
366,273,28,10
366,272,29,11
366,273,30,11
365,272,30,12
365,273,29,11
365,273,30,11
367,273,28,11
367,272,28,10
367,273,29,11
366,273,30,12
367,272,28,11
367,272,28,10
366,272,28,10
365,272,30,10
366,272,28,10
367,273,29,11
365,273,29,11
366,272,28,10
365,272,29,10
366,271,28,10
367,273,29,11
365,272,29,10
366,273,29,10
366,273,28,9
366,273,28,10
366,271,28,11
366,273,28,10
366,272,29,11
366,272,29,11
366,272,29,11
367,273,29,12
366,272,29,11
367,273,30,12
366,272,29,10
366,272,28,10
367,273,27,10
366,271,27,11
366,272,29,10
367,272,28,10
366,273,30,10
365,273,30,11
366,273,32,13
366,271,28,10
366,272,30,11
367,272,29,10
365,272,30,11
364,272,29,10
367,272,28,10
367,272,28,10
366,272,30,10
365,272,28,10
365,273,29,10
366,271,29,11
367,272,30,10
367,272,28,10
366,272,27,9
367,272,28,10
365,272,28,10
366,272,29,10
366,272,29,11
367,273,28,10
367,272,29,11
366,273,28,11
365,273,29,12
365,273,30,10
367,272,28,10
366,273,28,10
365,271,28,11
366,273,27,10
366,271,29,11
366,273,29,11
366,274,31,12
366,273,30,12
366,274,30,11
366,273,28,10
367,272,25,10
366,271,27,11
366,272,26,10
367,273,27,10
367,272,28,10
367,272,28,10
366,272,30,10
367,272,30,11
366,271,29,11
365,272,30,10
367,273,29,10
366,272,29,12
365,273,31,13
367,273,29,10
365,273,29,11
365,273,29,10
366,273,28,11
366,273,29,11
367,272,29,10
366,273,30,12
367,272,31,13
367,273,29,12
365,271,28,11
366,273,30,12
367,273,28,11
366,273,30,11
367,273,29,11
365,272,28,11
367,272,28,11
366,272,29,11
365,271,29,11
366,272,30,11
365,273,31,11
366,272,31,12
366,272,29,11
367,272,30,10
366,273,29,10
366,273,27,11
365,273,29,12
365,273,29,12
365,273,28,11
366,273,27,10
367,273,28,11
365,273,29,11
366,272,28,10
366,272,29,10
365,272,28,9
365,272,30,10
365,273,30,11
366,271,28,11
365,272,29,10
366,272,29,10
367,272,28,11
366,273,29,10
365,272,29,11
366,273,28,10
366,272,28,12
366,273,29,12
365,273,30,13
366,272,29,11
366,273,29,10
366,272,28,12
367,272,28,10
366,272,29,10
367,273,29,11
367,272,29,13
365,273,30,10
367,272,27,10
367,271,28,11
366,273,29,12
366,271,27,10
365,272,28,11
367,272,29,10
365,272,29,10
365,272,29,9
365,273,30,10
365,273,31,12
366,271,27,11
366,273,29,11
365,273,29,12
366,272,30,11
366,273,30,11
366,272,28,11
366,273,28,11
365,272,32,12
365,272,30,10
365,272,29,10
367,273,29,11
366,273,28,10
365,272,31,11
366,272,28,11
367,273,29,11
366,273,28,11
366,272,29,11
366,273,29,10
365,272,30,10
366,273,29,10
365,271,29,11
367,272,29,11
367,272,28,10
365,272,29,10
367,273,29,10
365,273,30,10
366,272,29,11
366,272,30,11
366,273,28,10
365,271,30,13
365,273,29,10
366,272,28,11
367,272,29,12
365,272,30,11
365,273,29,11
366,273,28,11
365,271,29,12
366,273,30,11
366,272,29,11
366,272,28,10
366,272,29,11
366,273,28,11
365,272,29,11
366,273,30,12
365,272,30,11
366,272,28,10
366,273,29,12
366,271,28,10
366,273,28,10
365,271,27,10
367,273,28,10
367,273,30,12
366,272,31,11
365,273,30,10
366,273,28,10
367,273,29,12
367,272,28,11
367,272,28,10
365,272,30,10
366,272,30,10
366,272,30,11
365,272,31,11
366,272,30,11
367,273,29,11
365,273,29,12
366,272,30,13
366,273,29,11
366,272,29,13
365,272,32,13
365,272,30,10
365,273,30,12
367,272,29,11
365,273,30,12
366,272,29,12
366,272,29,12
367,272,30,12
365,272,29,10
367,272,28,10
367,272,27,10
367,272,29,10
366,271,29,10
366,273,29,11
366,272,29,11
366,272,30,11
366,273,30,12
366,272,29,11
366,272,29,11
365,273,31,11
365,273,29,11
366,274,29,10
365,271,29,10
366,272,29,10
367,273,30,12
366,274,29,10
365,271,29,10
367,273,28,10
366,272,30,10
365,272,29,10
367,273,29,10
367,273,29,10
366,272,31,11
366,273,29,10
365,273,30,11
366,273,30,11
365,273,31,12
366,273,31,12
366,272,29,12
365,272,28,10
366,273,29,10
366,272,29,10
365,273,29,10
365,272,30,11
365,272,30,10
365,272,29,11
366,272,29,11
365,272,29,11
367,271,29,11
366,272,30,11
364,272,30,10
366,273,30,10
365,272,30,11
366,272,28,10
366,273,27,10
365,271,29,11
365,272,30,10
365,273,30,11
366,272,31,13
366,271,31,15
366,273,28,12
366,273,29,11
365,272,29,10
365,273,31,11
366,273,30,13
366,272,29,12
365,273,30,11
366,273,29,10
366,272,29,10
366,273,30,11
366,273,30,12
366,272,30,12
366,272,29,12
366,273,30,11
366,273,30,12
367,272,28,11
365,273,29,10
367,272,30,12
365,272,30,11
366,272,31,12
366,271,30,12
364,273,31,11
365,273,29,12
365,272,29,11
364,273,30,12
367,272,28,11
365,271,30,11
367,272,29,11
366,272,29,10
366,271,30,11
365,272,30,12
365,273,29,11
365,273,30,12
366,273,32,13
366,273,28,11
365,273,29,12
366,273,31,13
365,273,31,12
366,273,28,10
366,273,30,10
366,273,29,11
367,272,28,11
365,273,28,11
366,273,29,10
365,273,30,11
367,272,29,11
366,273,30,11
365,274,30,10
365,273,28,10
366,273,30,12
365,273,31,12
366,272,31,10
367,273,30,10
366,272,30,11
365,272,30,10
367,272,30,11
365,272,30,13
365,273,29,13
367,272,30,12
366,273,30,12
366,272,28,11
366,272,29,11
367,273,29,10
366,273,28,10
365,272,30,12
366,271,29,11
365,271,30,12
365,273,27,10
367,273,29,11
365,272,30,11
366,272,30,10
366,271,27,11
365,272,28,11
366,272,30,12
365,272,28,11
365,273,30,11
365,272,30,11
366,273,29,11
365,273,29,13
366,271,32,12
366,271,30,13
365,272,29,12
366,273,31,12
365,271,31,11
365,272,30,10
365,272,31,11
365,272,30,12
365,272,30,12
367,272,30,12
366,273,29,12
366,271,29,11
366,272,29,11
367,273,31,13
366,274,29,10
366,273,28,12
366,274,30,12
366,273,29,11
366,272,29,11
366,272,30,11
365,272,28,11
366,272,29,11
366,271,30,10
365,273,28,11
367,273,28,10
367,272,30,11
366,272,29,12
366,272,29,12
366,272,28,11
365,273,29,10
366,272,28,11
366,272,29,11
366,272,28,11
366,272,29,11
367,273,29,10
367,272,29,12
366,272,28,12
365,271,29,12
365,273,29,11
366,273,31,12
366,273,30,11
365,274,32,11
366,271,29,11
365,273,31,12
366,272,29,10
365,273,30,11
366,272,30,12
367,273,30,10
367,272,28,10
366,273,30,11
366,272,29,13
367,271,29,11
365,272,28,10
367,272,29,11
365,272,30,12
367,272,31,13
367,273,30,12
365,273,29,11
366,273,31,12
367,273,29,12
365,272,29,11
366,272,30,11
365,272,31,12
366,272,29,11
365,272,30,10
366,273,30,11
366,273,30,12
366,271,30,11
365,274,31,11
366,273,29,11
367,273,28,12
366,273,29,12
367,272,30,11
365,272,32,12
365,271,33,14
366,272,30,12
366,272,29,11
367,273,30,11
366,271,30,12
366,273,30,11
365,272,29,10
366,272,29,11
366,273,31,12
366,273,29,13
366,273,29,12
367,272,31,12
365,272,29,12
366,273,32,13
366,273,31,11
366,272,30,11
366,273,28,11
365,273,29,12
366,273,27,10
365,272,27,11
366,272,27,10
366,273,29,10
365,272,31,11
366,273,29,10
366,272,29,11
364,272,30,11
367,273,29,10
366,272,30,11
366,273,29,10
366,272,28,10
366,272,28,11
367,272,30,11
366,273,28,10
365,272,29,11
365,272,30,11
365,272,29,11
367,272,29,10
366,273,29,10
365,272,31,13
366,272,32,12
365,272,33,14
366,273,31,11
365,272,31,13
366,272,30,12
366,273,29,11
366,273,31,13
366,273,29,10
366,273,30,11
366,272,30,12
366,273,29,11
366,272,30,12
367,272,29,14
365,272,29,10
366,272,29,11
366,271,29,13
365,272,30,11
366,273,30,11
367,272,29,12
365,272,28,11
366,272,30,10
366,273,30,10
366,272,29,11
367,273,30,11
365,273,32,12
367,273,28,10
366,271,29,14
366,272,30,13
366,272,30,13
366,273,30,11
366,273,29,11
365,273,29,13
366,272,27,13
367,272,30,15
366,273,30,11
365,273,29,11
367,272,28,11
367,272,28,12
366,272,30,12
365,272,32,13
366,272,29,10
366,271,30,11
366,272,27,11
365,273,30,10
367,271,27,11
366,271,29,12
365,272,30,12
367,271,30,12
366,272,30,11
365,273,30,12
366,273,30,13
366,272,30,10
365,273,31,11
366,272,29,13
366,272,29,13
367,272,30,13
365,272,28,11
367,272,29,10
365,273,28,10
365,272,29,12
367,272,30,10
367,273,28,10
364,273,29,9
365,273,29,10
366,273,28,10
366,273,29,9
367,273,28,10
366,272,27,10
365,272,29,10
365,272,29,12
366,272,29,11
366,273,30,11
366,273,29,11
366,272,31,14
366,272,31,12
365,273,30,11
366,273,29,13
365,273,30,11
367,272,28,10
365,272,29,11
365,272,31,11
367,273,30,11
367,272,29,11
365,273,30,11
367,273,30,10
366,273,28,11
366,272,29,10
366,272,29,10
366,272,30,10
366,272,30,11
366,271,30,11
366,272,31,12
365,273,29,11
366,273,29,12
364,273,32,13
367,273,28,11
366,272,28,10
366,273,27,10
366,272,28,10
367,273,29,11
366,272,30,11
365,273,30,11
365,273,32,12
366,272,29,10
366,272,29,10
365,272,29,11
366,272,30,11
365,272,32,11
366,271,30,12
365,273,30,11
365,272,28,12
365,273,29,11
365,272,29,11
367,272,29,10
366,273,29,10
367,272,29,10
365,273,27,10
365,272,29,12
366,273,29,10
365,273,30,10
366,272,28,11
366,273,30,10
366,274,31,11
366,272,32,13
365,272,32,11
366,273,29,11
365,272,30,12
366,273,29,11
366,273,31,11
366,272,30,11
367,273,29,11
366,272,29,11
366,272,29,10
366,272,30,11
365,273,30,10
366,272,30,11
365,272,29,11
365,272,29,11
367,273,29,10
366,271,32,12
366,273,31,12
366,273,32,13
365,273,31,12
366,272,30,10
365,272,29,10
365,272,30,10
365,272,28,11
366,272,29,12
365,272,29,10
367,273,28,9
365,272,29,10
367,272,28,10
366,273,28,10
365,272,30,13
364,272,29,10
365,272,29,9
367,272,28,10
364,272,29,10
366,272,30,10
366,272,29,11
364,273,32,13
365,273,31,11
365,273,31,12
366,272,31,12
365,273,29,10
366,273,31,11
366,273,29,12
366,272,30,12
365,272,28,13
366,273,29,12
367,271,29,12
365,273,28,10
366,271,28,12
365,272,29,12
366,272,32,12
365,272,29,11
367,271,28,11
366,271,29,10
366,272,28,11
367,272,30,11
365,273,30,11
365,271,28,12
366,273,29,11
366,272,29,13
367,272,29,11
365,272,29,12
366,272,27,12
365,271,29,13
365,272,30,12
366,271,28,13
366,273,27,10
365,271,29,11
366,272,29,11
366,273,31,11
366,273,30,10
365,272,30,12
366,272,30,13
366,272,26,11
367,272,26,10
366,272,27,11
366,273,28,10
365,273,29,11
367,272,29,11
365,273,30,11
366,272,28,11
366,272,28,11
365,272,30,12
367,272,30,12
366,272,29,14
364,272,30,16
364,272,23,16
366,272,26,16
365,267,26,20
365,267,26,20
365,267,26,20
365,267,26,20
365,267,26,20
365,267,26,20
367,272,30,23
370,268,28,28
368,269,31,27
368,261,30,35
366,260,34,37
359,259,40,39
360,259,39,38
360,260,38,38
361,259,36,38
361,259,38,40
360,258,39,39
360,260,39,37
361,258,39,39
360,260,38,39
360,260,40,39
361,258,39,40
360,259,39,38
360,259,37,37
361,260,41,38
362,258,45,39
360,258,37,40
361,260,35,38
360,259,41,38
363,260,37,36
361,259,38,38
362,260,36,38
362,259,36,39
362,259,36,38
361,259,35,39
362,259,38,38
360,259,38,39
360,260,39,38
361,258,40,39
359,259,41,38
360,259,38,37
360,259,39,39
363,259,35,36
368,263,34,34
364,265,38,33
360,265,39,32
367,266,40,30
369,269,47,29
369,269,47,29
343,272,49,32
343,272,49,32
346,268,49,38
346,268,49,38
346,268,49,38
346,268,49,38
346,268,49,38
346,268,49,38
346,268,49,38
346,268,49,38
346,268,49,38
346,268,49,38
327,258,47,44
323,252,51,50
323,253,48,50
323,249,47,54
325,250,46,56
327,252,42,52
326,253,44,47
326,257,46,46
327,260,45,42
326,262,40,42
324,260,36,45
323,260,38,45
322,261,39,43
320,262,39,44
322,262,38,45
320,260,41,45
321,260,39,45
321,261,41,42
324,262,37,41
321,263,40,43
322,261,39,43
323,264,37,40
320,262,39,43
321,261,38,44
324,263,45,44
324,262,46,45
322,263,49,46
322,261,50,46
322,260,50,44
320,261,51,45
322,261,50,43
322,260,50,45
323,261,47,44
322,260,48,43
322,259,50,45
321,261,51,44
324,262,49,45
322,259,49,44
320,260,51,43
323,261,49,46
323,260,47,45
321,260,51,46
322,261,50,42
321,260,50,45
322,261,49,43
323,260,50,43
321,260,49,45
324,262,48,42
322,261,49,43
324,261,49,44
324,260,48,46
324,261,48,43
324,261,48,42
322,260,49,45
323,260,48,45
323,262,50,43
322,262,48,45
324,262,47,44
320,260,49,46
323,260,48,42
322,260,48,45
322,260,48,43
323,260,49,44
323,261,50,43
324,260,48,43
321,260,50,43
323,260,48,43
322,259,49,44
321,260,48,43
323,260,49,43
321,260,50,44
322,260,47,42
323,259,49,44
324,260,48,45
322,261,51,41
322,261,47,43
322,261,48,44
321,261,48,46
324,262,49,45
323,260,50,45
321,261,49,42
321,260,49,43
325,261,48,43
323,260,51,43
321,259,50,46
320,258,52,46
322,262,50,43
319,262,51,45
323,261,49,44
323,260,48,43
323,259,50,46
322,259,50,42
324,259,49,46
322,259,49,43
320,258,49,44
323,260,49,43
322,260,50,44
322,259,49,43
324,259,49,44
323,259,49,46
323,259,48,44
322,262,50,46
322,259,49,43
324,260,48,43
323,261,47,43
324,262,48,41
322,260,48,43
322,261,48,41
323,261,49,43
323,260,47,43
321,263,47,41
322,265,48,40
322,265,49,39
322,269,48,35
322,271,51,32
318,273,51,29
320,276,47,29
321,275,45,28
320,273,48,30
320,272,48,31
322,268,50,37
321,267,49,37
322,266,49,39
318,260,50,43
321,261,51,43
321,262,49,41
320,261,50,42
322,261,49,44
320,260,49,44
321,263,49,41
320,262,48,44
319,261,49,44
318,262,50,43
320,261,49,45
319,261,48,45
320,262,48,44
319,262,50,43
321,260,48,41
321,261,48,44
320,260,50,46
320,260,48,44
321,260,49,45
321,260,50,43
320,262,49,43
321,261,50,43
319,262,48,41
323,262,47,40
321,262,50,40
318,263,49,40
321,264,48,39
319,263,48,41
324,262,47,39
322,263,47,41
319,263,48,41
319,259,48,46
318,260,50,45
322,261,49,40
321,262,49,43
323,262,47,42
321,263,47,41
321,264,47,42
320,262,49,42
323,263,46,40
321,263,48,40
321,262,47,42
321,262,48,44
320,261,47,44
320,261,48,41
322,262,48,43
320,261,50,44
320,261,48,43
320,261,50,43
319,262,49,45
318,261,49,44
319,261,50,43
321,263,48,44
320,262,48,42
322,262,48,42
322,260,49,44
320,259,48,43
320,261,50,43
320,261,48,43
319,258,48,44
320,260,48,43
320,261,49,43
319,259,49,45
320,260,49,44
317,261,49,45
319,261,49,43
319,260,51,44
318,261,51,44
319,261,48,43
321,262,48,43
319,261,47,45
321,261,49,43
321,262,48,40
321,262,47,43
321,259,48,44
320,260,50,46
321,258,49,47
319,259,50,45
321,259,47,43
321,260,48,42
320,260,48,44
321,262,49,39
321,261,48,42
321,260,47,43
320,261,49,44
318,259,49,45
319,262,48,42
328,264,42,40
321,263,48,42
322,260,48,42
319,260,50,45
321,260,48,43
320,259,51,45
320,262,51,45
320,261,48,44
322,262,48,40
319,260,51,42
319,261,49,43
319,260,51,45
321,261,49,42
321,262,48,41
320,262,48,41
321,262,49,41
318,259,50,44
321,258,50,42
320,259,50,44
320,262,51,40
319,262,51,41
321,261,51,42
320,259,51,43
320,261,49,42
320,260,50,42
322,262,49,42
320,261,50,41
321,261,50,43
321,261,50,40
320,260,49,43
320,261,48,40
319,259,50,43
321,260,49,44
322,262,48,41
321,263,50,40
319,261,52,43
321,262,48,43
321,261,50,44
320,262,50,41
321,259,50,44
321,259,47,43
320,262,50,43
321,259,51,41
320,263,50,42
321,263,49,42
319,261,51,42
320,260,47,42
319,259,49,44
321,262,48,43
321,260,48,42
320,260,50,43
320,261,50,42
321,264,50,41
320,260,51,43
321,262,50,40
320,261,51,43
321,262,49,42
319,260,52,44
320,261,49,44
319,260,49,44
321,259,50,44
320,260,48,44
320,261,48,41
319,261,49,44
320,262,50,42
320,261,50,43
320,263,49,41
320,263,48,41
320,260,50,43
320,260,51,42
321,261,50,43
321,261,48,41
320,261,49,43
321,261,51,44
320,263,48,39
320,261,49,41
320,261,50,44
319,261,49,42
319,260,52,43
319,264,50,41
321,263,51,40
319,261,52,41
320,260,49,42
321,262,48,44
320,262,49,42
322,261,51,41
319,259,50,42
318,261,51,44
321,261,51,41
321,261,50,43
321,261,49,41
322,261,48,42
320,262,48,41
322,260,48,42
319,259,49,44
319,261,50,42
320,259,50,43
319,259,49,45
318,259,50,44
321,261,49,42
319,258,50,46
320,259,49,46
319,260,49,46
320,262,49,45
320,261,50,46
320,261,48,42
320,262,50,43
320,262,49,42
318,260,52,45
320,259,50,45
319,261,49,46
321,259,50,45
320,258,49,43
320,260,49,45
321,260,50,44
321,262,51,44
319,261,49,46
320,261,50,44
318,260,52,46
320,260,49,45
319,260,50,44
319,260,51,46
322,259,50,45
320,260,49,44
320,261,50,45
317,261,51,45
319,259,52,47
321,260,51,44
322,261,48,44
319,261,50,44
319,262,50,44
321,261,49,42
320,262,51,42
318,260,49,44
321,260,48,44
319,261,50,44
320,262,50,43
318,260,49,44
321,260,49,44
321,262,50,45
319,259,50,45
319,261,50,43
320,260,49,44
320,263,48,43
318,259,50,45
320,260,49,45
319,262,49,45
320,260,49,43
319,263,48,42
320,260,49,42
318,259,51,45
317,261,51,45
321,262,49,40
318,260,51,43
317,260,53,46
319,260,50,43
318,259,51,46
318,261,50,45
321,260,50,41
319,259,51,43
317,261,52,43
318,261,51,42
320,260,51,42
318,261,53,44
318,261,50,44
319,261,51,44
318,261,52,43
320,261,50,46
319,261,51,43
317,261,55,44
316,260,52,45
320,261,50,44
319,261,50,42
317,259,53,44
316,259,52,45
318,260,54,45
320,261,49,44
319,261,51,45
317,262,52,45
318,261,51,44
317,261,51,44
321,263,48,41
318,261,51,44
319,262,50,45
321,260,49,44
320,260,49,45
321,261,49,45
319,261,50,45
317,259,52,47
318,259,50,44
316,260,52,44
316,259,52,47
318,261,49,45
317,261,53,44
318,261,51,45
318,262,51,43
318,261,51,45
317,260,51,45
319,261,51,46
318,260,53,44
318,261,50,44
318,262,52,44
316,261,53,46
319,261,51,43
320,260,51,42
319,261,51,43
318,261,53,42
319,259,52,44
319,261,52,42
319,262,49,44
317,261,53,41
320,261,49,44
319,260,50,43
319,262,51,43
318,262,52,42
319,260,50,45
317,261,54,44
317,260,51,45
319,259,51,45
317,258,53,46
314,258,57,48
310,257,64,50
307,258,66,46
313,259,62,46
319,257,58,48
325,258,52,44
330,261,46,49
334,259,43,48
332,259,43,46
331,259,53,47
332,259,61,47
332,262,65,46
335,263,71,45
329,260,81,45
331,264,80,44
328,261,81,44
330,265,85,43
329,264,88,43
329,265,90,43
328,263,98,42
326,262,97,43
328,263,98,40
330,263,95,45
331,263,94,44
331,262,91,43
331,264,93,44
331,261,95,42
329,259,94,43
328,259,96,46
328,258,98,46
329,259,95,43
325,260,104,45
317,256,100,50
326,257,101,49
319,258,95,48
322,260,101,45
325,262,97,43
325,262,98,43
324,263,100,43
328,263,89,42
329,262,79,44
325,260,58,48
328,261,54,47
330,262,52,45
332,262,49,44
331,263,52,44
330,261,53,47
330,261,52,43
330,263,51,44
329,264,49,45
329,261,48,44
331,264,50,42
330,261,51,45
328,262,55,47
331,263,52,45
330,263,48,45
330,264,50,44
327,265,54,43
329,262,50,44
330,263,51,46
329,262,49,43
329,264,52,46
328,264,53,45
330,263,51,44
327,260,53,46
329,262,50,45
330,263,49,43
329,262,50,45
328,261,50,45
334,264,47,45
333,262,48,46
330,262,51,46
330,263,53,45
331,262,53,46
329,264,49,43
331,262,53,44
330,261,49,44
333,261,50,43
330,263,52,41
330,261,51,45
330,263,52,45
330,262,50,45
329,262,51,47
328,263,52,48
331,263,49,44
330,261,51,48
329,261,51,46
329,261,52,46
330,262,51,45
330,261,51,46
331,263,50,45
330,263,51,45
329,262,53,47
329,263,51,44
330,263,50,43
328,262,51,44
331,262,52,46
329,261,52,46
329,261,52,44
330,262,51,45
332,262,50,44
329,263,49,45
330,262,52,48
331,263,52,44
328,262,52,47
330,263,50,44
331,263,49,43
331,262,53,46
328,262,51,48
331,261,49,46
331,265,52,42
330,261,50,46
333,264,49,45
329,263,52,46
330,261,51,46
330,261,51,44
330,263,51,44
328,262,52,45
329,261,53,48
328,262,53,47
329,261,51,45
330,264,52,44
329,263,52,46
329,262,53,48
330,262,52,47
329,261,52,47
329,262,51,45
329,263,52,44
329,261,51,46
332,263,49,45
328,263,51,48
333,264,49,45
329,263,52,47
328,262,52,46
328,263,51,45
329,264,53,45
328,261,52,45
329,264,49,46
332,262,50,45
330,262,51,45
329,260,52,47
328,262,51,46
330,263,50,45
330,263,50,45
329,263,52,46
326,263,53,46
329,264,51,44
331,263,50,45
330,263,51,44
329,260,52,45
330,260,51,46
330,263,50,45
331,263,50,45
332,263,51,44
330,262,50,45
328,262,53,46
330,261,52,47
330,261,51,48
328,261,52,47
329,262,52,47
331,262,50,45
333,262,50,46
328,262,52,48
331,261,49,47
328,262,53,47
329,260,51,44
331,264,50,46
328,261,52,44
331,262,49,46
329,261,52,43
329,261,52,46
330,261,51,45
331,262,51,43
328,263,55,45
329,262,50,43
329,263,49,46
330,262,50,46
329,262,51,46
328,264,51,45
328,262,51,44
329,263,52,45
329,264,51,43
332,264,50,44
329,262,51,45
330,262,52,43
330,262,53,43
331,263,53,43
325,262,55,48
327,262,52,44
330,263,51,44
329,261,53,46
329,262,52,45
331,264,50,44
329,263,53,47
329,263,52,45
331,265,48,45
330,262,51,48
331,263,50,45
328,261,52,45
330,263,49,46
330,265,51,44
329,263,53,44
328,262,55,46
329,260,53,45
329,264,52,43
329,261,51,45
331,263,51,45
331,262,51,45
331,263,49,45
331,264,51,45
328,262,51,45
332,265,49,42
330,262,51,45
330,263,52,45
330,261,52,45
327,262,53,45
331,261,52,48
331,263,50,48
329,262,51,46
330,261,51,46
330,262,50,45
330,262,51,47
328,263,55,46
329,262,52,46
328,263,52,45
330,264,51,46
327,263,53,45
331,261,49,47
328,262,49,46
329,263,50,45
328,263,52,44
332,262,51,46
329,263,50,46
333,263,47,43
332,263,50,45
328,261,54,48
329,262,50,45
333,262,50,45
329,263,51,46
330,263,51,43
330,262,50,45
330,262,52,45
329,261,53,45
326,263,54,45
330,261,49,46
331,263,50,45
331,261,53,45
329,262,54,46
328,261,51,45
331,264,49,45
327,261,53,48
330,262,51,45
330,263,50,46
330,264,51,45
330,261,49,45
329,261,51,43
329,261,54,44
328,264,52,44
327,264,56,46
327,262,52,44
332,263,49,45
330,264,50,44
330,261,54,44
327,262,55,46
329,262,53,46
329,263,52,45
326,262,54,44
328,263,54,44
326,262,54,47
330,260,49,43
328,263,52,46
330,263,51,44
329,263,51,45
329,262,52,44
330,263,50,43
330,262,50,44
329,263,52,45
329,263,50,44
331,262,51,46
330,263,51,46
329,263,53,44
328,261,52,46
330,262,49,45
327,261,53,47
330,263,50,44
330,263,53,44
330,263,51,45
331,261,50,46
330,263,51,44
329,263,54,43
329,261,52,47
330,262,51,45
328,261,52,45
332,264,48,42
331,262,50,44
332,262,50,45
332,262,50,44
332,263,49,45
325,262,55,47
331,261,51,45
331,262,50,43
330,261,53,43
330,262,52,46
331,260,51,48
329,261,53,45
327,262,54,48
329,261,52,45
332,263,50,44
329,262,53,46
330,261,53,46
327,262,52,48
330,261,51,45
331,264,50,44
332,261,50,45
329,261,52,44
328,260,52,45
328,262,50,44
332,262,49,44
330,261,52,46
329,261,52,46
329,262,49,45
330,263,50,44
329,263,52,48
328,263,53,45
329,261,53,44
329,262,54,44
328,262,53,44
332,263,52,43
333,263,51,41
333,263,48,43
329,261,52,46
327,263,55,46
329,263,53,47
329,262,52,44
331,262,51,46
326,263,53,47
329,264,50,44
332,263,51,44
330,262,51,45
329,262,51,44
331,264,49,44
328,261,52,46
330,262,50,46
329,263,52,44
331,262,50,46
329,261,52,43
325,262,54,46
329,262,50,44
330,263,51,45
328,262,52,46
330,261,51,47
330,262,51,44
331,262,51,45
330,263,53,46
331,262,51,45
329,263,53,45
329,261,52,49
329,263,51,44
330,262,50,44
330,263,49,45
329,262,51,45
329,261,51,46
330,261,51,47
331,262,51,44
328,262,52,45
329,263,51,46
330,264,51,44
329,261,54,46
328,262,52,48
332,262,49,41
329,262,53,46
327,262,52,46
330,265,51,43
329,262,53,45
330,263,51,44
329,262,52,46
328,262,52,45
330,261,51,45
330,264,51,44
330,262,52,44
328,262,53,47
330,262,51,45
328,262,53,46
328,263,51,44
329,262,50,45
328,263,52,46
330,262,50,42
330,263,53,43
330,263,52,43
329,262,53,46
331,264,50,43
329,261,51,46
327,263,53,45
327,262,55,47
329,262,54,45
329,263,54,44
329,262,52,47
331,263,49,44
328,262,50,43
330,263,51,45
328,262,52,46
329,261,52,45
329,262,52,44
331,263,49,43
329,262,53,46
328,262,51,46
329,263,51,44
328,261,53,44
329,262,52,45
327,262,54,46
332,262,51,46
329,262,51,45
329,262,52,46
329,261,53,46
330,264,49,44
329,263,52,44
327,264,54,43
331,264,52,45
326,262,54,48
329,263,50,46
330,264,51,46
329,262,51,46
330,263,52,45
329,262,53,46
330,261,51,45
329,261,52,46
330,261,52,45
329,262,51,45
328,261,53,47
329,261,50,43
330,263,50,44
329,264,52,46
326,263,53,45
330,263,51,44
330,263,51,43
329,263,51,44
329,263,52,46
329,262,51,46
330,261,51,45
330,263,51,46
328,264,51,47
332,262,50,43
331,263,49,43
328,262,50,45
329,262,53,46
327,262,53,45
331,263,51,43
331,263,51,43
330,263,52,44
329,262,53,47
332,263,50,45
329,263,50,46
328,263,52,46
331,264,48,41
332,262,50,44
330,262,51,47
331,262,51,46
331,264,52,45
329,262,49,42
330,263,50,45
329,263,52,45
327,262,54,47
329,262,54,45
331,261,51,46
329,262,50,45
331,263,51,46
329,261,51,45
331,264,50,44
328,261,52,45
328,261,53,45
332,263,48,45
330,265,51,41
328,264,53,46
329,262,50,45
329,263,51,45
331,262,51,44
330,261,51,48
331,263,50,45
332,261,51,45
330,262,51,44
328,264,53,44
328,260,53,46
330,262,52,44
329,264,51,45
326,262,55,46
328,262,53,45
329,262,52,44
331,263,50,45
329,264,53,45
328,262,54,45
329,264,54,43
329,261,52,43
330,264,50,44
331,264,51,45
329,262,52,46
329,262,52,46
329,261,53,46
331,261,51,46
330,263,51,45
329,263,51,46
332,263,50,46
328,262,54,44
327,261,54,47
330,262,52,44
328,262,53,47
329,264,51,45
329,262,53,44
328,264,53,45
332,263,49,46
328,264,54,45
326,261,54,46
328,262,51,45
327,262,53,44
327,262,51,45
329,262,52,46
330,261,50,45
331,263,51,45
330,261,50,45
329,265,50,45
333,262,50,44
330,262,51,47
329,262,51,45
329,261,52,47
331,263,49,45
329,262,52,44
331,263,50,44
331,263,52,43
329,261,53,45
331,260,52,44
328,263,53,44
328,263,54,44
328,263,51,45
329,263,52,45
329,262,53,44
327,261,53,46
331,263,51,44
330,263,51,44
329,263,50,45
327,261,55,49
329,263,50,47
331,262,49,45
330,263,50,46
330,263,50,46
329,261,54,44
329,262,50,43
330,262,51,45
329,262,53,47
328,260,55,45
328,263,52,47
330,261,50,45
330,262,50,44
329,262,54,45
330,263,49,47
328,261,54,48
331,263,50,46
328,263,53,46
331,264,52,44
328,262,51,46
330,262,52,47
329,262,52,45
327,262,53,45
333,264,49,43
329,262,54,46
328,262,53,45
331,264,49,44
328,262,56,46
329,262,51,48
331,264,50,43
327,262,52,47
333,263,51,42
331,263,51,45
330,262,52,47
330,263,51,44
328,261,53,46
331,262,50,46
329,264,52,45
331,264,50,44
328,263,53,46
329,262,51,43
331,262,50,44
331,261,50,46
332,263,50,45
328,262,54,47
333,262,50,43
331,263,49,46
331,263,50,44
331,264,51,44
328,262,53,45
329,261,51,45
331,263,50,44
330,262,52,46
328,262,54,46
327,262,50,44
330,262,53,44
327,262,52,46
330,263,53,43
330,261,52,46
329,264,50,46
330,263,54,45
327,262,52,47
332,264,52,42
328,264,52,46
329,265,51,43
327,262,54,45
330,263,51,45
328,263,51,46
331,264,50,43
330,262,49,47
330,263,51,45
330,261,51,44
329,262,53,44
328,261,55,47
329,262,53,46
331,262,50,42
329,263,50,44
330,263,52,45
330,263,54,43
330,263,49,46
330,262,52,47
328,262,53,44
331,263,52,46
329,263,52,45
327,261,55,45
327,261,53,46
329,263,51,45
330,262,52,46
328,262,53,47
329,260,51,46
330,262,50,45
333,264,50,42
332,262,51,45
331,262,51,45
330,262,54,45
329,260,52,45
329,262,51,46
328,261,53,46
329,261,52,48
328,261,53,47
330,262,53,45
329,262,53,47
330,262,52,47
330,261,52,45
331,262,52,44
330,262,51,46
330,263,51,44
327,261,53,45
330,264,51,44
329,260,51,47
328,261,52,47
329,262,52,47
328,263,53,44
330,262,51,45
329,261,55,47
328,262,53,46
332,262,51,43
329,263,52,47
329,260,55,46
329,263,52,44
330,261,53,46
328,261,54,45
330,263,51,45
330,262,53,45
329,261,54,46
331,262,51,46
329,263,52,46
330,262,51,44
329,262,54,45
328,262,52,48
331,261,49,47
331,263,49,45
331,262,51,49
329,260,52,46
329,264,53,46
331,262,51,46
327,261,54,45
328,263,51,44
332,263,50,45
329,261,51,46
327,262,53,47
330,261,50,46
332,260,51,48
329,261,53,43
329,262,53,46
331,263,50,43
329,263,51,44
328,262,52,47
327,262,52,45
329,262,52,44
330,262,52,45
331,261,49,46
331,263,51,43
329,262,51,45
332,264,51,43
329,263,52,46
330,263,48,42
329,262,53,44
329,262,51,46
329,263,50,46
332,263,50,44
328,261,53,46
329,263,52,45
330,263,53,46
330,264,53,43
328,261,53,45
330,262,50,46
330,263,50,43
330,264,51,44
329,261,54,45
330,265,52,43
327,262,54,45
329,262,50,43
328,262,55,44
329,261,54,43
331,262,51,43
327,261,53,46
332,262,49,44
329,263,52,44
329,261,52,46
332,263,49,41
331,266,48,43
331,264,50,43
330,261,52,45
331,266,51,40
330,261,52,44
330,263,54,44
332,263,52,45
332,262,52,46
330,262,52,47
328,262,55,46
330,263,50,44
332,264,48,43
330,263,45,44
329,263,39,43
329,262,31,43
330,263,30,44
328,262,32,43
326,261,32,43
325,261,31,43
326,261,30,44
325,261,33,44
325,261,32,45
330,264,46,42
328,260,50,46
326,261,50,46
327,260,51,47
326,261,51,45
323,260,55,46
323,260,54,46
326,259,52,46
324,259,52,45
326,262,49,44
328,262,50,45
326,262,50,42
326,262,52,44
326,262,51,42
325,260,53,44
328,261,50,44
327,261,52,46
326,262,51,45
326,265,52,43
327,263,49,43
326,262,52,43
327,265,50,40
327,267,50,40
327,262,49,45
326,264,50,44
325,262,49,45
326,263,51,44
326,262,51,45
327,262,50,45
326,263,50,45
327,262,49,44
328,262,49,44
329,264,47,43
327,264,50,46
326,262,50,44
328,262,50,46
324,260,57,48
326,261,50,45
327,262,49,45
325,261,54,47
325,262,54,48
329,261,51,45
327,261,51,45
326,261,51,47
328,261,50,43
328,260,50,43
326,260,52,44
324,260,53,44
327,262,47,44
328,263,49,42
327,262,50,43
329,261,48,42
329,263,48,43
328,262,50,43
327,261,51,44
329,263,48,41
328,264,49,42
326,262,52,43
326,262,49,43
330,265,46,42
326,264,52,43
326,261,51,44
327,263,51,39
327,262,52,42
327,262,49,42
328,262,50,43
327,264,48,40
326,263,50,43
329,262,48,43
330,262,46,45
329,261,50,43
329,263,48,43
323,262,51,45
329,262,49,45
327,263,52,44
327,263,49,42
327,263,50,43
329,262,48,41
327,262,51,43
326,262,51,45
326,263,49,44
329,262,49,44
327,261,51,45
325,260,50,46
326,263,50,44
329,261,48,43
326,262,50,43
326,262,50,44
325,262,53,46
325,262,49,44
329,263,48,42
329,263,48,44
327,261,49,47
326,261,50,47
326,262,51,43
327,260,49,46
326,263,50,45
326,262,50,44
326,263,51,43
325,262,52,45
324,260,52,44
327,261,50,43
324,262,52,45
325,263,52,45
324,262,51,45
326,261,49,45
327,262,51,45
326,261,52,43
327,263,51,45
325,260,52,44
324,263,52,43
325,263,51,44
324,260,54,48
326,261,50,45
326,262,50,45
324,261,54,44
326,262,52,47
326,262,53,46
328,260,49,45
326,260,53,43
324,261,53,45
328,263,50,42
326,261,49,46
325,261,52,45
326,262,51,44
326,260,52,44
324,260,53,44
328,262,50,46
328,261,48,45
326,260,51,44
326,259,52,45
326,261,51,44
327,263,51,44
326,262,51,44
325,262,51,44
327,263,50,43
326,260,50,45
325,260,51,46
328,262,49,45
327,260,48,46
326,261,53,44
326,261,53,45
325,259,51,46
326,263,51,45
327,263,50,45
327,260,51,46
325,263,52,45
327,262,51,46
328,260,50,44
325,260,51,46
329,264,49,42
327,262,51,44
326,261,51,45
327,262,52,44
328,261,50,43
325,264,51,41
322,262,54,43
326,261,50,45
327,260,50,45
326,262,54,45
324,261,54,46
326,261,49,45
327,262,51,44
325,261,51,44
323,262,54,48
328,262,51,44
325,261,50,45
328,261,49,46
327,260,50,48
327,262,50,44
328,261,50,42
326,263,51,45
326,261,52,45
325,261,53,47
327,263,50,45
324,261,53,46
327,262,51,45
323,261,52,46
327,262,51,45
328,262,50,46
326,261,52,48
325,259,53,46
326,262,51,45
325,261,55,45
323,261,52,45
325,261,52,47
326,261,52,44
325,263,53,43
325,262,52,46
327,263,50,46
327,262,51,43
327,261,51,43
326,261,50,44
329,262,49,42
326,262,52,45
325,262,52,46
327,262,49,45
325,261,49,45
326,261,51,44
324,262,53,44
327,262,49,43
327,260,51,45
324,260,52,46
326,262,52,46
327,262,50,45
325,261,52,45
326,262,52,44
325,260,52,46
322,259,54,48
325,261,53,48
327,260,51,45
325,262,53,44
325,261,51,44
326,262,55,45
323,260,51,45
325,261,50,43
323,262,53,45
329,263,48,46
324,262,52,44
328,261,47,44
325,263,52,44
327,262,51,44
328,262,49,42
328,262,50,44
327,262,51,44
325,261,50,47
331,263,48,42
327,262,52,44
325,260,51,45
325,261,51,45
327,263,52,44
327,261,50,44
327,261,50,45
326,261,51,47
328,260,49,46
326,260,51,45
327,261,49,46
328,262,51,42
330,261,48,42
327,262,50,47
325,261,51,45
328,261,49,43
327,260,49,43
327,261,51,45
324,263,52,45
329,262,49,43
326,262,50,45
325,261,52,44
325,261,49,46
329,262,50,42
324,262,52,44
328,263,50,43
327,262,50,45
324,262,51,46
329,261,49,45
329,262,51,45
324,262,55,42
325,263,55,43
324,262,55,43
325,261,53,47
328,263,49,43
328,261,51,46
324,261,52,45
325,263,51,42
324,263,52,45
328,263,49,42
325,262,50,45
324,261,54,45
327,263,49,43
324,263,55,45
326,262,51,43
328,263,51,44
326,260,52,48
327,261,52,45
325,263,52,45
323,262,51,42
327,260,49,46
326,261,51,46
328,262,49,46
326,261,52,46
325,260,50,46
328,262,52,43
326,261,50,43
327,262,50,44
327,261,49,45
327,263,50,44
327,262,52,47
327,261,51,47
325,262,52,45
326,261,52,43
323,261,51,44
328,263,49,42
325,261,53,46
327,260,51,45
325,260,50,45
326,261,51,44
326,262,51,46
326,262,49,44
325,262,51,46
329,259,50,47
325,262,53,46
329,261,49,43
328,262,52,42
326,261,51,45
326,263,52,46
326,260,51,43
323,260,53,45
327,261,49,44
327,262,51,44
324,260,53,49
327,262,52,43
328,261,50,44
328,263,49,44
326,261,50,44
325,260,51,45
329,261,50,46
326,262,52,46
325,261,51,45
327,260,51,45
325,262,51,43
327,261,52,45
327,260,51,45
325,261,52,47
326,261,51,44
326,260,54,45
327,262,50,47
325,260,51,47
327,261,50,45
325,260,52,45
323,263,53,46
327,263,49,45
325,260,53,47
322,261,53,46
324,261,53,43
325,261,54,45
328,259,50,43
323,261,53,44
326,263,51,43
326,261,51,44
325,263,53,45
326,260,52,45
328,261,49,45
326,262,53,45
326,261,51,46
324,260,55,45
326,262,52,44
323,259,55,46
327,261,52,47
324,262,52,46
326,263,50,43
326,262,53,45
325,261,53,46
326,260,51,45
325,262,52,44
326,262,52,45
325,259,54,47
324,262,53,46
327,262,50,43
326,261,50,46
326,264,51,42
326,262,51,42
324,262,51,44
329,261,49,44
328,263,49,42
328,261,50,44
327,261,51,44
326,261,50,43
326,262,51,44
326,261,50,46
323,261,50,44
328,262,50,45
328,262,49,44
326,262,52,44
326,264,51,43
324,262,51,45
326,263,51,43
329,263,49,42
326,262,52,43
325,260,51,43
327,262,49,45
325,261,52,44
328,263,49,41
327,262,50,43
328,264,49,42
328,259,50,45
327,260,49,43
327,262,51,44
325,262,52,45
325,262,50,44
327,259,51,44
326,262,52,45
323,261,52,44
328,261,48,43
327,263,50,44
325,262,50,45
327,261,49,45
325,262,52,43
326,265,52,42
326,262,50,44
325,263,53,44
326,263,50,41
327,262,51,44
327,261,51,43
327,263,50,44
327,264,50,42
325,263,53,42
325,262,51,43
328,264,50,43
328,261,50,43
326,262,51,43
325,260,49,46
329,263,48,44
326,262,49,45
325,260,53,45
327,261,48,43
328,263,49,43
328,262,50,41
327,262,51,44
325,261,51,46
327,261,49,43
326,263,51,42
328,261,50,44
325,263,53,44
327,262,50,43
327,262,52,42
324,263,53,43
327,263,49,43
327,263,50,43
326,261,50,47
328,262,48,42
325,261,50,43
326,264,50,43
326,263,52,42
325,259,51,44
328,263,48,43
327,263,49,46
326,262,50,44
325,261,53,44
327,261,50,47
328,262,52,44
325,261,50,44
326,262,49,43
328,261,52,44
325,262,50,44
327,263,50,43
326,262,53,44
326,260,52,46
325,261,54,45
324,262,54,48
326,261,51,44
326,261,51,43
327,261,50,45
326,263,51,42
325,264,51,44
330,262,47,43
327,262,48,44
326,260,51,46
325,261,52,45
327,261,51,45
325,261,51,46
331,261,48,45
328,263,48,44
323,259,53,45
328,261,48,43
328,262,49,42
328,260,50,44
325,262,53,45
327,262,52,45
326,261,53,47
325,261,51,47
324,263,51,43
329,262,49,43
330,261,49,42
327,263,50,43
328,262,50,44
327,261,52,46
327,261,50,46
325,260,53,46
326,261,49,47
325,261,51,47
327,262,50,46
325,260,54,44
325,260,53,46
326,261,50,45
326,261,53,46
324,262,54,44
326,262,51,44
324,261,52,45
327,261,51,46
326,261,51,46
327,262,50,43
327,260,51,44
325,261,53,46
326,260,51,46
325,262,51,48
327,262,53,44
325,262,52,46
325,262,53,44
328,261,51,45
324,262,52,47
327,261,50,45
329,262,50,44
329,261,47,44
328,263,50,44
326,259,49,46
325,263,54,42
326,260,50,46
325,261,51,46
326,261,52,46
326,263,52,42
325,262,50,45
326,263,49,45
330,262,50,44
325,261,52,46
326,260,51,43
327,263,50,45
326,260,51,46
326,263,52,42
325,262,51,44
325,261,52,44
325,260,51,46
326,261,52,44
324,262,54,45
324,262,51,46
328,262,51,43
327,261,52,43
326,262,50,45
326,261,53,45
327,262,51,46
326,259,52,45
325,262,54,45
325,259,53,48
326,259,51,47
325,260,52,46
325,262,50,46
329,263,49,44
329,263,49,45
328,262,50,46
325,261,51,45
327,260,51,44
325,262,51,44
326,261,52,46
327,261,50,47
326,263,50,44
327,262,49,47
325,261,53,44
327,260,49,45
325,263,53,44
328,263,50,42
327,263,50,45
324,264,53,44
328,262,48,45
326,261,51,45
323,260,53,47
327,261,52,47
327,261,50,43
327,262,50,45
328,260,49,44
327,261,51,43
327,260,51,45
328,261,49,43
325,261,50,44
329,262,49,43
326,263,49,44
328,262,50,44
326,261,52,42
326,262,54,43
328,263,50,45
327,263,49,44
327,262,50,45
329,262,49,44
327,263,51,42
328,261,49,45
324,262,52,43
325,261,51,45
325,261,52,45
326,261,52,45
325,260,51,44
328,262,49,43
324,263,51,45
327,262,50,44
326,262,51,45
326,260,52,46
328,260,49,45
327,260,50,46
326,261,49,44
326,261,52,46
326,262,53,44
325,262,51,44
326,261,52,46
327,262,51,45
322,261,52,47
324,260,53,48
324,260,51,46
327,261,49,47
325,260,53,47
326,261,51,47
323,261,53,45
326,263,49,45
327,262,50,47
325,261,51,44
328,264,51,44
328,262,51,44
325,262,51,46
326,261,51,45
324,262,51,45
328,261,49,46
325,261,53,44
324,262,53,46
327,263,50,44
326,261,51,45
325,262,52,45
325,262,52,45
323,262,53,44
328,261,52,45
326,261,53,43
324,261,53,44
327,261,51,46
326,260,51,45
325,259,50,44
327,261,50,46
328,261,50,47
328,261,50,44
325,259,52,46
326,262,48,45
327,263,52,45
325,261,52,45
328,263,48,44
326,261,50,44
326,260,52,46
324,259,53,47
327,262,49,42
326,261,50,44
323,262,51,47
327,261,49,44
325,261,53,47
328,261,48,43
326,261,51,44
324,262,51,45
325,262,51,44
327,262,50,43
327,262,50,44
326,263,50,43
324,261,53,46
326,260,50,46
327,263,48,44
326,261,52,45
325,261,51,47
329,261,48,43
327,264,52,43
325,263,50,45
327,261,50,45
325,261,53,45
326,260,53,46
326,259,53,46
326,262,50,45
327,262,49,46
323,261,54,45
326,260,49,46
327,262,49,46
325,261,52,44
326,262,53,44
325,260,52,45
327,262,52,45
327,260,51,45
326,260,49,45
327,261,50,44
325,262,51,44
327,261,51,45
327,261,51,43
329,261,50,45
328,261,52,46
325,262,52,47
324,263,54,44
326,260,52,46
326,262,52,44
326,261,52,47
324,262,53,46
328,263,50,41
327,262,50,45
327,261,51,45
324,263,53,45
327,260,51,47
326,259,49,47
327,261,50,43
326,261,51,45
324,261,50,46
328,262,49,44
327,261,51,45
326,260,50,44
328,262,50,44
326,260,52,45
326,260,51,45
327,261,51,44
326,262,51,42
325,261,51,46
326,262,51,44
327,262,52,47
325,261,51,46
324,261,53,46
326,263,50,42
326,260,52,44
325,262,56,45
324,260,51,44
329,261,49,44
327,262,51,44
326,262,51,44
327,262,51,46
328,262,51,45
