346,280,43,35
345,278,40,34
346,279,40,35
347,280,39,34
347,279,40,35
345,279,41,34
347,279,40,35
345,279,39,35
346,279,40,33
346,279,40,34
346,279,42,35
345,279,42,34
344,277,40,34
347,279,41,34
344,277,40,36
345,279,41,34
344,278,42,35
345,278,41,35
346,278,40,33
345,278,41,34
344,279,40,35
344,278,42,34
345,278,40,34
345,277,40,35
347,278,39,34
344,279,41,34
346,279,41,34
345,278,41,34
345,279,39,33
346,280,40,34
346,279,40,32
345,278,41,34
347,279,39,34
346,278,41,34
345,278,40,35
344,278,42,35
346,279,39,33
346,277,40,34
345,278,40,35
345,278,39,34
345,279,40,34
346,278,38,33
346,278,39,34
346,278,40,34
348,280,37,33
350,280,35,33
351,281,35,31
350,280,37,32
347,277,40,36
346,275,41,38
348,275,40,39
346,278,43,35
346,277,42,35
346,278,41,34
345,277,40,34
343,276,40,37
342,272,41,39
338,271,38,37
336,274,41,31
331,270,42,32
327,264,41,34
324,262,40,33
319,260,38,34
315,262,37,29
310,261,36,29
306,261,35,28
300,258,36,29
297,259,34,28
294,259,34,27
290,258,33,28
288,260,33,26
287,261,33,26
283,264,33,23
282,263,31,25
280,265,31,24
279,266,32,25
279,266,32,25
278,265,32,27
280,265,30,27
281,262,30,30
279,261,32,32
279,262,32,30
279,261,32,31
280,264,30,29
278,263,31,29
279,264,31,28
279,263,31,28
280,265,31,27
279,263,31,29
281,262,29,30
279,262,31,29
280,261,30,31
280,260,32,31
279,258,32,33
279,261,31,30
279,262,32,31
279,260,31,31
280,260,32,31
280,259,31,33
280,261,32,31
280,260,31,32
278,262,32,32
281,262,30,30
279,264,31,29
278,264,33,28
279,265,31,28
280,267,32,25
279,262,31,31
281,264,31,29
279,265,31,27
281,263,30,29
280,263,30,29
279,262,31,30
279,262,31,31
279,265,31,28
281,267,31,27
280,265,29,27
280,266,31,27
279,262,33,30
280,263,30,29
281,266,31,28
280,265,32,28
282,262,32,32
282,262,33,32
285,264,31,31
286,267,33,27
290,268,32,24
296,268,32,27
298,267,33,25
301,267,35,25
308,266,34,28
314,267,33,28
318,267,35,29
323,266,36,27
328,268,39,25
335,270,37,24
340,269,40,25
346,270,38,30
350,274,36,29
353,274,36,33
357,279,36,30
360,282,37,29
360,280,36,33
363,283,37,30
361,282,39,31
361,285,42,30
362,285,37,30
360,283,42,32
362,284,41,31
360,283,42,32
360,281,40,34
361,283,40,34
361,280,37,36
361,282,38,33
358,281,39,35
359,281,43,35
360,280,45,37
360,281,53,38
358,280,57,38
358,277,58,40
361,275,54,39
365,274,55,41
369,269,53,43
372,264,54,47
372,264,54,47
372,264,54,47
372,264,54,47
372,264,54,47
372,264,54,47
372,264,54,47
372,264,54,47
372,264,54,47
389,210,50,57
389,210,50,57
391,193,45,60
390,188,45,72
390,188,45,72
390,188,45,72
288,256,34,74
288,256,34,74
288,239,33,86
289,255,32,75
289,255,32,75
289,254,32,73
288,254,35,67
288,253,33,67
288,253,33,69
289,253,33,74
289,254,31,76
287,255,32,77
287,253,33,77
285,253,33,78
287,254,33,76
287,254,32,78
285,253,35,74
284,253,33,77
283,251,33,78
283,253,35,77
284,251,33,79
284,253,32,77
283,252,32,75
284,254,34,77
283,251,33,79
284,252,33,79
284,251,33,75
284,252,35,75
283,251,33,76
282,252,34,75
283,251,34,73
283,252,34,76
282,253,35,76
283,252,35,75
283,252,34,75
283,254,34,75
283,255,35,74
284,254,33,72
284,254,33,72
285,254,33,74
287,253,32,75
286,254,33,74
287,254,34,73
289,256,31,73
290,254,31,77
292,255,31,74
290,256,30,74
292,257,32,74
293,258,30,72
290,257,32,71
290,257,32,71
290,257,33,66
291,259,33,68
289,258,33,67
289,258,31,70
290,258,31,70
289,259,32,72
291,257,32,71
291,259,32,69
290,259,32,70
289,258,33,70
290,259,33,69
290,259,31,71
291,259,32,72
290,258,33,67
291,258,33,65
291,258,34,67
291,257,33,72
289,256,34,70
289,256,33,69
289,256,34,66
290,255,33,74
290,254,33,71
291,255,32,74
290,251,32,76
288,254,34,76
289,249,32,79
288,250,33,79
286,248,31,80
285,248,34,82
284,244,35,85
284,240,35,87
284,239,36,85
284,234,38,89
284,234,39,90
286,230,38,90
287,230,37,92
363,238,52,92
274,225,49,103
284,226,39,100
282,223,40,97
283,226,41,101
287,221,34,101
286,218,36,107
286,214,35,108
294,208,28,95
299,208,25,84
354,202,39,84
352,218,51,76
301,219,51,68
346,220,64,75
258,269,56,81
258,269,56,81
297,211,51,74
297,211,51,74
297,211,51,74
297,211,51,74
297,211,51,74
297,211,51,74
297,211,51,74
297,211,51,74
297,211,51,74
297,211,51,74
297,211,51,74
297,211,51,74
297,211,51,74
346,224,53,61
343,230,48,62
346,231,39,60
348,236,33,44
347,247,36,34
348,257,36,30
349,261,38,26
350,262,38,28
353,268,37,26
355,269,38,25
356,273,37,28
359,276,37,27
361,279,36,29
361,282,36,27
363,282,34,29
361,279,36,31
362,279,36,31
362,278,33,31
361,279,32,31
357,281,34,29
358,278,34,30
356,279,34,30
355,278,34,31
355,277,35,30
356,278,35,29
354,274,35,33
356,275,33,30
355,276,33,31
355,274,33,31
355,274,33,31
353,273,35,30
355,274,32,32
355,274,31,32
355,273,32,30
354,273,34,31
355,274,32,31
354,273,32,32
355,273,32,32
354,274,33,32
354,274,32,31
355,273,33,32
353,273,33,32
350,272,36,32
354,272,35,33
355,274,33,32
354,272,33,31
354,273,33,32
352,272,34,32
352,273,33,32
350,272,34,32
349,272,33,33
347,272,33,32
347,273,33,32
345,273,32,32
343,273,34,32
341,273,34,33
339,274,33,33
338,273,33,33
338,273,32,33
335,273,35,34
335,274,35,34
335,273,35,33
333,274,35,33
333,274,36,34
332,273,36,34
331,274,40,35
329,273,42,34
329,270,41,38
330,274,40,35
328,273,40,36
328,273,40,35
329,274,39,32
328,274,40,32
329,275,36,31
327,274,38,31
327,274,39,32
326,273,38,33
327,275,36,30
327,274,36,33
327,275,36,31
328,275,38,33
328,276,40,32
326,275,39,32
325,273,40,33
325,274,33,32
326,274,30,31
326,275,29,31
326,274,30,30
326,274,29,31
327,275,30,31
327,274,31,33
327,275,31,30
326,274,31,31
327,275,29,30
327,274,29,30
326,274,29,29
328,275,30,29
326,275,31,30
327,274,30,29
326,274,35,31
326,274,36,29
325,274,43,29
326,272,51,32
327,268,55,36
330,265,64,40
329,260,66,46
330,256,69,45
328,251,67,45
326,249,67,48
327,246,70,48
326,246,65,47
325,244,60,46
325,243,66,50
325,244,67,48
320,237,66,49
322,237,68,52
322,237,70,52
319,237,75,52
319,239,79,50
319,239,79,51
318,240,82,50
319,240,82,49
320,240,82,49
319,236,86,53
314,237,88,52
316,239,85,49
309,231,84,54
321,234,80,55
323,233,73,49
318,232,80,52
315,225,84,67
320,218,78,77
321,212,72,75
321,212,72,75
321,212,72,75
321,212,72,75
321,212,72,75
321,212,72,75
321,212,72,75
321,212,72,75
321,212,72,75
321,212,72,75
321,212,72,75
324,185,60,63
324,185,60,63
320,185,61,60
318,182,63,60
320,184,63,57
321,180,63,62
321,180,63,62
322,179,63,60
322,176,63,60
324,177,63,62
325,178,61,60
325,176,62,59
326,174,63,63
327,177,67,61
326,175,62,64
325,175,65,65
328,178,64,64
327,181,64,69
331,183,60,66
328,194,66,60
331,194,63,65
334,200,61,63
331,199,64,63
332,204,63,58
334,212,63,54
334,217,63,51
335,224,65,54
338,228,65,60
340,237,64,49
342,244,61,43
344,250,61,41
347,256,61,38
349,259,60,37
349,264,59,35
350,264,58,38
349,265,64,38
347,266,66,39
345,267,67,40
345,269,67,38
342,267,68,39
343,268,65,40
340,269,69,37
339,270,68,37
339,271,71,36
340,270,66,37
340,272,65,37
340,273,68,38
341,274,65,37
342,275,67,36
340,274,70,35
340,276,73,35
341,273,68,35
340,274,73,32
338,274,73,31
337,274,67,32
340,275,61,28
340,274,56,29
340,275,57,29
341,274,55,27
339,274,59,30
340,273,60,29
338,273,58,30
339,275,60,31
340,274,55,30
339,275,57,31
341,274,56,33
341,274,54,34
342,274,53,32
341,274,53,33
342,275,48,37
341,275,45,31
343,274,35,32
342,274,35,31
344,273,34,32
346,275,34,30
346,271,33,31
347,271,34,31
349,272,34,31
350,271,33,31
352,271,34,33
353,272,34,33
358,272,34,33
361,274,35,32
365,273,36,32
368,276,39,32
373,275,38,32
376,276,35,32
379,277,37,33
381,276,37,34
382,278,35,34
381,280,36,31
380,280,35,34
381,280,36,33
377,281,37,34
374,283,40,34
366,282,42,33
361,282,41,33
355,282,43,35
349,281,42,34
342,280,42,34
339,279,41,34
338,279,38,34
337,277,37,35
336,278,38,35
337,277,38,33
337,275,41,35
337,272,42,38
336,269,47,39
337,267,49,42
341,264,50,44
345,263,53,47
355,263,47,47
363,264,48,49
370,265,42,47
378,265,43,49
384,266,42,48
390,268,44,46
397,270,46,48
402,270,48,45
402,270,48,45
463,309,57,46
418,279,58,49
421,281,65,47
421,281,65,47
434,289,70,54
433,292,76,58
433,292,76,58
433,292,76,58
460,300,70,60
460,306,67,51
462,306,63,51
462,306,63,51
421,302,52,46
414,305,49,46
407,306,49,42
397,305,50,39
388,303,49,43
382,303,49,45
374,303,51,47
364,301,52,46
358,298,51,45
353,296,49,44
350,293,48,45
350,296,47,42
347,293,45,43
344,292,47,44
341,291,48,43
337,289,47,42
335,290,48,38
338,286,44,39
334,285,43,37
332,283,44,38
336,281,38,37
333,278,38,38
333,277,39,36
335,277,38,35
337,277,38,35
341,276,37,33
343,276,36,34
346,276,36,33
347,277,35,32
347,276,36,30
347,276,37,33
347,276,36,31
346,277,37,31
347,277,36,31
347,276,36,32
346,275,36,33
346,276,35,32
345,275,36,32
344,276,36,34
343,276,36,33
344,275,36,33
342,274,37,34
344,275,37,33
342,276,37,32
345,275,36,32
344,276,35,32
348,276,35,32
350,276,36,33
353,275,36,31
356,276,35,32
357,277,35,32
356,275,37,32
354,276,37,32
354,274,38,33
357,274,34,33
358,273,34,35
358,272,35,36
357,273,35,34
358,276,33,32
358,275,34,32
356,275,35,32
356,276,35,31
355,274,37,33
356,277,36,31
358,276,35,31
356,277,37,31
357,276,35,30
355,276,36,30
356,276,37,31
356,277,36,31
355,275,36,31
355,277,36,30
355,275,38,32
357,276,35,32
357,276,35,31
355,275,35,33
355,276,36,32
355,275,36,33
356,276,35,31
357,276,35,34
356,275,36,33
357,274,34,33
358,276,34,32
357,276,36,31
357,276,34,32
356,276,35,32
355,276,35,33
355,275,36,31
352,275,39,33
355,275,36,32
356,276,36,32
355,275,36,32
356,276,36,33
355,275,36,32
357,275,35,32
354,274,37,33
355,275,37,33
355,274,36,34
357,276,35,32
355,275,35,33
356,273,36,35
356,274,36,34
357,276,35,33
356,275,36,31
355,276,36,32
355,274,36,33
356,275,36,33
357,275,35,33
353,275,38,32
355,275,36,33
354,274,36,33
356,275,36,34
357,274,35,33
356,276,35,32
355,275,36,33
356,275,35,32
356,275,34,34
357,274,35,33
356,276,34,32
355,274,37,33
355,274,37,34
356,274,35,33
356,276,35,32
356,274,36,34
356,275,36,33
358,275,35,33
355,274,37,33
354,275,36,32
357,275,35,33
357,276,35,31
355,274,35,32
356,274,35,34
354,274,36,34
357,275,35,32
356,275,35,32
357,276,33,33
357,276,35,32
356,275,36,33
354,274,36,33
356,276,36,32
356,275,35,32
357,275,34,32
357,275,34,33
357,275,34,32
355,275,36,34
356,276,35,32
355,275,35,33
356,274,35,33
356,275,36,33
355,276,36,32
357,275,34,33
356,275,35,34
358,275,34,34
356,275,36,33
355,275,35,32
357,276,34,31
358,276,35,32
357,276,35,33
355,276,36,32
356,276,35,32
356,275,35,32
358,276,35,32
355,275,36,32
356,276,35,33
355,275,36,32
355,274,36,34
356,275,35,33
356,276,35,32
356,276,35,32
356,275,35,32
354,275,37,32
356,275,35,33
357,276,34,32
354,274,36,32
356,276,35,31
356,276,35,33
356,275,34,32
355,276,35,33
354,274,37,32
356,275,36,33
355,274,36,33
357,276,35,31
356,275,36,33
355,275,36,34
355,274,36,33
357,276,35,32
354,274,36,33
356,274,36,32
355,274,36,33
356,275,36,32
355,276,35,32
355,276,36,33
355,274,37,33
357,275,35,32
356,275,36,33
357,276,35,33
355,275,36,32
357,277,35,32
356,275,35,33
355,276,35,32
355,275,36,32
356,275,35,32
356,275,35,34
357,274,35,33
357,275,35,34
356,276,37,33
355,275,37,33
355,274,37,33
357,276,34,34
357,275,36,32
355,274,37,33
356,277,35,32
358,275,34,32
355,275,35,34
357,274,35,34
355,275,36,32
354,274,37,33
356,275,36,33
355,276,36,32
357,275,35,33
356,276,35,32
357,276,36,32
356,275,35,33
357,275,35,32
354,274,37,32
356,275,35,31
356,276,35,30
356,275,35,32
357,276,35,32
355,274,36,33
356,275,36,32
357,276,35,32
354,276,36,32
357,274,35,33
354,275,36,33
356,274,33,33
356,275,34,33
356,274,35,33
356,276,36,32
356,274,36,32
356,275,36,33
356,275,37,33
355,275,36,33
354,275,37,33
354,274,37,33
356,274,36,32
358,276,34,32
357,277,35,31
357,276,35,32
355,274,37,33
357,276,34,32
355,274,36,33
356,276,37,31
354,274,37,33
357,276,36,33
354,275,36,33
354,276,38,33
354,276,36,32
356,274,36,33
355,274,35,33
355,276,36,33
355,274,37,33
356,276,36,33
355,275,36,33
357,274,36,34
355,275,36,33
357,275,36,34
355,276,36,33
357,276,36,32
357,276,36,33
357,275,33,33
356,275,33,31
355,276,33,32
354,275,33,32
352,274,33,30
353,273,33,29
353,273,33,29
353,273,33,29
353,273,33,29
353,273,33,29
353,273,33,29
353,273,33,29
353,273,33,29
353,273,33,29
353,273,33,29
353,273,33,29
353,273,33,29
353,273,33,29
353,273,33,29
329,233,42,33
329,233,42,33
329,233,42,33
322,228,41,34
319,226,41,41
319,225,42,48
319,225,42,48
320,224,43,48
316,223,48,50
316,223,48,50
316,223,48,50
316,223,48,50
316,223,48,50
319,219,51,46
319,219,51,46
319,219,51,46
319,219,51,46
319,219,51,46
319,219,51,46
319,219,51,46
319,219,51,46
319,219,51,46
319,219,51,46
316,211,53,36
316,211,53,36
316,211,53,36
316,211,53,36
316,211,53,36
316,211,53,36
316,211,53,36
316,211,53,36
316,211,53,36
314,184,42,34
314,181,39,36
314,179,33,36
312,180,31,36
311,178,28,36
308,178,30,37
308,179,29,37
305,181,31,37
304,180,31,37
301,182,34,37
300,182,35,37
297,184,32,36
295,185,37,37
294,187,36,36
290,188,35,36
289,188,38,37
288,191,33,38
286,191,35,40
285,192,40,38
285,193,39,40
284,193,39,41
284,195,35,40
285,194,35,42
284,193,41,43
285,196,38,40
285,197,33,40
285,198,33,39
286,200,32,37
285,199,33,38
284,198,32,39
284,197,34,39
285,198,34,39
285,198,35,41
283,200,36,40
284,200,35,38
285,201,35,39
285,198,38,39
284,200,36,38
285,201,34,39
285,199,35,40
284,200,36,39
284,201,35,38
286,200,35,39
285,200,35,40
285,198,36,40
286,201,33,40
285,199,34,41
285,198,38,41
286,200,36,39
286,198,38,39
286,200,33,38
285,199,35,38
286,198,34,40
287,197,34,37
287,199,35,38
286,198,35,38
287,197,35,38
288,200,34,35
289,199,34,36
288,197,35,37
291,198,33,37
290,196,34,36
292,197,30,35
293,195,30,36
294,195,29,35
294,194,32,35
295,193,31,35
296,193,31,34
295,192,34,32
296,194,29,30
295,192,29,30
297,193,31,30
297,194,27,28
298,195,28,28
298,194,25,28
298,195,24,28
299,194,22,27
299,194,23,27
299,193,24,28
299,194,21,26
300,192,19,26
300,193,20,25
299,193,19,26
298,194,19,26
299,194,19,26
298,194,18,25
301,194,20,27
298,195,21,25
299,194,23,25
297,196,19,23
297,195,18,24
298,195,19,25
296,195,18,26
298,196,20,27
297,197,18,25
295,197,18,25
297,199,17,24
295,199,17,27
293,200,19,28
294,201,19,28
293,203,19,28
291,203,20,30
290,203,20,31
290,204,19,31
289,206,23,29
289,206,28,31
289,204,32,32
289,205,33,32
289,206,32,34
288,204,34,35
288,204,34,35
289,204,34,36
288,203,33,36
287,203,34,36
288,202,34,37
288,202,35,37
288,204,34,35
288,203,35,35
289,205,33,33
289,203,34,36
288,204,33,35
289,204,34,35
289,203,34,35
290,202,35,35
291,201,34,35
292,201,34,35
292,200,34,34
292,197,35,35
294,197,34,34
294,197,35,33
295,196,34,31
295,194,34,32
296,193,33,32
297,195,32,31
297,193,31,31
299,194,27,30
298,195,26,30
298,193,22,29
298,193,23,30
298,194,21,29
300,196,21,28
301,197,22,28
303,200,20,28
303,204,21,29
307,210,22,28
309,217,25,27
315,224,23,29
318,234,26,27
322,242,29,30
327,250,32,31
332,259,34,30
339,265,37,29
346,263,45,35
349,265,52,36
349,265,59,39
350,269,57,39
351,270,57,41
354,272,54,41
355,272,54,41
353,273,56,40
352,274,60,39
351,273,58,42
352,273,56,42
352,274,55,40
352,276,54,39
354,278,52,36
353,279,53,35
354,280,42,32
354,279,41,33
354,278,39,34
354,277,38,35
354,277,37,34
352,278,37,36
354,278,38,33
353,277,39,36
354,279,38,34
354,279,37,34
352,277,38,34
354,279,38,34
353,277,38,34
354,278,38,34
353,278,38,34
354,279,36,33
353,278,38,34
352,277,39,34
355,278,38,34
353,277,38,35
354,277,38,35
354,279,38,34
354,277,36,34
354,279,40,34
355,278,37,33
353,279,39,35
353,278,38,34
353,279,39,35
353,279,39,33
353,279,40,35
350,279,41,34
352,278,40,34
352,278,39,35
353,279,39,35
350,279,41,35
351,279,42,34
354,278,41,34
358,279,42,34
361,280,43,36
368,281,43,36
373,282,47,38
380,283,43,37
391,286,39,33
398,286,41,36
400,285,44,38
408,287,43,38
417,287,41,37
421,289,45,38
426,289,45,39
428,288,46,38
432,291,46,40
436,290,45,38
438,292,44,38
437,292,44,39
436,292,46,39
439,293,43,37
440,292,42,39
437,291,43,36
441,291,40,40
437,291,44,39
439,292,44,38
438,293,44,39
436,290,44,40
437,290,46,39
439,291,42,38
437,290,44,39
438,291,46,40
437,292,46,40
436,292,47,39
434,291,49,41
436,291,47,41
436,292,47,40
436,291,44,39
438,293,45,38
437,291,45,41
437,291,46,41
438,292,46,40
439,293,45,37
435,292,47,39
436,292,48,39
436,291,47,40
436,291,48,40
433,291,49,41
432,291,49,41
432,291,51,41
436,291,47,40
434,292,49,41
436,292,47,40
437,292,44,40
438,293,45,37
436,292,46,39
436,291,46,41
438,291,45,41
437,291,46,40
436,292,47,40
439,290,44,38
438,293,45,40
438,292,47,40
434,291,48,39
437,293,44,38
436,292,47,39
434,290,47,42
438,292,45,37
439,292,44,37
437,291,46,41
436,291,47,40
436,292,47,40
436,291,47,42
435,290,46,41
438,291,45,40
437,291,46,40
437,293,44,38
440,292,43,38
437,292,45,40
437,292,46,39
436,290,46,40
435,291,48,42
437,292,44,40
437,291,45,40
439,292,45,40
438,292,45,39
439,291,44,38
439,291,45,38
436,291,47,39
438,290,44,38
438,292,46,40
435,290,48,40
437,292,45,38
438,292,43,37
435,291,47,39
435,291,49,39
435,291,47,38
438,292,45,36
436,292,48,37
438,293,45,35
438,293,44,37
435,290,48,39
438,292,46,37
440,294,47,36
436,291,48,39
438,293,43,37
439,292,44,36
439,293,43,34
438,292,45,38
438,290,44,39
435,290,46,42
437,291,45,40
435,290,46,40
440,294,42,30
440,292,42,34
437,290,44,39
439,291,43,42
437,290,44,42
437,290,44,41
440,292,43,37
440,292,41,34
439,292,42,38
438,293,45,36
438,294,45,33
437,292,44,33
437,292,46,37
436,292,48,35
436,292,49,36
438,291,46,34
438,293,47,35
436,294,47,33
435,292,47,34
437,293,47,34
439,294,46,34
438,294,48,33
440,293,45,34
439,293,48,36
440,294,50,36
438,289,53,41
438,292,51,38
441,293,48,35
435,292,49,34
432,286,50,36
425,281,51,35
416,274,51,37
416,274,51,37
416,274,51,37
384,258,54,36
372,252,62,39
362,247,52,40
350,244,54,39
350,244,54,39
350,244,54,39
328,239,56,34
323,236,54,36
318,237,57,36
315,236,56,33
313,235,57,33
311,235,54,33
310,235,55,33
310,234,53,32
307,236,56,31
309,234,53,33
309,235,52,33
309,236,54,31
309,233,58,35
308,232,65,36
310,229,67,39
308,231,67,36
309,228,63,38
310,228,69,41
310,228,68,42
309,225,69,45
309,226,72,52
301,228,83,67
301,228,83,67
301,228,83,67
301,228,83,67
301,228,83,67
302,225,82,66
302,226,83,65
300,225,85,66
300,227,84,65
305,225,79,61
309,224,75,56
315,222,70,53
315,221,66,53
317,216,66,59
317,213,65,63
319,211,62,66
317,207,62,68
320,215,61,61
321,215,59,61
323,218,60,59
323,216,56,57
322,222,57,51
323,223,59,52
323,219,57,56
323,221,57,51
322,219,57,56
321,219,58,58
322,220,56,54
322,219,53,54
319,219,58,54
319,222,62,52
318,222,60,53
320,223,61,49
319,224,61,48
319,225,62,48
318,225,63,47
318,227,66,45
317,224,63,47
318,228,64,44
316,224,66,46
317,227,65,45
317,227,65,45
318,227,66,44
315,224,66,49
317,217,66,55
316,223,66,51
320,224,63,46
317,229,64,44
317,225,65,47
317,227,65,46
315,226,66,47
314,227,68,47
314,227,67,46
315,225,68,49
314,228,69,48
313,228,70,49
313,230,69,46
311,229,72,49
316,229,68,47
317,230,66,46
317,228,65,46
317,227,67,48
318,227,66,46
318,226,68,49
320,225,64,48
318,221,63,52
321,222,60,48
320,220,60,50
318,221,63,48
319,221,66,49
317,223,65,48
317,226,66,43
315,226,65,42
316,227,66,41
316,228,67,41
313,229,68,39
313,230,70,39
315,228,70,40
312,228,69,40
316,229,69,40
316,227,68,39
316,228,67,41
315,228,69,40
314,225,70,43
309,226,71,43
311,228,72,41
314,228,70,41
312,228,69,41
312,226,68,43
314,225,68,45
311,229,67,44
314,227,66,46
312,223,66,49
315,226,66,48
313,224,68,49
312,227,70,50
310,224,69,52
310,230,72,48
309,222,71,54
312,227,69,50
311,225,69,49
307,226,72,51
310,228,71,48
309,229,71,47
308,228,74,48
309,230,70,47
306,228,72,49
308,231,71,46
306,228,72,49
310,229,70,47
307,218,71,58
307,219,71,62
309,224,70,55
310,229,70,49
310,232,71,46
309,228,71,48
311,230,70,49
308,231,73,50
310,227,72,52
307,229,73,52
307,233,76,49
308,234,73,47
309,234,75,45
309,236,74,43
308,234,74,43
311,235,71,44
310,236,73,42
310,235,70,42
312,235,68,43
310,234,73,43
310,235,73,44
311,235,71,43
312,235,72,44
309,234,73,44
308,228,74,50
310,230,72,47
310,225,71,51
308,223,73,59
311,227,71,51
311,226,70,53
313,223,69,55
313,223,66,56
313,224,67,54
314,229,69,51
312,226,69,52
316,227,67,52
311,226,72,53
315,226,67,52
314,223,69,58
318,222,64,56
316,226,65,53
317,219,64,60
318,225,65,56
316,217,66,60
313,220,66,58
312,220,69,58
310,220,72,60
311,220,69,61
312,215,67,64
311,213,68,67
314,217,65,65
315,220,65,61
316,220,63,55
314,217,64,58
312,216,68,62
310,217,67,62
314,219,64,57
315,218,65,60
311,218,67,62
314,220,67,59
311,220,67,60
313,220,68,60
313,222,68,57
314,221,67,58
314,221,65,58
314,224,69,58
315,220,67,61
316,221,67,59
316,226,70,56
317,224,69,55
319,226,70,56
320,226,70,52
321,231,69,51
322,233,72,51
324,235,70,48
328,233,67,53
329,240,69,49
332,243,70,47
334,248,71,48
333,253,73,42
334,256,69,35
336,260,73,37
338,263,70,36
341,267,70,37
343,268,70,40
343,269,70,40
347,273,68,38
349,274,72,37
302,262,55,28
351,279,49,31
356,281,41,29
356,279,35,33
356,280,36,32
357,279,36,31
358,280,35,33
356,279,37,32
356,280,37,32
357,278,38,33
357,279,36,33
358,279,36,33
356,279,36,33
358,279,37,32
357,280,38,33
357,280,36,33
356,279,37,32
358,281,37,31
357,279,38,32
357,280,36,32
358,280,36,33
359,281,36,34
361,281,37,34
365,280,34,36
365,281,36,33
369,283,35,35
374,282,34,36
376,285,35,36
379,284,37,36
384,285,37,36
388,285,38,36
393,286,35,36
396,287,37,36
402,288,35,35
405,288,37,36
405,287,40,38
406,288,40,37
408,288,39,34
411,288,37,35
410,288,37,36
411,288,36,36
411,287,37,37
409,288,36,36
412,289,36,34
412,288,35,34
411,288,38,35
410,287,37,36
411,288,37,36
411,287,37,35
409,287,38,35
410,289,37,36
411,287,37,35
409,287,37,35
409,289,38,34
409,287,38,35
411,289,38,35
410,288,37,34
409,287,39,35
411,288,38,34
410,288,37,35
410,288,38,36
410,288,37,34
411,286,37,36
412,287,36,34
411,288,37,35
410,288,38,36
409,286,38,35
410,288,38,35
408,287,39,36
410,287,38,36
412,288,36,34
410,287,37,35
410,288,36,35
409,287,39,34
410,287,37,35
410,288,38,35
410,287,37,37
409,286,38,36
409,287,38,35
410,288,38,35
409,287,38,36
410,287,38,35
409,287,38,36
411,287,37,35
411,288,38,36
409,287,38,35
410,288,38,36
411,287,38,35
410,287,36,35
409,286,39,36
411,287,38,36
409,286,38,36
410,287,37,34
411,289,37,35
409,288,38,36
410,287,38,36
410,286,38,35
411,287,37,35
409,288,36,35
411,288,38,36
409,287,39,35
409,288,38,35
410,287,38,36
411,287,38,37
410,287,38,37
409,286,37,36
411,287,37,37
410,288,39,36
411,288,38,35
409,288,37,34
410,287,37,36
411,286,38,36
411,289,36,34
409,287,38,36
410,287,37,36
410,288,37,36
409,286,38,36
410,288,37,34
411,288,37,36
412,288,36,36
410,288,37,34
410,288,37,35
410,289,38,35
409,287,38,36
412,287,37,35
411,288,35,36
412,287,36,36
412,287,37,35
411,289,36,33
411,287,37,35
409,286,38,35
410,287,37,35
409,287,38,37
409,287,38,35
410,288,37,34
409,287,38,36
412,289,37,34
410,287,37,34
409,287,38,36
408,287,39,36
410,288,37,35
408,288,38,36
409,287,38,36
409,288,39,37
409,288,38,34
410,288,37,35
409,288,38,36
409,287,38,36
410,287,38,36
409,287,39,35
