234,80,52,37
232,80,49,36
230,80,50,36
227,80,49,34
227,81,50,34
225,82,48,33
225,80,48,33
225,80,47,32
225,79,47,32
224,77,47,34
224,79,48,34
225,79,48,33
225,77,48,34
224,77,49,35
226,76,49,36
225,77,49,37
228,77,47,41
228,78,48,43
230,78,45,45
231,77,44,45
232,74,42,44
232,73,44,46
229,69,44,45
228,64,48,44
228,59,49,45
228,47,50,43
226,43,51,42
227,32,53,41
228,28,53,39
232,24,52,42
236,21,51,44
239,12,49,51
242,8,48,54
240,9,51,55
241,17,49,46
238,29,49,40
230,32,56,39
228,47,63,40
236,62,57,45
238,68,50,45
242,76,47,52
247,82,42,53
250,86,38,55
251,90,38,55
252,92,38,54
251,94,39,51
249,92,40,51
244,89,46,46
244,86,45,39
242,81,48,42
242,75,52,36
242,72,51,36
243,64,52,34
246,58,52,35
245,58,51,32
247,53,50,39
250,53,50,39
248,54,52,40
248,71,52,33
248,73,51,35
248,83,51,39
246,89,54,42
249,103,50,44
258,114,43,36
261,117,37,42
264,119,35,47
268,122,32,47
270,123,33,46
266,119,34,47
265,118,32,47
260,112,37,50
253,107,38,48
246,100,43,49
241,91,45,48
239,87,46,45
235,76,47,41
234,71,51,37
236,66,49,33
238,58,51,34
240,52,48,39
245,49,48,39
248,47,47,43
249,49,46,41
251,52,48,43
250,59,43,35
251,64,46,40
252,71,45,38
253,78,45,38
253,84,47,35
256,94,45,31
256,102,48,29
259,112,50,28
267,120,46,30
275,124,39,34
281,131,30,37
280,131,33,43
286,140,30,42
285,139,31,43
284,138,30,44
285,133,29,47
281,130,31,42
277,129,32,43
273,127,33,44
271,125,33,41
267,120,34,43
262,110,37,44
255,104,44,42
248,91,51,39
246,82,53,38
244,71,55,35
245,62,54,31
250,55,49,32
252,48,48,37
259,48,42,38
263,47,41,43
267,49,42,45
267,56,44,45
267,69,43,33
244,107,41,34
251,83,45,40
245,71,49,43
246,62,45,38
247,49,53,34
246,41,54,32
260,30,46,33
265,12,42,43
265,12,42,43
265,12,42,43
265,12,42,43
265,12,42,43
291,33,41,52
264,112,38,49
254,105,45,43
248,93,48,42
246,81,47,40
240,72,51,38
241,62,52,33
241,54,52,33
247,49,50,37
251,43,46,38
258,43,41,40
263,44,40,44
269,49,40,42
272,57,39,42
280,72,36,37
271,87,39,45
257,93,39,41
257,74,45,40
259,61,46,32
268,48,45,27
280,130,41,23
279,140,38,31
272,134,40,38
267,134,41,37
265,138,36,34
258,134,35,34
248,127,43,39
242,121,42,39
234,114,47,37
231,113,49,35
226,105,49,38
223,102,48,37
217,96,52,34
214,91,53,34
215,90,51,33
214,88,52,32
214,86,52,32
216,83,50,31
217,80,50,31
217,77,49,34
224,69,46,39
227,67,46,41
229,65,43,40
233,66,41,41
234,66,44,41
234,69,42,39
236,70,43,41
234,72,42,41
235,75,44,39
233,75,42,39
235,76,44,38
233,78,43,37
233,78,44,36
234,77,44,36
234,77,45,36
234,78,44,36
233,77,45,36
229,81,49,36
226,86,49,35
225,86,50,37
226,93,49,37
225,98,51,37
224,102,49,37
223,106,49,37
224,107,47,36
223,110,50,35
224,111,48,33
226,113,47,35
229,115,47,34
229,117,50,33
233,118,48,34
239,122,44,32
245,124,42,34
254,129,48,32
253,126,49,35
263,129,49,30
270,123,47,35
246,46,52,32
233,53,57,35
233,53,59,37
233,60,50,39
232,62,51,45
235,72,50,46
239,81,47,50
240,88,50,51
246,94,55,53
255,103,49,46
258,55,53,38
250,57,50,32
246,57,51,34
238,58,53,34
232,60,52,37
230,63,52,35
227,70,49,37
224,80,46,39
226,95,47,40
229,106,49,39
235,117,49,35
243,126,44,35
253,131,42,34
259,130,45,33
268,128,46,34
273,125,46,30
250,52,56,33
245,59,53,34
248,70,52,38
249,80,54,43
255,83,57,53
259,60,49,48
257,55,49,40
247,50,51,36
241,47,54,37
230,49,54,36
229,50,54,37
225,55,52,39
223,67,45,37
222,75,49,40
225,89,46,43
229,100,46,42
235,115,47,36
244,121,46,38
253,128,44,37
262,132,41,35
269,131,43,37
273,132,42,41
250,63,42,34
247,70,46,34
245,77,55,39
245,88,49,40
246,97,54,49
253,104,52,47
261,119,50,46
252,113,43,40
245,104,42,42
241,91,47,40
239,77,48,37
242,67,49,31
245,58,49,33
250,53,49,36
253,54,47,37
254,61,46,37
254,75,48,35
254,90,49,33
257,96,46,39
256,78,54,32
271,128,49,39
270,126,50,44
270,129,55,40
261,119,46,45
258,112,43,41
250,99,40,44
246,88,42,42
244,74,48,40
242,66,51,35
246,60,50,33
246,55,50,38
250,55,49,40
251,57,50,38
251,67,49,36
252,79,50,36
252,85,50,31
251,102,40,43
270,83,46,49
266,120,43,48
271,131,46,41
272,130,39,42
270,132,38,39
269,127,40,41
265,115,41,48
258,100,46,48
254,98,48,46
251,94,49,42
250,89,51,41
248,78,52,36
250,68,51,34
250,65,48,34
256,60,48,34
257,55,47,37
260,54,44,39
261,54,45,39
261,54,46,38
261,61,47,35
261,65,47,35
258,72,51,36
258,83,54,34
263,86,50,29
268,104,49,36
266,99,52,42
263,80,59,48
258,65,66,39
279,130,59,50
282,129,55,54
283,130,55,52
280,129,56,54
279,130,57,54
278,128,58,51
275,128,62,45
271,127,65,45
267,129,69,41
260,125,66,42
251,120,53,37
250,105,49,42
247,101,40,46
245,95,43,39
242,85,53,44
241,81,53,39
239,74,53,38
238,73,49,34
237,70,52,31
239,68,51,31
237,67,51,32
236,69,50,32
237,73,49,33
236,80,47,35
239,87,48,36
239,92,45,33
243,98,41,38
249,104,51,34
256,112,52,31
253,69,51,35
253,69,54,33
254,69,51,28
253,69,48,26
256,69,48,25
258,70,46,24
259,71,45,24
257,72,46,24
257,73,50,25
256,72,47,25
254,70,47,26
254,70,48,26
254,70,52,26
256,70,54,28
257,70,53,28
242,108,50,31
236,102,50,32
231,99,50,32
227,96,52,30
226,93,52,29
224,90,51,31
222,89,52,31
224,87,52,34
229,86,52,35
235,91,50,32
245,93,45,28
256,93,42,30
281,91,34,35
281,91,34,35
281,91,34,35
281,91,34,35
281,91,34,35
281,91,34,35
281,91,34,35
281,91,34,35
281,91,34,35
281,91,34,35
281,91,34,35
281,91,34,35
281,91,34,35
281,91,34,35
281,91,34,35
281,91,34,35
281,91,34,35
281,91,34,35
281,91,34,35
281,91,34,35
281,91,34,35
281,91,34,35
281,91,34,35
281,91,34,35
281,91,34,35
281,91,34,35
281,91,34,35
281,91,34,35
281,91,34,35
281,91,34,35
281,91,34,35
281,91,34,35
281,91,34,35
281,91,34,35
281,91,34,35
281,91,34,35
281,91,34,35
281,91,34,35
208,93,33,41
184,102,38,41
189,100,40,37
195,96,47,35
204,89,42,35
211,80,39,35
219,73,34,33
229,69,28,34
233,72,27,32
242,79,22,30
242,79,22,30
242,79,22,30
242,79,22,30
242,79,22,30
242,79,22,30
242,79,22,30
242,79,22,30
242,79,22,30
242,79,22,30
242,79,22,30
242,79,22,30
242,79,22,30
258,59,19,32
255,59,22,33
251,55,28,36
242,53,35,40
238,53,38,42
231,57,41,39
221,61,46,39
212,69,49,35
204,74,52,32
190,73,56,33
185,78,57,32
178,77,62,33
174,78,62,31
172,77,64,33
171,77,62,33
169,75,62,35
169,74,64,35
167,73,64,34
169,74,66,34
168,70,63,37
171,71,60,39
176,70,52,43
184,65,43,52
190,63,31,52
196,63,36,45
191,64,39,40
189,62,44,37
191,62,47,36
189,60,52,35
189,61,56,33
189,58,58,33
192,60,56,29
193,60,56,28
193,57,56,30
191,55,56,33
190,54,61,33
191,51,61,35
190,46,62,38
192,40,60,41
192,39,62,45
192,39,66,41
193,40,65,37
194,35,64,38
196,28,65,42
193,28,67,44
197,25,65,39
199,28,68,36
198,33,73,38
199,43,75,35
199,47,77,33
195,52,75,40
200,54,81,44
205,71,79,38
214,86,72,27
219,89,66,24
211,85,68,23
209,77,67,23
199,64,56,28
200,49,59,36
200,40,64,39
200,34,67,41
198,26,67,43
197,23,67,41
197,23,65,38
199,26,63,34
188,29,65,39
185,28,68,41
184,24,74,42
182,28,81,38
190,35,76,36
201,44,65,28
208,55,60,28
210,64,59,30
212,66,57,33
212,67,55,34
214,68,55,35
216,66,53,38
215,67,52,39
216,68,51,40
215,69,52,40
215,70,51,43
212,71,53,42
210,70,55,43
211,71,54,45
210,70,53,46
211,67,55,50
208,66,53,48
206,62,56,47
207,58,51,41
207,55,43,39
209,53,33,36
210,57,26,28
211,53,23,30
217,53,21,29
222,54,25,26
227,56,28,22
224,52,32,27
219,50,36,28
185,59,38,32
194,60,36,30
190,63,32,32
190,61,30,33
196,58,34,31
216,61,31,26
213,63,36,25
211,60,36,26
207,58,34,27
204,52,33,30
202,47,31,31
204,42,26,31
198,32,29,35
199,25,31,41
199,21,35,47
199,26,47,49
199,33,47,46
201,43,48,43
204,51,47,42
200,60,50,41
197,63,53,39
198,63,50,40
197,63,51,38
194,63,53,35
193,61,51,32
196,59,48,25
193,57,50,21
190,52,48,23
191,49,42,26
187,43,39,31
184,43,39,34
184,44,36,34
171,59,36,37
163,57,39,43
152,76,39,43
146,99,37,44
146,108,32,37
150,137,30,38
150,137,31,39
157,142,35,37
157,142,35,37
157,142,35,37
157,142,35,37
157,142,35,37
157,142,35,37
157,142,35,37
157,142,35,37
157,142,35,37
157,142,35,37
157,142,35,37
157,142,35,37
157,142,35,37
157,142,35,37
157,142,35,37
157,142,35,37
157,142,35,37
157,142,35,37
157,142,35,37
157,142,35,37
157,142,35,37
157,142,35,37
157,142,35,37
162,142,31,33
157,141,32,28
154,131,30,29
161,120,39,31
152,120,33,30
152,120,33,30
156,82,30,27
159,74,32,33
158,56,30,31
156,56,31,30
156,52,34,32
156,53,35,27
167,59,37,33
161,56,38,32
159,56,40,32
161,60,36,23
162,63,37,20
163,64,36,20
165,62,34,21
164,63,34,21
169,65,32,30
170,58,30,34
172,59,31,34
179,59,30,34
179,58,31,36
182,56,33,38
185,55,32,40
188,60,33,40
189,67,38,40
190,70,38,36
193,79,41,36
194,85,41,35
193,89,42,35
197,90,39,31
195,92,39,29
192,95,32,26
191,103,33,24
177,106,34,20
171,122,38,20
161,125,38,28
151,136,36,32
147,141,40,40
151,144,35,39
159,140,33,45
159,140,33,45
159,140,33,45
159,140,33,45
159,140,33,45
159,140,33,45
159,140,33,45
159,140,33,45
159,140,33,45
159,140,33,45
159,140,33,45
159,140,33,45
159,140,33,45
241,88,38,34
241,93,36,29
240,94,35,27
240,94,35,25
238,94,35,25
237,92,36,25
237,90,36,25
236,90,34,26
236,87,33,26
235,86,33,26
234,85,34,28
237,86,34,30
241,84,38,35
251,89,40,36
263,97,38,34
263,97,38,34
295,121,41,34
295,121,41,34
295,121,41,34
332,113,37,35
333,132,30,39
333,132,30,39
333,132,30,39
333,132,30,39
333,132,30,39
333,132,30,39
333,132,30,39
333,132,30,39
333,132,30,39
256,98,28,34
255,94,31,36
253,90,33,33
254,91,34,30
253,93,33,31
253,93,31,33
251,95,32,33
249,98,30,29
248,103,27,28
247,103,27,28
237,106,30,32
230,107,36,32
233,115,30,26
232,117,30,26
231,119,31,22
236,117,28,25
236,115,29,27
236,111,31,26
241,113,30,26
239,109,31,28
243,113,31,27
240,112,32,29
243,119,31,26
244,126,30,24
245,124,28,26
242,124,29,27
242,122,29,29
241,122,30,29
238,117,32,26
241,113,29,28
245,111,27,23
249,96,26,24
249,96,26,24
249,67,26,21
248,67,30,20
248,67,30,20
248,67,30,20
246,99,30,21
245,105,31,21
245,103,32,22
245,98,32,24
244,98,33,20
189,47,34,22
189,47,34,22
247,65,35,26
244,55,36,23
261,96,33,21
265,111,29,22
262,117,28,26
262,116,29,29
258,118,30,30
257,113,31,32
259,105,26,34
259,102,29,27
257,100,30,23
256,82,30,24
252,70,34,27
249,56,33,20
251,40,36,23
248,35,38,27
246,23,39,32
250,21,40,32
253,22,37,32
255,27,36,32
257,30,35,32
253,94,34,32
253,94,34,32
253,94,34,32
273,76,29,29
276,85,27,29
271,96,28,27
266,102,29,26
267,109,30,23
262,104,31,24
262,104,31,24
263,95,32,23
261,85,33,29
259,70,38,29
252,53,39,29
258,47,37,32
260,44,38,26
262,38,37,27
263,34,35,27
265,36,35,30
267,42,33,29
262,100,32,24
258,84,34,25
256,76,36,27
274,97,27,23
272,109,28,19
271,112,31,21
268,109,31,22
267,97,32,24
266,87,30,23
263,72,34,25
259,62,34,19
257,48,35,18
257,35,36,20
257,22,36,26
253,13,38,31
255,3,37,36
253,5,40,37
256,4,38,41
257,17,38,34
263,32,33,31
262,53,37,37
261,49,39,39
269,66,34,36
272,70,32,35
272,68,31,33
272,58,32,36
263,43,35,36
263,43,35,36
271,30,34,34
259,80,33,33
274,24,36,33
272,30,35,32
271,51,37,38
273,52,35,41
277,64,31,46
278,74,31,40
280,69,28,38
282,55,28,39
342,35,35,39
342,35,35,39
275,22,39,38
258,66,40,42
276,22,37,33
278,24,35,30
277,32,36,28
271,48,38,34
271,52,40,32
277,66,43,35
274,70,34,38
280,77,29,33
277,68,31,35
281,66,27,32
281,58,30,33
270,50,37,29
255,47,36,33
255,66,38,30
273,33,36,30
271,29,36,30
273,28,35,29
273,29,35,29
271,28,36,30
268,33,36,31
270,37,34,34
269,49,34,43
265,53,38,37
261,49,41,37
268,64,35,33
273,69,32,31
272,75,32,28
274,82,31,22
274,76,32,24
275,75,31,22
277,64,31,25
273,63,35,21
274,63,35,21
274,63,35,21
257,57,31,25
272,45,33,32
271,39,33,26
272,39,31,22
265,39,33,25
262,39,34,24
260,41,37,27
259,42,35,26
259,43,36,25
261,46,35,26
262,46,35,27
264,47,34,21
268,47,31,20
268,47,31,22
268,47,31,23
270,48,31,19
272,49,31,15
274,48,28,13
273,49,28,9
275,50,26,13
275,48,25,15
275,48,25,15
276,62,22,18
236,56,25,21
218,58,28,19
198,60,33,20
184,60,32,22
166,61,35,21
161,59,39,21
150,58,34,23
142,57,35,25
134,54,32,26
130,56,29,25
130,57,32,24
128,60,32,21
130,58,31,23
136,60,30,23
141,61,31,23
140,60,34,25
150,61,34,27
159,68,33,22
167,66,36,24
179,67,37,25
181,68,42,25
196,66,39,26
210,66,39,26
230,64,39,29
241,56,40,34
242,54,42,36
249,60,48,29
256,57,45,33
271,58,39,31
275,54,35,26
276,54,33,25
275,50,34,27
271,43,35,29
270,38,33,28
266,33,37,27
265,34,36,27
264,34,34,29
264,42,33,25
265,53,33,20
265,53,33,20
264,72,34,23
266,79,34,27
262,97,35,20
263,101,34,18
262,99,32,21
259,91,32,23
257,87,35,24
254,76,37,31
249,63,41,39
245,62,44,34
241,59,42,36
237,54,40,34
233,50,39,35
230,46,39,36
226,45,39,34
215,42,40,35
215,42,40,35
215,42,40,35
215,42,40,35
155,30,35,42
136,30,34,41
136,30,34,41
123,38,32,39
122,38,29,42
122,38,28,37
123,40,29,37
125,41,32,39
132,42,28,36
135,44,33,35
144,49,36,36
159,56,33,39
159,56,33,39
185,74,37,39
209,85,40,33
221,99,44,26
235,103,44,30
239,109,43,32
242,115,42,34
247,119,39,35
251,122,35,34
257,126,30,30
258,127,28,27
255,122,31,26
250,113,33,24
246,100,36,28
248,87,36,24
241,68,37,25
235,51,40,30
227,35,43,32
222,24,40,31
222,24,40,31
205,2,44,35
207,2,40,38
203,2,41,37
205,2,42,37
205,1,42,36
209,2,44,35
211,5,44,35
219,23,49,37
227,33,46,39
226,34,51,36
232,50,54,32
234,58,48,31
261,76,48,39
258,78,40,36
246,74,39,43
304,74,36,44
303,63,36,54
332,45,39,50
312,28,40,54
242,107,39,45
248,111,33,40
253,114,27,36
257,111,24,34
258,106,26,34
258,106,26,34
256,100,28,33
248,96,33,31
242,87,39,30
234,83,41,30
236,81,39,29
226,75,40,30
218,67,45,29
202,61,44,25
192,49,45,29
186,45,43,32
183,38,35,30
175,33,31,34
175,33,31,34
160,19,29,42
158,18,30,43
152,16,33,44
150,15,33,43
149,15,32,40
155,9,30,47
154,10,33,45
157,9,34,44
163,9,30,44
174,13,27,42
187,23,30,37
190,27,30,33
199,34,37,30
204,43,42,32
217,54,39,29
220,66,42,27
222,69,43,27
224,80,43,29
226,91,45,30
232,99,42,36
228,103,43,42
231,102,39,46
236,111,33,45
244,119,23,41
243,128,20,39
239,132,21,38
237,137,23,32
238,133,21,34
236,128,22,36
230,123,27,36
224,116,31,35
222,117,34,33
219,112,33,28
202,107,37,27
191,98,34,24
179,92,38,28
176,87,40,29
172,86,36,31
172,86,36,31
148,64,34,30
138,57,26,33
124,45,29,39
113,40,34,39
107,37,35,40
106,35,33,39
109,30,34,38
107,27,37,39
121,25,32,43
134,27,26,38
144,22,30,32
158,28,33,34
179,35,35,33
186,43,39,32
203,50,43,31
211,57,49,31
226,64,48,31
237,67,44,31
247,74,38,26
250,80,38,26
255,81,33,24
254,81,34,25
250,78,34,25
250,77,35,26
250,75,33,28
249,72,35,27
252,69,34,24
258,68,31,22
261,65,32,24
266,61,28,21
270,61,28,23
264,59,32,23
266,58,35,25
265,56,37,25
259,55,42,31
253,55,45,38
245,55,54,40
241,57,47,27
229,61,42,19
216,68,34,21
203,69,29,23
183,71,27,25
170,70,25,27
149,71,30,30
147,72,30,27
136,71,35,29
133,72,38,26
130,69,42,27
144,75,38,22
154,77,41,22
168,79,43,24
183,87,40,22
202,92,35,24
217,99,33,24
233,108,30,22
250,114,29,22
262,117,26,24
272,119,22,24
277,121,22,26
283,123,23,27
287,130,24,25
292,130,23,25
294,131,22,25
296,130,22,25
296,132,22,25
296,132,24,23
291,128,26,22
284,115,27,25
282,111,28,26
281,105,25,23
245,128,27,22
256,134,29,22
263,136,31,23
264,135,27,26
264,134,27,25
260,130,28,24
266,107,31,28
244,53,34,30
244,56,35,29
247,66,38,37
246,64,39,39
252,78,36,35
255,87,33,33
255,88,33,32
258,91,32,28
256,90,33,24
256,83,33,20
206,72,30,26
260,65,29,25
260,65,29,25
247,47,34,25
251,36,35,29
253,34,33,28
253,32,33,30
247,32,35,30
244,37,36,31
245,43,40,32
246,55,36,38
244,51,38,43
251,69,38,38
248,86,39,28
254,88,33,27
257,88,34,26
256,92,34,22
259,84,33,24
261,75,31,27
261,75,31,27
255,60,38,23
253,60,40,18
252,52,36,25
249,48,37,32
244,46,40,33
238,48,41,33
237,49,41,33
239,58,38,30
241,71,36,24
246,84,36,24
249,97,36,22
250,95,37,23
257,102,34,19
260,99,32,19
261,91,30,21
256,81,30,24
256,79,30,27
246,59,35,29
246,59,35,29
250,75,31,31
249,72,32,35
248,76,25,32
250,74,25,34
251,80,26,29
247,83,29,27
241,79,27,28
242,77,27,32
234,78,23,25
225,74,30,28
211,72,33,27
194,71,35,30
178,73,35,28
164,74,35,26
164,74,35,26
127,72,32,32
127,72,32,32
105,73,30,38
101,78,31,36
99,79,32,32
100,80,31,33
102,79,32,36
109,83,30,34
115,87,32,37
118,89,33,41
133,102,33,41
143,115,27,35
136,109,25,32
136,109,25,32
136,109,25,32
177,151,28,37
177,151,28,37
177,151,28,37
180,152,29,39
180,152,29,39
180,152,29,39
180,152,29,39
180,152,29,39
180,152,29,39
180,152,29,39
180,152,29,39
180,152,29,39
190,130,25,48
186,143,24,45
185,147,27,40
185,149,27,38
186,149,31,35
187,151,28,35
192,149,32,36
194,149,38,35
197,150,39,36
200,148,42,36
203,149,45,34
205,150,47,32
210,148,45,35
214,149,47,37
212,149,51,38
216,149,50,39
227,149,43,40
231,147,41,41
232,149,35,38
241,147,33,40
246,146,31,39
251,143,25,40
