179,140,128,132
181,140,124,130
183,140,124,130
184,141,123,129
183,139,122,130
184,142,122,129
186,139,122,130
187,139,121,129
187,138,120,130
186,136,121,131
184,134,124,132
180,135,126,132
179,135,126,131
176,135,129,132
170,133,128,135
164,134,125,134
155,136,127,135
150,140,127,138
148,142,127,138
149,144,128,137
151,144,128,140
153,147,128,139
155,147,128,139
155,147,128,140
152,147,131,142
140,149,136,143
131,152,138,144
128,156,135,142
127,156,141,144
133,153,140,145
141,154,139,147
149,156,138,147
154,157,137,148
160,159,140,146
161,159,139,147
163,158,139,147
163,158,137,149
160,160,137,148
159,158,138,148
154,159,141,149
148,158,144,148
145,157,142,149
144,157,141,149
145,154,138,150
146,154,140,149
150,151,140,149
150,150,140,147
151,148,140,148
149,149,139,149
148,150,139,151
146,154,137,152
143,159,136,153
143,158,136,152
140,165,135,153
140,167,135,152
140,169,134,153
142,170,133,154
143,170,134,155
144,170,132,154
143,170,133,154
141,169,133,152
140,169,133,153
138,168,135,152
132,169,136,155
127,170,137,156
116,172,143,156
111,173,141,158
110,175,141,158
101,179,142,158
94,178,146,158
86,178,150,158
80,174,151,158
79,172,152,161
71,168,154,163
63,168,155,163
59,164,155,167
53,161,158,164
54,159,159,165
50,156,159,166
49,152,159,166
45,150,162,166
47,148,158,167
47,149,158,166
46,149,159,167
45,148,159,166
44,147,159,168
43,145,160,170
44,145,161,168
43,146,162,171
43,147,161,170
41,146,164,174
41,150,162,171
41,148,165,173
38,149,166,175
35,150,168,177
34,151,169,179
30,152,173,179
31,154,171,178
25,152,173,179
25,151,175,179
25,152,174,180
23,154,176,180
23,154,176,180
22,154,176,180
23,152,177,181
22,151,178,184
22,152,179,188
21,153,179,187
24,158,181,186
33,158,178,190
42,166,180,186
53,176,177,179
54,177,178,177
64,180,174,178
71,182,169,177
74,185,167,173
79,185,166,173
80,186,166,173
95,186,162,173
107,183,161,173
111,184,159,173
119,188,157,170
121,196,154,161
120,200,151,158
117,201,153,158
116,198,152,159
117,191,151,165
116,188,152,164
119,180,153,164
127,172,145,156
133,163,140,156
136,159,138,154
138,156,140,150
142,152,138,149
144,150,138,148
152,147,138,146
159,144,139,143
167,136,133,142
171,132,134,139
174,129,132,139
177,125,130,137
177,120,130,136
179,118,128,136
179,117,128,134
177,112,129,131
172,108,131,130
171,106,127,129
168,107,122,129
165,106,121,127
162,106,117,127
161,107,121,128
162,110,116,126
163,112,116,128
160,114,112,128
162,117,116,127
165,119,113,127
167,121,117,126
168,124,119,127
171,129,115,124
174,131,116,124
176,131,115,125
178,131,114,125
179,132,113,124
179,134,115,126
180,139,116,124
185,143,113,125
188,144,110,123
188,143,113,124
188,141,110,122
188,139,115,127
188,138,114,124
185,138,113,125
184,141,115,129
182,142,116,136
182,147,118,135
177,152,114,136
172,152,115,135
168,153,118,136
162,154,120,137
158,160,120,134
155,160,121,136
153,165,123,134
152,163,124,136
151,168,121,134
148,169,122,135
147,171,118,135
148,173,119,133
146,174,122,133
148,174,123,135
150,172,122,136
152,173,122,134
154,169,121,135
154,169,122,135
158,167,118,134
160,167,114,133
164,167,110,130
169,168,113,129
171,167,114,130
176,167,114,127
183,162,114,128
187,159,111,125
192,155,106,123
193,153,107,125
200,150,108,122
206,144,107,125
211,139,105,123
219,138,99,120
220,136,101,122
226,134,102,123
231,133,98,122
235,131,101,122
240,127,99,125
241,128,97,124
245,127,99,125
250,127,98,125
252,126,95,124
256,126,97,126
255,128,96,123
257,127,95,124
255,127,96,122
252,125,96,123
250,123,95,123
252,120,94,125
245,118,96,124
240,116,95,124
233,115,97,129
226,118,97,129
225,120,100,128
218,122,99,127
210,123,100,126
206,125,100,128
198,125,104,127
197,125,100,127
187,125,100,127
183,121,101,129
183,117,100,129
185,112,100,128
186,111,100,128
188,106,106,129
194,103,102,127
201,98,107,128
210,94,109,127
213,90,107,129
223,77,106,131
238,74,105,131
251,71,106,132
262,65,107,132
263,60,102,134
269,49,112,135
273,41,111,133
273,33,103,130
270,17,99,135
270,15,100,136
268,6,97,131
268,0,99,128
269,0,105,124
271,0,101,118
275,0,94,117
271,1,98,122
265,0,97,128
265,0,93,131
268,0,99,139
275,3,92,144
285,1,106,147
301,4,94,144
314,12,92,141
325,16,90,140
334,20,88,139
344,27,91,136
348,34,95,133
353,42,89,132
352,45,90,133
355,51,89,132
359,53,84,132
358,51,87,132
364,52,88,131
366,53,87,127
370,48,90,135
375,48,98,132
385,52,94,134
391,54,91,131
397,57,89,131
399,58,88,130
402,61,84,129
406,63,87,128
408,67,82,126
410,69,87,127
406,74,84,123
409,77,90,123
402,77,94,127
398,79,87,123
394,79,95,119
386,75,104,121
381,73,99,121
379,73,84,120
381,67,96,126
380,69,100,120
385,67,99,124
391,67,102,123
392,68,99,124
393,67,98,125
393,70,94,123
393,70,91,122
390,71,97,123
390,76,100,121
387,80,98,124
383,84,105,123
382,91,92,124
377,98,90,121
376,102,91,120
375,106,89,122
374,110,89,122
375,112,88,125
377,113,89,126
379,114,86,122
386,115,88,125
390,115,91,118
391,115,92,120
399,114,90,125
403,114,95,123
407,113,97,123
415,114,92,118
411,117,91,123
409,121,87,128
410,122,91,130
410,121,92,131
405,121,90,130
402,123,91,130
403,125,83,119
400,119,105,128
394,117,96,118
392,113,102,120
387,113,105,132
381,111,101,131
373,109,104,134
366,107,108,131
359,101,115,120
361,107,92,110
354,103,86,122
351,93,101,86
343,94,83,96
334,94,78,81
342,91,72,105
336,101,59,85
343,116,44,65
348,124,32,63
348,113,28,76
346,108,30,77
345,122,30,65
345,137,29,51
343,117,24,72
337,123,25,64
334,114,29,70
327,125,33,66
327,125,33,66
327,125,33,66
327,125,33,66
350,89,140,154
347,102,168,173
339,104,167,172
336,105,167,172
333,111,158,169
333,111,167,170
325,110,163,169
322,110,171,170
316,108,172,171
311,105,170,169
308,105,173,168
297,100,158,169
286,99,167,167
277,93,171,168
264,93,165,166
265,92,160,165
253,90,168,167
247,87,166,166
243,84,163,164
241,84,164,164
241,82,165,166
239,81,161,164
238,80,159,164
238,80,162,162
237,80,155,158
237,77,152,163
236,77,156,161
237,78,156,161
238,76,152,163
241,76,149,163
238,75,155,162
240,73,151,164
238,73,155,163
239,72,154,162
241,68,150,164
241,66,152,164
241,65,151,165
241,60,159,167
240,60,161,167
239,54,163,169
237,49,167,168
237,45,166,168
236,44,163,168
236,41,162,167
237,41,161,164
239,38,157,164
238,38,160,164
241,34,158,168
242,34,160,168
243,34,162,168
244,36,166,167
247,37,169,167
247,37,167,167
249,36,170,170
251,38,173,169
252,39,172,169
252,40,172,168
252,40,171,168
251,40,170,169
252,42,168,169
247,43,174,169
246,45,170,171
241,51,172,174
237,57,172,173
238,61,168,173
236,66,171,173
237,74,172,172
244,77,164,176
247,80,167,177
252,83,178,179
264,88,174,175
275,97,167,171
279,98,167,170
280,98,167,172
282,100,169,171
286,100,168,171
284,97,169,173
285,96,170,173
286,98,168,172
285,100,166,171
286,102,167,170
290,104,164,169
293,105,163,170
293,106,165,171
296,110,164,170
271,110,197,179
277,106,195,186
333,105,150,177
334,108,154,173
329,104,159,178
329,115,160,168
328,113,161,168
328,113,158,167
337,107,149,181
343,105,138,180
343,107,140,176
357,112,121,170
297,108,168,168
290,111,153,167
294,110,159,168
298,110,156,165
300,110,149,168
303,111,146,168
298,113,133,168
287,113,149,165
363,123,118,153
338,124,149,156
336,126,138,155
337,111,124,166
385,118,139,161
382,117,142,163
365,114,161,169
369,108,140,170
424,117,131,161
408,112,148,170
409,113,145,166
405,121,157,158
399,99,160,175
403,122,158,150
406,81,144,164
404,131,152,140
408,118,159,154
405,126,152,151
410,119,152,158
455,124,137,154
454,125,136,152
458,120,140,156
443,109,160,175
434,99,172,192
437,104,160,176
440,104,160,182
439,112,163,182
431,136,179,183
436,133,174,185
431,138,178,174
432,138,177,177
426,139,179,177
428,141,183,175
434,135,180,175
434,147,156,173
431,132,172,187
436,156,155,156
459,108,168,172
443,117,187,179
445,115,185,178
448,116,186,178
456,111,175,190
444,123,184,179
458,150,177,161
460,151,175,165
457,151,176,163
468,137,166,180
459,137,174,179
453,140,181,176
455,141,178,177
454,141,181,176
455,139,179,176
460,137,175,177
462,137,171,178
458,132,177,178
460,132,173,178
459,131,176,177
457,131,173,178
459,134,172,176
456,131,177,177
462,133,173,179
463,132,174,176
471,151,168,166
471,136,168,181
472,139,168,179
466,130,172,190
473,139,162,183
473,139,166,180
472,138,168,182
474,136,166,177
473,132,163,177
479,160,158,147
479,114,155,190
479,99,158,193
484,109,154,179
483,109,154,180
476,111,158,183
471,115,164,168
469,98,163,175
462,80,172,200
461,65,174,205
463,79,173,182
459,78,181,182
455,72,184,188
452,69,182,188
455,68,183,195
461,66,179,201
467,68,173,198
457,73,182,198
459,119,180,174
463,111,176,186
467,98,172,188
462,118,177,227
486,172,154,188
256,180,152,173
258,198,147,157
253,223,146,135
252,235,134,124
255,245,134,114
260,253,128,105
268,256,121,104
277,257,114,103
279,255,124,104
284,255,117,103
285,248,117,110
288,241,110,113
285,227,119,132
291,219,113,137
290,209,111,140
285,195,116,138
287,185,109,129
280,180,102,125
278,173,104,126
277,171,103,123
278,170,97,123
279,168,98,125
282,169,103,129
288,175,94,126
292,175,94,124
294,172,95,121
299,168,96,121
299,166,93,121
298,161,96,121
298,159,99,122
296,156,97,121
297,155,94,124
292,157,96,122
288,153,97,123
283,151,94,121
283,148,89,126
283,149,87,125
280,147,87,126
282,146,88,123
284,145,86,123
285,145,87,123
286,146,87,123
287,146,86,125
287,147,87,126
285,150,93,128
286,157,90,126
286,159,90,126
286,164,90,126
286,168,91,129
286,174,90,129
283,180,90,130
281,181,89,129
281,186,86,128
280,188,83,127
279,189,83,127
279,189,80,127
278,190,79,126
279,189,86,126
279,186,85,129
284,181,85,130
289,177,83,131
287,177,86,131
292,171,86,132
294,168,85,130
296,165,81,125
297,153,87,129
298,151,83,132
296,147,87,132
297,144,83,135
297,140,83,135
294,138,87,136
295,137,86,135
294,136,87,134
296,135,94,137
300,135,90,137
307,133,95,144
308,136,92,142
316,136,89,145
319,138,88,139
320,136,95,139
315,133,91,138
315,130,93,137
306,125,94,135
306,123,83,136
303,123,81,136
300,122,82,138
299,121,84,137
300,126,76,137
298,122,77,143
300,128,73,138
297,133,74,134
295,127,74,141
293,131,74,129
293,130,69,128
287,132,63,115
281,114,64,125
278,109,67,128
276,118,66,105
275,101,62,114
274,89,62,126
274,85,64,131
277,104,61,109
271,91,62,118
271,92,61,119
271,112,61,97
270,122,56,87
268,113,53,92
269,108,53,95
269,97,52,108
269,96,53,111
269,121,54,86
275,117,49,91
275,120,49,90
278,130,47,80
281,129,47,78
282,136,48,72
285,137,46,72
287,145,48,65
290,153,47,60
291,151,47,66
295,145,45,76
296,147,44,78
295,143,43,82
297,159,42,64
293,149,43,78
290,151,46,81
288,160,44,70
287,164,44,69
287,170,43,61
284,164,37,63
285,166,38,57
283,154,36,64
281,156,32,58
277,153,35,64
275,154,34,57
270,132,35,76
267,148,37,55
268,146,34,57
267,150,32,52
257,128,44,72
247,134,58,73
243,121,73,98
269,58,227,231
269,67,215,216
268,61,227,216
266,60,222,218
267,57,210,218
269,54,226,220
269,51,213,225
266,55,223,222
266,57,221,221
263,56,214,225
262,60,221,223
261,60,222,225
264,69,217,219
268,66,225,220
270,68,215,220
276,68,227,220
277,67,228,220
282,72,228,217
284,74,226,215
290,76,222,214
294,77,217,213
298,77,214,212
296,82,214,211
300,88,209,207
310,101,198,196
315,103,188,193
316,101,188,194
321,107,186,188
324,111,183,181
326,111,179,175
331,112,176,171
330,112,175,171
336,108,173,171
342,108,166,169
340,108,166,164
337,105,163,164
334,106,165,164
329,100,164,169
326,102,168,165
321,105,165,161
319,107,158,158
321,104,157,160
317,110,151,156
315,110,146,157
311,114,144,152
301,115,153,152
301,116,154,151
302,121,149,150
303,123,149,147
305,120,145,147
311,120,142,148
313,119,138,147
312,119,137,146
311,118,136,147
312,114,140,151
311,115,139,149
313,115,140,150
315,118,146,150
315,119,152,152
321,119,157,156
323,121,159,155
319,119,163,158
325,120,163,156
338,123,158,154
343,124,153,153
345,124,154,155
345,124,154,155
348,124,152,156
348,122,152,156
348,123,156,157
349,123,153,155
348,123,156,157
349,123,153,152
350,123,154,153
350,123,152,153
349,123,147,153
350,124,145,152
350,123,147,153
351,124,148,154
351,124,149,154
352,125,148,154
352,125,146,152
350,124,146,155
349,125,148,155
350,125,148,156
351,128,148,157
350,128,148,156
350,131,152,156
330,128,158,155
316,129,163,153
306,129,155,153
305,129,154,153
293,130,154,153
292,134,150,155
296,135,149,154
299,134,148,154
305,137,149,153
318,138,148,151
324,138,149,152
329,136,152,153
339,134,152,154
353,136,145,152
360,138,141,153
363,139,145,151
365,139,144,152
367,138,151,152
375,141,146,150
377,141,146,149
373,138,149,151
371,140,149,148
344,132,169,151
345,129,158,149
362,137,136,142
358,135,137,144
354,136,138,144
354,138,138,143
353,139,136,141
352,137,137,143
353,137,137,142
355,139,137,141
359,139,135,141
360,138,134,141
363,139,138,141
362,141,136,141
360,143,139,141
359,145,136,141
356,147,134,139
354,147,134,142
354,148,133,142
353,151,132,141
352,151,132,142
351,154,131,139
348,156,132,139
346,155,134,140
344,155,136,139
348,155,132,137
352,156,127,137
348,155,130,136
346,153,133,138
346,153,134,139
346,154,133,141
348,156,131,140
344,157,135,141
341,156,139,143
346,157,133,141
335,158,140,142
337,153,144,149
363,159,102,139
316,156,140,146
309,152,143,140
310,172,134,119
311,179,120,109
309,138,135,118
314,137,132,116
318,137,126,116
326,135,126,117
384,137,83,116
351,130,112,113
348,135,119,113
386,178,100,112
405,154,96,137
423,160,98,133
420,159,101,126
405,162,128,119
423,158,131,131
466,158,111,137
460,162,124,132
455,166,119,126
465,166,115,128
466,166,115,129
467,155,114,139
462,169,120,128
466,162,116,132
459,163,122,129
514,174,90,115
486,157,106,129
507,163,103,126
510,159,103,127
506,166,98,107
515,169,95,93
525,183,87,122
537,196,103,122
536,207,104,116
541,196,99,125
545,205,94,113
555,200,84,104
564,196,75,99
564,193,75,94
573,192,67,87
460,173,83,108
451,180,84,113
564,244,76,83
569,219,67,78
579,214,60,70
469,193,81,104
471,196,86,111
480,208,92,112
480,210,97,113
498,223,89,111
508,225,101,122
520,233,92,116
523,234,88,116
521,234,91,116
518,232,90,116
517,232,88,114
518,227,89,106
522,221,87,101
523,217,87,103
524,208,88,105
532,201,89,106
542,198,91,104
538,191,93,103
536,189,95,104
522,176,89,103
512,170,88,99
499,166,87,98
497,163,87,99
497,162,86,100
501,165,83,99
500,164,85,98
494,156,81,95
493,144,77,93
492,142,79,95
494,129,83,99
499,128,83,100
505,129,82,103
506,132,82,102
506,133,82,102
509,142,84,99
512,146,82,99
512,147,81,99
512,149,82,101
518,154,90,101
529,153,91,103
531,153,88,101
529,152,87,102
527,156,88,103
525,157,89,102
517,158,89,102
509,159,86,103
501,163,87,101
491,164,92,104
479,171,99,103
468,178,85,105
455,186,91,106
435,197,91,103
416,206,90,109
403,220,91,103
389,225,85,102
383,226,84,99
386,224,87,99
390,219,89,100
393,215,86,98
397,209,83,99
397,203,84,103
391,204,86,106
382,210,89,103
373,213,81,99
363,214,84,96
357,211,82,99
351,208,80,99
353,207,82,101
355,207,83,101
358,207,86,102
362,205,87,104
365,202,84,104
369,202,87,104
373,201,86,103
378,200,90,103
377,198,91,105
372,199,94,106
367,205,92,105
365,212,88,106
358,208,90,106
352,208,90,107
351,211,90,106
348,208,92,108
344,209,94,112
340,211,94,108
337,208,94,112
332,213,93,113
323,215,91,112
317,213,91,112
312,213,91,115
307,217,92,113
305,220,91,112
302,219,92,115
298,220,91,114
295,222,89,118
293,225,90,122
286,225,93,118
278,220,92,121
266,222,95,126
254,228,96,121
244,225,95,124
233,227,96,129
222,237,97,121
222,239,89,118
208,236,93,118
193,236,101,122
183,247,96,113
173,249,95,110
172,249,96,110
156,248,97,112
142,247,100,112
133,255,98,104
126,251,97,109
125,250,98,110
120,242,99,118
111,239,97,121
100,237,99,122
85,245,99,114
83,246,101,113
78,248,94,111
70,242,102,118
65,244,90,116
63,243,98,116
61,242,93,117
52,239,108,118
49,246,108,107
59,258,107,97
64,266,115,93
64,266,112,92
68,272,114,87
62,277,115,83
63,275,131,84
66,272,134,87
72,268,122,91
84,258,129,98
93,256,106,95
110,250,116,103
120,250,101,107
123,248,110,105
143,241,113,112
153,243,108,108
156,249,99,103
164,249,106,99
168,249,104,99
171,247,96,97
166,253,97,98
165,253,100,102
177,249,84,111
184,247,94,105
177,245,82,114
188,245,86,114
197,243,86,116
207,234,79,120
210,234,85,119
213,231,90,119
222,232,90,111
231,223,92,108
229,220,68,105
231,217,72,107
226,224,87,111
225,229,66,103
219,227,84,100
213,225,71,104
211,229,81,106
199,231,81,113
188,240,75,106
184,246,65,101
179,241,82,103
178,244,64,99
173,246,91,111
160,260,81,98
156,267,77,92
158,259,74,100
159,250,78,99
164,240,68,103
168,232,80,103
171,224,70,102
181,217,75,102
184,208,76,91
189,202,74,91
197,193,79,91
194,182,68,93
197,174,71,85
198,170,67,86
193,165,72,88
196,160,69,86
198,161,68,86
198,163,63,86
205,163,62,92
207,163,72,92
207,166,65,90
211,169,66,85
211,171,62,84
214,171,59,88
218,170,59,90
226,170,58,91
232,164,59,90
238,158,61,92
238,152,72,86
241,152,53,84
247,147,63,91
248,155,59,85
254,151,58,89
257,150,62,88
260,148,62,85
264,145,64,85
259,142,66,85
262,139,68,85
263,140,69,85
260,139,65,87
263,136,63,88
260,131,68,90
256,128,71,92
254,127,72,89
254,126,68,89
251,126,67,89
248,126,66,88
244,125,68,89
242,126,69,88
238,126,71,87
235,126,74,86
232,125,78,87
230,124,78,87
226,123,82,87
224,123,81,87
220,124,83,86
218,125,82,85
217,125,81,86
218,126,79,86
217,127,80,86
215,127,80,86
214,128,79,87
212,129,80,88
210,129,82,89
209,129,83,89
207,130,83,90
205,131,84,93
204,134,86,93
202,134,85,95
200,134,87,96
199,136,87,96
197,137,87,97
190,140,93,96
188,144,92,96
188,144,92,97
185,147,92,99
184,147,92,100
182,149,95,99
186,149,92,98
185,148,93,99
186,149,93,97
187,149,93,97
186,148,94,98
185,148,93,99
185,148,93,100
184,150,94,99
182,150,95,101
180,151,96,102
180,153,97,102
179,153,100,102
181,154,100,100
181,153,99,103
184,154,98,103
186,153,97,103
186,153,97,103
188,153,96,103
189,153,97,102
191,153,97,102
194,152,97,102
195,153,96,102
197,151,97,103
198,153,95,102
201,154,93,103
202,156,94,102
202,154,94,104
205,152,93,105
206,152,92,103
209,152,92,101
214,152,88,97
214,151,90,99
216,149,91,97
217,148,92,95
219,148,89,95
221,147,88,95
221,147,88,95
222,146,87,92
224,146,86,91
226,145,85,92
228,144,85,92
228,145,85,91
230,145,83,91
230,145,82,89
230,144,82,91
233,146,80,89
232,146,80,89
233,147,79,87
242,146,70,87
238,146,77,87
236,154,74,74
233,148,76,81
233,153,75,73
234,142,77,82
235,136,77,87
235,135,75,86
234,135,74,86
233,134,73,84
230,135,75,83
228,135,73,82
226,135,76,84
223,136,75,83
223,135,75,83
221,134,76,83
220,132,77,84
220,133,78,83
220,132,78,83
219,130,80,84
222,128,77,86
222,127,77,86
223,127,76,87
222,127,78,86
220,129,79,85
217,128,80,85
215,130,81,84
214,129,81,85
213,127,81,87
214,125,80,91
214,128,81,90
214,134,80,87
214,137,79,84
213,139,79,82
215,137,80,83
216,133,83,84
216,131,82,85
218,130,83,86
221,131,81,86
222,129,82,89
223,129,83,89
225,131,82,88
225,134,81,90
224,136,81,89
223,137,80,89
223,138,79,90
221,139,79,89
220,140,78,90
216,140,80,90
214,140,78,91
213,140,81,93
212,141,79,92
209,144,79,93
208,145,78,93
207,146,78,93
205,148,79,93
205,150,78,93
204,152,77,92
202,151,78,93
200,152,77,94
198,153,77,93
199,156,76,92
200,155,76,93
200,155,78,94
201,156,76,93
204,157,76,95
203,158,77,95
203,157,78,97
204,156,79,99
207,157,78,100
209,157,81,99
211,160,82,97
215,167,82,90
218,163,85,94
221,164,86,94
223,162,87,97
225,162,88,98
226,162,84,99
227,162,89,99
228,159,90,104
228,158,92,106
230,161,90,104
231,160,91,103
231,155,93,109
232,159,93,106
235,160,93,106
237,156,95,110
236,161,95,106
241,156,94,110
242,156,95,111
243,155,95,113
244,157,96,113
245,155,95,114
245,157,96,113
246,157,97,113
247,159,98,111
247,159,100,112
248,159,99,112
248,162,100,109
248,161,99,110
248,162,99,108
248,164,99,106
248,164,100,105
247,165,100,104
246,167,100,102
243,167,102,102
242,167,101,103
242,167,102,103
240,167,103,103
239,167,102,104
236,166,103,105
234,165,104,107
235,166,102,107
229,164,105,108
229,165,104,109
227,166,104,110
223,166,105,111
222,166,107,112
219,167,105,111
219,169,105,112
217,170,102,113
214,173,101,112
213,173,103,112
211,171,101,115
208,173,102,114
206,173,100,115
202,172,103,118
204,173,102,116
201,176,101,115
201,178,100,113
199,175,103,116
200,178,103,111
198,177,104,113
199,176,105,113
199,175,105,114
201,176,104,111
202,174,104,112
203,172,104,114
205,171,105,113
207,169,105,110
211,168,104,109
213,165,102,109
213,165,101,109
213,162,102,110
212,162,100,109
211,159,101,112
211,158,99,112
211,160,99,110
211,157,98,112
211,156,98,112
211,152,99,116
213,155,98,111
215,154,98,114
217,155,98,112
218,154,102,112
220,153,103,112
224,156,103,107
226,157,106,105
232,157,104,103
237,157,101,101
243,155,96,101
246,152,96,103
247,151,95,102
251,151,93,102
252,149,96,101
256,150,92,99
258,149,93,98
261,147,93,99
265,144,91,101
269,142,85,103
273,142,86,104
278,140,80,104
282,138,77,104
285,137,74,103
289,139,78,102
294,136,73,104
297,134,77,104
299,130,75,101
304,132,75,98
304,131,85,93
307,128,83,91
309,129,85,86
311,130,84,83
314,131,61,83
312,129,82,86
312,131,66,73
310,131,89,75
315,132,99,76
319,129,89,77
335,129,85,84
338,132,86,75
357,133,72,81
353,132,82,92
348,130,83,87
372,135,63,92
368,134,67,94
364,130,73,99
363,128,75,98
366,129,74,99
371,131,71,96
374,130,72,99
374,130,74,98
375,131,74,97
375,132,74,96
374,132,75,97
374,134,73,97
374,134,73,97
374,134,72,96
374,133,72,97
373,134,72,95
370,133,74,95
365,134,79,94
365,133,79,93
365,134,79,93
365,133,78,92
360,134,81,90
363,135,80,88
363,136,80,88
359,135,81,89
357,136,81,86
352,135,84,86
349,134,85,84
351,134,83,84
346,135,83,82
343,137,83,78
339,135,81,78
333,134,80,81
330,135,84,80
327,135,80,81
323,135,83,82
317,134,82,85
313,135,75,82
311,133,76,84
309,133,77,85
306,136,76,86
305,135,77,85
303,133,78,87
302,132,78,86
301,132,77,90
299,132,77,87
297,131,74,89
296,130,69,89
296,130,66,89
294,130,66,89
291,131,65,88
288,130,69,88
285,131,69,88
284,132,72,86
281,132,71,87
278,134,73,84
276,134,73,85
274,134,73,85
274,134,73,86
272,134,74,85
267,134,77,86
258,133,81,90
249,134,82,89
249,134,80,87
242,137,79,86
239,139,75,86
235,142,72,81
231,144,71,80
231,145,70,80
227,147,67,78
218,147,71,79
198,147,85,94
178,150,97,109
173,153,95,116
154,164,101,117
153,162,99,121
150,171,100,114
153,164,97,119
151,163,97,119
153,163,95,119
154,167,95,116
154,164,96,116
158,159,94,116
158,164,95,111
158,159,94,119
162,158,94,114
162,160,93,117
165,153,93,120
166,160,95,114
167,159,94,114
170,156,92,115
169,153,90,117
170,155,91,114
171,149,90,120
173,149,90,120
176,153,88,117
181,152,85,114
181,152,85,117
180,153,88,115
183,156,86,101
184,160,89,111
187,166,90,104
191,164,89,103
194,163,89,103
197,165,88,100
200,164,89,99
203,158,89,103
209,162,89,98
212,153,91,106
217,162,91,98
221,165,92,94
226,168,94,94
229,161,92,99
233,136,83,123
236,155,89,107
240,163,88,98
242,156,82,103
248,168,86,92
250,160,84,103
256,157,78,87
253,125,87,124
261,148,75,102
264,140,75,109
270,137,69,118
272,126,64,121
272,125,68,82
277,124,70,78
280,118,69,84
280,114,73,96
276,115,85,79
281,105,79,75
297,109,62,110
296,105,74,66
299,111,67,106
310,106,64,59
310,157,41,66
310,157,41,66
310,101,64,63
313,138,41,80
313,138,41,80
328,108,68,47
325,101,81,84
323,103,74,71
328,96,75,75
342,98,64,74
343,99,63,82
341,97,68,81
343,96,69,86
345,96,66,86
342,96,73,84
340,96,77,84
335,96,81,83
340,96,80,82
338,96,80,82
338,94,83,86
339,93,83,87
341,89,83,92
345,88,84,95
347,89,80,93
349,90,83,94
350,91,84,93
352,93,85,92
355,93,85,95
356,94,85,94
357,97,85,93
360,99,86,95
361,98,88,97
360,100,92,94
362,100,92,95
364,99,93,97
365,100,93,97
368,100,94,98
371,99,94,99
371,99,94,100
373,99,96,100
375,97,99,105
380,96,97,104
382,95,100,106
383,95,98,105
386,96,100,106
389,99,100,105
390,98,103,108
393,96,102,111
393,96,102,111
394,96,104,113
392,95,111,116
395,97,112,116
400,97,110,118
402,98,109,117
404,97,111,118
407,100,112,117
411,102,113,117
414,103,115,117
414,103,116,117
420,104,119,119
424,104,121,121
429,106,118,120
429,106,120,120
430,105,119,121
432,106,121,121
433,105,122,123
433,106,125,125
433,105,126,125
434,105,127,126
434,107,127,126
434,108,125,125
434,108,125,126
436,107,122,127
436,108,123,127
436,109,119,126
438,109,118,127
439,106,124,130
438,108,131,130
438,108,133,129
439,107,132,130
439,108,135,129
441,107,132,129
442,108,133,129
442,107,134,130
447,108,132,131
444,109,134,128
444,107,136,129
443,110,130,126
444,108,133,128
442,108,132,129
441,111,128,128
441,113,130,128
439,114,128,125
442,114,129,127
442,115,130,125
441,116,131,125
443,118,131,125
444,117,129,126
444,117,126,122
445,115,126,125
444,112,124,125
441,112,125,125
442,111,124,124
442,108,124,124
441,106,123,123
441,103,122,122
439,102,123,122
438,102,122,120
438,101,120,120
438,101,119,118
438,99,119,119
438,99,120,117
439,99,117,117
437,97,120,118
438,96,119,118
439,95,115,118
439,93,118,120
439,94,118,116
441,93,117,116
443,93,116,117
445,95,116,115
446,94,114,114
446,93,115,116
449,93,113,116
451,94,114,115
455,92,112,116
458,92,109,115
457,92,112,114
461,92,107,111
458,90,109,113
460,90,111,112
462,90,110,112
465,89,108,111
465,89,110,110
467,88,107,111
468,89,110,110
472,90,109,110
470,91,110,108
470,92,111,110
476,94,108,107
475,94,112,107
480,92,111,105
485,93,109,103
487,92,110,105
485,93,110,109
480,93,108,113
476,98,108,112
470,101,111,112
470,102,107,112
457,99,114,115
445,100,117,116
438,102,115,118
428,107,115,116
425,110,116,114
414,113,117,116
405,118,114,114
393,119,116,114
382,119,112,115
379,118,115,116
371,118,112,115
363,118,113,117
356,123,107,115
350,123,107,117
353,126,104,115
341,125,113,117
346,126,103,116
338,126,106,116
333,127,108,115
333,127,107,114
333,128,104,114
334,129,101,115
330,130,102,114
327,132,103,115
327,133,102,114
325,134,101,115
318,136,106,114
322,141,98,111
317,142,102,111
315,142,104,111
309,144,106,110
308,146,104,109
310,147,99,109
311,148,95,108
310,148,96,109
308,148,96,110
306,149,95,109
303,150,95,109
299,150,96,110
297,150,97,108
294,151,97,111
288,151,101,110
284,153,102,107
296,153,91,107
290,155,97,106
292,156,96,104
290,154,99,105
291,155,99,104
293,152,98,105
293,152,98,106
295,152,97,104
296,151,97,105
297,153,96,103
299,153,95,101
300,152,94,102
300,152,95,102
300,152,94,101
301,150,96,103
303,152,95,100
306,152,93,101
308,150,93,101
309,148,94,103
313,148,94,102
313,148,96,101
314,149,93,101
315,150,95,100
317,151,95,98
319,150,95,98
321,150,94,99
322,151,93,98
324,152,94,97
326,149,93,99
328,149,94,99
329,151,94,97
331,150,94,98
333,151,93,97
333,151,96,98
334,155,96,95
337,156,95,94
337,157,95,94
337,157,96,96
339,156,94,100
339,153,96,106
334,161,98,102
329,163,99,104
324,169,101,103
321,179,102,95
320,178,103,97
320,175,100,101
319,176,100,100
315,180,99,98
314,183,99,95
313,186,99,92
311,183,100,95
311,182,101,95
312,180,100,96
310,174,100,101
309,173,101,101
308,170,101,105
306,169,101,106
305,170,101,105
304,171,100,104
302,169,101,107
301,173,99,104
300,174,100,104
300,176,100,103
299,179,100,101
299,182,101,98
299,185,102,97
297,185,102,96
295,184,104,99
294,186,104,97
294,186,104,99
295,184,103,102
293,187,104,100
293,188,104,101
293,187,103,103
292,191,101,101
292,188,100,108
291,184,99,114
290,186,98,111
289,187,98,111
287,191,97,106
285,190,97,106
282,190,98,105
280,190,97,104
277,183,99,111
272,189,99,101
270,182,102,111
266,184,103,106
263,183,103,108
259,186,101,106
256,184,102,110
252,184,102,110
251,187,102,109
248,187,102,111
245,188,103,113
241,188,102,115
235,191,102,115
233,190,103,116
220,194,106,117
210,198,107,117
200,199,108,120
192,203,105,120
192,205,107,118
186,204,99,124
180,207,102,123
175,207,107,125
174,210,110,124
175,210,110,125
170,211,114,126
169,213,115,123
168,214,114,125
167,215,115,124
168,215,114,125
169,216,114,125
169,216,116,124
170,217,116,122
172,216,114,125
172,216,115,123
174,216,114,125
176,215,112,125
178,217,112,126
183,217,111,127
184,217,109,127
187,218,107,127
188,217,106,131
190,219,109,131
191,222,112,129
192,223,113,128
193,225,113,127
194,228,115,126
194,229,118,125
196,225,122,130
196,229,119,127
197,226,121,129
196,226,120,131
201,227,120,130
204,221,123,135
202,222,123,136
206,220,123,135
209,221,125,137
209,216,131,143
208,211,138,148
209,211,140,149
212,210,137,150
213,204,136,156
214,207,135,152
217,210,132,150
219,217,133,143
221,218,131,142
226,217,130,143
226,214,131,145
229,226,131,134
227,225,132,134
229,226,133,134
230,219,132,141
232,224,131,135
235,227,132,133
235,227,130,132
235,226,134,134
236,226,135,134
237,224,134,135
238,226,133,134
240,220,132,140
240,218,132,141
241,216,133,143
242,208,135,151
248,207,132,153
254,209,132,150
261,211,129,148
268,213,127,146
274,214,128,146
276,213,130,147
283,214,131,144
287,211,131,147
292,209,131,149
294,214,132,143
299,216,132,141
301,211,134,146
298,211,137,146
303,212,137,144
308,213,136,143
309,211,139,145
313,214,139,141
317,216,138,140
321,221,137,134
323,220,139,135
326,215,135,140
328,210,133,147
331,212,128,143
334,216,128,140
334,218,128,139
336,210,125,145
342,208,121,148
347,207,118,149
350,204,119,152
351,203,127,151
355,208,131,148
359,213,132,142
360,223,133,130
359,217,136,137
365,225,133,129
364,222,139,132
371,222,135,130
371,221,140,132
373,219,143,132
376,215,142,135
379,214,139,131
378,213,139,130
381,212,139,131
378,211,139,130
383,211,135,128
386,210,131,129
392,211,125,128
394,210,124,128
399,210,120,128
398,212,122,125
402,211,119,127
407,208,114,129
407,210,114,128
411,208,112,129
422,208,101,127
407,207,118,126
421,203,105,129
431,204,96,129
414,202,119,131
421,200,119,133
419,200,124,134
418,201,127,133
419,200,127,135
422,200,128,135
425,200,131,136
428,202,126,133
428,202,127,133
431,201,127,135
435,201,126,134
437,203,127,133
438,205,129,133
439,206,127,133
441,207,128,135
441,206,127,135
442,209,129,134
444,209,128,136
443,208,129,135
444,211,129,136
443,211,130,135
446,211,129,137
447,211,129,139
447,211,130,137
448,212,131,139
447,213,130,139
446,214,133,140
447,215,132,140
448,215,132,140
447,215,135,140
447,214,136,140
448,214,137,141
447,215,139,142
449,214,139,142
447,215,139,142
448,214,140,143
450,214,138,143
450,213,139,145
449,214,139,144
449,214,140,144
449,215,140,144
445,211,142,147
440,209,140,147
437,208,140,147
432,208,140,141
425,208,138,139
418,205,139,138
412,204,136,137
410,204,136,136
401,204,132,135
393,202,129,136
385,204,129,132
374,203,128,129
373,202,128,130
368,202,126,128
366,198,121,130
360,198,120,125
356,198,113,123
353,197,116,122
347,197,115,121
348,199,110,117
349,199,106,117
351,198,103,118
352,198,103,117
352,194,107,119
352,191,109,119
356,188,110,121
361,183,107,123
363,182,106,123
364,180,106,123
365,179,108,122
365,177,109,123
371,176,108,121
379,177,105,114
388,175,102,111
397,174,99,109
402,170,102,115
407,165,102,119
382,162,132,160
358,162,152,181
371,161,142,174
385,154,133,184
411,154,107,105
394,171,135,184
416,155,110,99
403,158,143,190
407,170,144,185
406,188,146,166
415,157,145,195
427,138,142,208
428,138,145,210
432,141,152,212
434,165,156,193
436,183,158,175
436,179,157,181
435,194,160,165
435,196,160,163
437,185,158,174
440,173,128,184
438,168,137,192
433,185,147,174
433,214,156,146
430,192,153,167
428,163,110,104
424,177,150,182
424,164,127,173
424,162,115,154
425,160,108,97
421,170,154,186
422,162,108,165
420,174,139,182
422,159,114,180
420,172,138,180
420,175,146,177
425,181,157,166
424,180,161,164
428,151,147,191
429,169,160,174
430,146,145,197
429,154,150,188
426,128,110,172
427,151,128,190
424,127,119,166
432,149,143,192
424,131,111,161
432,155,150,186
425,149,128,192
431,150,140,189
427,144,113,195
430,154,147,187
429,154,151,186
432,157,140,183
428,185,158,155
429,193,154,147
428,192,153,149
427,192,153,148
426,197,152,144
426,197,152,144
426,198,151,142
423,193,153,149
421,196,151,144
422,199,152,141
421,198,150,140
420,194,148,143
414,181,151,156
408,176,153,163
400,178,153,161
392,179,151,164
393,181,149,163
386,180,152,165
378,183,144,163
370,186,140,161
370,177,113,173
369,181,118,170
366,180,123,170
365,179,126,180
359,178,129,182
341,168,102,185
335,166,111,190
326,169,121,175
328,216,122,144
320,172,128,152
323,177,128,154
322,175,129,156
314,183,158,141
313,184,166,136
285,177,121,134
285,179,123,141
282,178,129,142
282,185,134,128
280,188,148,136
247,182,116,124
244,183,103,116
243,185,112,125
236,190,116,118
231,188,109,118
227,187,98,115
223,187,97,108
222,189,97,117
218,188,96,109
215,187,96,114
210,187,90,118
230,215,160,118
223,213,117,147
225,216,112,143
219,213,124,146
217,223,135,137
213,222,139,137
214,223,137,137
204,206,88,152
205,202,113,158
195,226,111,134
193,186,88,108
189,227,141,132
184,210,132,149
178,179,109,157
172,178,118,173
169,177,118,170
169,175,121,173
168,177,110,168
165,179,116,174
159,177,118,176
156,178,127,176
155,176,126,178
156,182,121,171
156,192,117,164
155,192,120,165
153,188,120,170
154,180,116,175
155,179,116,175
154,188,122,165
154,193,130,158
152,182,117,166
152,183,111,164
153,182,113,166
150,182,119,166
155,183,118,169
158,178,113,170
165,179,119,168
169,178,123,167
171,181,129,169
177,177,125,167
184,163,120,178
190,159,120,177
196,155,116,178
201,146,114,177
202,155,115,164
202,157,121,159
203,169,131,151
213,153,131,156
213,167,143,128
207,156,154,136
194,152,122,124
208,159,143,118
190,176,78,77
192,187,80,60
187,186,85,63
185,185,98,66
179,183,106,73
175,180,95,78
173,162,106,100
178,148,103,120
176,160,97,112
176,158,99,116
174,163,101,115
169,166,103,117
164,172,107,112
163,175,106,109
165,173,107,111
160,173,109,111
158,173,110,111
155,171,113,112
158,170,113,112
159,171,112,111
163,168,108,111
164,165,111,114
165,162,110,116
167,161,111,117
169,160,113,118
171,162,114,119
176,164,111,119
175,162,114,125
178,168,120,122
178,167,125,128
180,167,120,131
186,168,118,138
188,169,121,141
197,173,118,135
202,176,124,137
203,178,122,134
209,176,124,138
217,180,124,138
221,185,128,134
229,184,126,140
232,186,125,138
236,185,125,143
241,187,124,142
247,186,126,144
254,189,127,140
253,190,129,138
256,193,130,134
260,195,133,130
267,193,133,130
272,189,133,131
273,187,134,131
280,172,134,145
283,167,136,148
286,165,136,149
288,163,136,145
292,163,134,145
305,162,124,142
309,163,126,139
314,162,127,137
318,159,127,138
318,159,129,138
321,156,130,139
324,153,131,141
331,154,127,139
331,151,130,141
333,152,129,140
338,149,128,141
338,149,130,143
339,150,130,141
341,148,132,142
342,147,133,143
345,145,134,145
349,146,133,144
350,145,136,145
354,146,136,144
355,148,134,142
357,149,135,141
360,149,137,142
364,148,134,144
371,149,130,143
371,149,130,144
371,150,130,144
372,150,132,144
372,148,133,145
374,151,135,145
373,149,135,146
373,150,136,145
376,152,133,144
374,151,136,146
375,151,137,146
375,151,137,146
376,151,136,146
375,152,137,146
375,154,138,144
375,155,138,145
375,153,137,146
376,154,137,145
375,154,137,146
376,154,136,145
376,153,136,147
376,154,136,146
375,153,135,148
374,152,135,149
374,156,131,146
372,156,130,147
373,155,132,147
375,155,127,147
371,154,127,146
364,152,131,149
362,155,131,147
358,151,133,149
351,150,136,148
355,150,132,149
354,146,135,148
361,144,131,147
364,143,129,148
369,143,131,147
370,143,134,147
372,147,134,145
370,147,141,148
374,150,137,146
371,153,139,147
365,156,144,149
369,161,137,153
364,169,140,152
355,172,138,152
349,175,141,151
342,175,146,152
339,173,144,151
337,172,139,152
339,171,137,152
335,167,138,157
334,170,136,154
332,168,139,157
332,167,139,159
327,166,144,160
327,164,150,164
329,166,152,166
330,170,152,167
330,173,154,166
330,176,158,170
329,182,159,168
330,188,159,169
329,191,161,168
331,196,159,164
325,199,162,161
327,202,159,158
326,205,160,155
323,206,162,153
321,209,164,151
322,212,163,148
322,206,162,153
321,207,163,153
322,207,165,152
320,207,167,152
320,207,169,153
322,205,165,154
319,207,166,152
320,206,168,154
322,204,162,156
319,207,170,153
319,210,164,150
322,204,169,156
323,205,167,155
325,209,167,150
325,215,176,144
326,221,174,139
326,226,184,133
326,233,182,126
329,239,173,120
334,242,174,115
335,254,115,105
337,250,95,109
329,291,82,67
201,181,141,149
336,252,130,107
310,245,141,115
334,249,143,110
335,243,153,117
330,256,128,103
326,258,109,102
328,286,113,73
332,278,133,82
328,292,100,67
337,281,94,78
340,289,100,67
340,269,119,91
336,291,112,66
339,284,133,75
338,280,107,79
334,259,136,100
341,239,154,121
336,246,148,114
336,243,149,117
335,242,151,118
332,240,154,120
331,241,153,119
332,239,147,121
331,241,146,118
330,240,147,119
332,240,131,119
339,239,120,120
320,243,139,116
326,238,133,122
330,239,128,121
312,240,142,119
305,237,143,123
301,235,144,124
295,233,142,126
294,232,144,128
292,230,141,130
294,227,134,132
293,223,129,137
296,221,123,139
294,220,124,139
292,218,125,141
287,217,127,140
284,216,129,140
285,216,127,140
285,216,127,139
288,215,124,138
288,214,125,136
287,210,124,136
287,209,122,135
288,209,122,135
282,207,124,138
282,207,122,137
275,208,124,135
271,207,124,135
270,207,125,136
267,203,124,138
264,204,122,135
263,202,118,133
264,200,115,132
266,196,114,135
262,193,117,137
258,192,117,136
261,193,114,134
260,194,113,132
254,197,118,128
262,192,113,131
259,194,116,128
262,190,114,130
263,188,115,127
272,184,112,128
278,182,108,126
280,181,109,126
287,182,106,125
290,185,104,121
284,185,111,120
293,184,106,122
300,183,108,118
308,180,108,116
313,176,106,115
316,174,102,115
322,174,101,116
322,178,101,114
324,178,101,118
321,183,107,117
325,185,103,113
322,178,105,117
322,179,107,113
320,177,107,114
318,177,107,115
316,178,108,116
314,180,108,119
311,183,109,120
314,187,106,118
314,190,105,118
313,190,105,121
309,194,108,122
305,197,110,124
304,201,110,124
303,203,112,128
304,206,110,133
296,208,115,135
298,212,113,136
297,212,113,142
296,219,113,138
298,222,113,136
295,225,115,134
297,230,115,130
289,234,122,126
287,238,124,122
289,242,125,118
286,246,128,114
287,248,128,110
291,250,125,106
296,258,110,99
294,260,110,99
293,264,107,94
302,273,91,83
298,272,100,85
296,265,120,95
297,260,122,99
310,256,126,102
308,257,130,101
320,247,129,109
323,236,136,123
325,232,132,127
322,230,134,129
316,229,139,130
324,232,134,127
313,235,137,124
311,234,138,125
310,236,138,124
307,240,138,119
309,242,133,117
310,243,132,116
310,243,139,115
308,247,129,112
313,252,101,107
305,254,114,105
289,254,145,105
296,256,135,104
304,260,131,97
300,262,134,98
313,271,105,89
295,264,138,95
311,273,113,86
292,266,131,94
301,264,126,96
308,265,121,94
297,269,112,90
204,130,80,85
296,266,145,93
321,268,117,91
302,264,129,95
306,258,130,102
301,259,134,100
303,261,120,98
291,267,125,92
290,277,123,82
292,280,125,78
292,283,123,76
293,284,118,76
294,278,123,82
296,276,124,83
297,265,126,93
318,258,107,102
305,260,121,98
318,255,114,105
319,254,117,105
311,251,136,108
317,248,138,110
315,245,138,114
308,241,144,118
306,246,141,113
306,244,140,115
307,241,141,118
304,242,138,118
303,243,136,117
304,244,133,115
311,245,127,112
308,244,121,112
308,246,124,111
311,248,121,109
303,247,125,112
295,248,127,111
299,249,122,110
300,247,121,113
298,246,123,114
298,244,123,116
310,240,111,119
303,239,119,121
313,237,109,122
303,236,118,123
304,236,112,123
298,241,116,117
298,240,116,117
298,240,114,117
300,239,108,117
292,239,112,120
298,236,105,120
296,234,109,125
297,232,106,121
298,231,104,119
301,229,104,118
306,228,100,118
310,228,101,120
312,231,99,116
308,228,106,118
313,227,101,114
318,222,95,116
305,217,107,113
312,211,98,110
303,207,104,111
302,206,102,108
299,203,103,107
296,200,103,109
295,196,102,111
297,194,98,112
296,192,100,111
297,188,101,113
305,183,95,114
305,182,99,115
308,182,96,113
306,180,98,114
311,179,95,112
304,178,101,113
311,178,94,110
305,177,99,115
314,178,92,111
305,177,99,111
312,176,92,107
303,174,100,109
315,174,87,106
303,172,98,110
312,173,91,107
302,171,100,109
314,172,87,106
303,171,98,109
312,172,89,104
303,171,99,108
312,171,91,105
306,172,98,109
317,173,89,105
308,172,99,110
318,173,89,104
310,172,98,108
321,173,88,104
312,170,98,107
322,171,88,104
312,169,100,108
325,171,90,105
317,172,98,107
327,173,89,106
318,174,98,110
327,175,91,108
318,177,99,113
324,179,95,112
328,183,95,114
328,191,97,111
331,196,97,110
331,202,97,109
331,207,96,112
329,209,97,115
322,215,101,115
322,221,98,114
321,220,99,115
325,226,96,113
328,226,95,111
335,226,91,112
330,226,99,117
324,227,105,115
333,228,102,117
337,228,100,117
344,229,96,117
343,231,101,120
343,232,100,116
347,234,98,115
347,235,101,118
349,233,101,120
349,236,104,118
348,238,107,116
347,235,111,118
351,231,112,122
357,230,110,120
364,229,108,120
364,227,110,122
368,227,111,121
369,224,116,122
379,219,114,128
383,218,115,127
385,215,112,129
387,212,116,130
386,213,122,130
396,210,117,132
401,208,115,134
402,210,113,132
400,208,118,133
402,208,120,134
404,208,120,132
406,207,120,132
406,207,121,133
407,206,119,133
409,208,118,133
402,206,124,136
399,207,126,136
398,206,127,137
393,207,130,137
391,207,130,138
387,206,131,141
384,204,131,142
384,204,132,141
377,205,132,143
372,206,135,144
369,206,135,143
360,208,138,142
356,208,142,143
350,205,143,145
349,205,141,146
344,199,144,150
342,201,143,146
339,198,146,150
336,198,146,150
334,196,147,152
333,192,149,154
328,189,154,156
328,188,155,156
322,186,161,159
313,181,172,164
326,191,157,152
325,194,157,152
323,195,158,152
328,200,156,149
334,195,152,155
330,193,154,163
326,196,156,163
325,196,157,164
322,204,155,155
318,208,153,151
309,211,153,148
282,216,173,144
272,221,171,139
253,218,176,142
226,208,193,151
222,213,185,147
227,226,165,133
215,227,172,133
210,221,160,139
209,224,153,136
215,221,141,138
216,242,143,118
217,233,116,126
223,241,129,114
217,239,113,116
204,258,123,95
198,263,144,94
211,255,121,98
216,252,131,98
219,258,130,92
221,251,129,108
228,248,119,110
225,248,117,107
225,239,120,120
217,235,126,124
205,222,137,138
204,218,135,141
199,218,138,141
194,217,142,143
194,220,139,139
192,216,138,142
193,218,134,139
194,208,131,142
194,199,130,144
197,196,127,140
197,187,124,143
198,185,122,137
199,178,121,133
200,178,117,129
198,176,119,123
200,173,116,123
203,173,111,118
206,172,110,115
204,174,109,112
204,178,107,112
204,181,105,111
200,183,102,113
192,186,104,111
196,188,98,107
198,185,98,111
201,185,98,109
204,186,98,107
203,186,102,106
205,186,101,105
206,185,99,104
205,183,99,102
204,182,100,103
204,180,103,103
210,181,97,101
211,182,95,100
212,179,96,104
214,179,96,104
213,180,99,102
214,180,96,102
217,178,95,105
219,181,94,103
219,183,96,103
218,183,99,103
218,186,98,102
221,186,97,102
224,186,94,103
228,186,95,103
230,186,94,102
231,187,93,101
233,187,91,101
235,189,92,101
238,189,91,101
239,190,90,100
240,190,90,100
243,190,91,102
247,193,91,101
250,196,90,101
248,198,92,99
250,201,92,99
248,204,92,99
249,205,90,99
247,207,89,99
247,205,90,100
244,209,89,99
240,208,93,101
235,209,94,100
233,209,93,101
233,208,93,102
229,209,94,101
224,208,95,102
221,209,94,101
217,209,96,101
219,207,95,103
214,209,97,101
211,210,97,101
211,210,97,103
213,209,97,103
212,211,98,102
214,209,96,104
213,211,97,103
213,211,96,105
213,212,96,104
212,212,96,104
214,212,93,102
212,209,95,103
214,208,93,101
213,208,95,102
213,208,94,101
210,205,96,102
207,205,93,99
206,205,94,99
203,204,93,99
203,204,93,99
202,203,90,99
199,203,94,99
195,201,90,98
197,198,91,99
197,198,91,99
196,197,90,98
194,197,88,99
193,199,89,98
194,202,85,97
194,202,87,98
194,203,83,96
195,203,84,99
197,203,82,99
200,202,84,97
201,201,85,98
208,200,88,98
219,200,93,100
230,196,93,99
237,191,81,97
239,184,83,94
242,175,87,94
245,165,82,94
243,155,81,88
236,146,84,90
232,140,87,88
229,135,89,90
224,130,85,87
215,121,90,90
209,116,83,92
204,113,89,89
198,110,82,91
194,105,83,89
189,100,86,90
185,95,85,89
181,90,88,87
180,90,80,85
178,90,78,90
179,92,75,87
181,89,72,90
183,85,77,92
187,80,77,92
190,74,79,93
194,69,77,91
197,65,75,92
202,62,73,92
205,58,72,94
209,56,69,92
211,57,68,90
213,56,68,89
212,52,70,91
210,51,73,88
211,48,72,90
211,44,74,91
210,43,74,88
209,41,75,88
209,42,74,88
208,43,74,90
206,46,75,87
206,48,76,86
208,50,73,88
212,54,70,87
213,56,69,88
211,57,70,88
211,60,69,89
208,61,70,90
207,65,69,89
204,68,69,90
205,71,69,88
204,75,67,87
202,77,69,85
201,77,66,81
200,73,71,83
201,69,67,82
202,61,70,82
206,57,68,79
208,55,68,78
210,55,66,77
209,58,67,76
209,61,66,75
208,61,67,75
210,63,66,76
212,64,68,77
215,65,66,78
220,63,66,75
219,63,70,75
225,55,68,74
230,48,69,75
239,40,68,71
245,25,69,76
246,25,69,74
253,10,70,77
260,0,72,79
264,0,70,66
272,0,70,61
276,1,67,58
284,0,71,60
292,0,68,59
302,0,66,63
311,0,66,67
312,0,66,67
318,0,65,69
322,1,65,70
327,0,64,71
331,0,64,70
331,0,65,70
334,0,63,70
337,1,64,69
340,1,64,69
344,1,63,68
344,0,63,68
346,0,64,66
347,0,64,64
349,0,64,61
350,0,63,56
349,0,65,56
352,0,61,51
351,1,63,44
350,1,64,41
349,1,59,37
348,1,56,36
345,0,56,32
343,1,50,30
338,1,53,28
330,1,55,28
329,1,56,29
316,1,62,32
309,1,64,42
295,0,72,49
285,0,72,57
284,0,77,60
272,0,73,71
263,3,69,83
258,14,67,83
253,31,70,77
252,33,69,78
248,41,71,77
244,44,71,77
242,52,71,72
240,58,72,71
240,58,72,72
238,61,71,72
235,63,71,70
231,65,72,71
228,68,73,71
228,68,73,72
225,69,73,74
220,70,73,74
217,73,73,72
212,74,71,72
211,74,72,72
205,74,74,72
199,75,73,71
191,75,75,72
182,76,78,73
173,76,79,74
164,74,78,74
155,73,78,74
147,72,77,74
138,70,77,75
130,69,75,75
126,67,73,75
121,65,70,74
117,62,67,73
113,60,68,72
108,58,70,71
102,56,74,71
99,53,71,72
99,52,70,75
98,53,70,74
95,55,72,74
90,58,74,77
86,66,74,77
83,76,71,74
80,86,72,72
79,91,70,71
73,96,73,70
72,102,71,67
68,104,71,69
63,109,72,67
56,112,74,66
51,113,72,66
46,115,72,65
40,116,74,67
35,119,73,65
31,118,73,65
25,118,73,67
18,118,75,66
12,117,76,67
7,117,75,68
5,117,75,69
2,115,73,71
0,114,71,70
0,114,68,68
0,112,66,73
0,113,62,71
0,115,59,73
0,118,56,73
0,126,53,72
0,128,48,76
0,133,42,74
0,135,36,73
0,137,32,72
0,137,32,73
0,137,30,73
0,136,31,75
1,137,31,76
0,137,34,77
0,136,37,79
0,140,43,76
0,141,45,79
0,143,49,82
0,145,53,84
0,146,59,88
0,147,65,90
0,148,66,87
0,147,70,89
0,147,76,90
0,148,82,92
0,150,87,94
0,151,89,97
0,154,91,97
1,157,92,101
4,164,90,100
6,171,92,97
6,171,93,99
5,175,101,104
4,179,102,105
6,182,102,106
4,183,107,108
4,183,108,107
6,185,111,107
8,187,115,107
10,186,119,108
13,184,121,109
14,184,120,109
20,184,120,110
27,184,122,109
40,183,115,115
47,179,112,123
46,178,115,121
49,172,118,127
51,168,124,131
61,162,121,132
62,162,117,133
65,161,117,134
67,157,117,138
71,157,119,140
79,159,116,138
81,157,117,137
81,157,117,137
86,159,117,133
91,158,114,132
95,153,114,133
101,153,111,132
101,151,113,134
109,152,110,131
114,157,112,123
117,157,108,121
120,161,105,116
121,158,108,116
127,152,109,121
133,152,103,119
135,153,110,116
143,152,106,114
144,149,105,117
151,149,104,116
157,147,107,116
168,146,104,113
175,147,102,111
175,146,102,113
184,146,100,113
191,147,97,114
198,144,96,114
208,142,92,112
208,140,92,114
217,135,89,115
223,134,87,114
227,130,87,115
234,128,83,115
233,128,85,113
237,128,82,111
241,125,79,111
244,125,78,110
245,126,78,109
247,129,75,104
252,122,73,109
257,123,71,106
260,119,76,106
262,124,70,96
269,121,70,99
275,118,78,112
279,119,80,99
281,117,81,92
281,115,88,92
283,115,88,85
284,117,91,89
284,116,90,88
284,118,95,102
294,122,89,101
282,120,100,97
292,117,91,94
307,126,81,100
314,128,75,97
320,129,71,96
321,127,73,95
320,126,76,95
320,126,80,94
320,125,82,94
320,124,84,94
320,124,88,92
320,123,91,93
323,123,91,92
327,122,92,94
330,122,93,94
334,122,92,95
339,121,92,95
342,121,92,95
346,119,92,96
349,117,93,97
353,117,94,96
360,117,92,96
366,114,89,97
370,111,90,97
373,110,92,98
379,109,92,99
382,107,92,98
386,106,93,97
390,106,94,99
393,107,95,99
397,109,98,98
402,112,96,97
405,114,96,96
409,117,94,94
414,117,95,93
419,117,94,95
428,119,93,95
432,121,94,95
435,125,95,93
438,126,95,95
441,129,94,94
442,129,95,95
443,129,93,96
441,130,93,99
437,132,94,100
432,132,95,101
426,132,97,102
422,133,97,103
418,134,98,103
412,135,99,103
412,133,97,105
407,136,96,103
406,138,97,103
405,142,97,98
405,145,98,95
406,143,97,98
406,142,99,98
406,139,100,101
406,138,99,100
407,138,99,101
407,137,99,102
407,137,99,102
408,136,98,101
408,133,99,101
409,134,98,101
409,133,98,100
409,133,98,101
409,134,98,100
409,134,98,101
409,134,98,100
409,133,98,102
408,132,97,101
408,130,97,102
407,126,97,104
407,126,96,102
407,125,97,102
407,124,96,101
407,124,96,100
407,123,97,99
406,122,97,97
406,121,97,97
406,121,96,97
405,120,95,98
404,118,96,98
404,118,96,98
405,118,95,98
406,118,95,97
406,117,95,97
406,115,97,98
406,115,98,97
407,115,97,98
408,114,96,97
409,114,96,97
409,112,97,98
410,112,96,98
409,111,97,98
411,107,95,99
410,107,96,99
411,107,97,98
412,107,97,98
412,107,97,98
411,107,97,99
409,106,97,100
406,108,99,101
404,114,97,98
404,114,96,98
402,119,98,98
398,120,100,100
396,123,97,101
396,129,96,103
396,131,97,101
396,135,98,101
397,137,96,99
398,138,96,99
398,139,96,99
398,140,96,98
399,143,96,98
398,146,96,99
396,151,97,97
396,152,96,97
395,152,94,98
393,154,93,98
391,157,92,97
392,160,90,96
388,158,93,95
384,150,93,94
381,145,92,94
379,142,90,93
375,139,91,95
372,136,90,96
371,135,89,94
370,131,89,92
369,128,90,91
367,123,90,91
365,117,88,91
367,115,88,91
367,112,89,91
365,107,89,93
366,107,89,90
368,106,90,92
372,105,89,91
375,103,89,89
378,100,91,91
383,97,94,89
388,93,93,90
394,90,92,91
399,88,92,92
405,87,93,92
411,89,95,92
415,91,93,92
418,93,95,93
421,96,96,92
427,100,94,92
429,103,95,94
433,105,97,94
437,107,95,93
439,108,96,93
441,108,97,94
444,109,97,95
447,109,97,94
451,112,96,94
452,114,97,93
452,116,98,94
454,119,97,93
454,121,97,93
455,123,98,93
455,126,97,93
455,126,96,93
452,127,98,94
451,130,98,93
450,131,98,95
449,131,98,94
449,130,98,94
449,130,97,95
447,131,98,95
445,133,99,98
447,137,96,97
446,141,97,95
444,146,98,95
444,150,97,94
442,154,99,93
443,155,98,92
442,155,97,93
441,155,96,94
440,155,97,94
438,154,97,93
438,153,97,94
436,147,95,96
435,144,95,94
430,138,95,96
426,135,97,98
427,133,96,99
423,133,97,99
423,135,96,99
421,138,97,98
420,143,96,96
419,145,97,95
420,152,97,95
420,154,97,101
423,160,94,103
425,169,95,101
426,172,95,100
430,180,96,98
432,184,97,101
435,188,96,101
437,190,98,102
438,191,98,102
445,193,97,100
448,194,97,97
447,194,96,97
449,197,96,96
449,199,96,95
446,199,96,95
438,198,97,95
433,199,93,95
428,198,93,93
426,196,93,95
415,193,91,94
407,190,91,93
398,188,87,89
389,181,89,88
385,179,90,88
371,172,89,88
366,169,86,86
357,166,84,87
350,164,83,86
349,163,84,87
343,159,82,85
339,155,82,84
333,150,81,84
329,147,81,83
328,146,82,85
326,142,81,86
321,140,81,85
312,138,82,84
306,138,81,83
305,138,80,84
295,137,81,84
289,138,81,82
284,137,79,82
281,134,78,81
280,132,80,82
279,130,77,81
279,129,80,82
282,127,78,83
284,127,78,82
285,127,76,82
289,128,78,83
293,129,79,83
297,133,80,83
303,136,79,85
304,138,78,85
308,142,79,84
308,144,79,85
308,146,79,84
309,150,80,83
310,156,79,82
311,160,77,82
309,163,77,85
307,171,76,86
301,180,78,86
297,188,78,86
299,193,80,85
301,199,80,83
302,203,78,83
300,204,78,85
299,204,78,85
299,204,79,83
297,204,79,86
296,206,77,86
295,208,80,87
298,213,79,87
298,219,75,84
291,221,77,86
280,223,77,87
272,225,76,89
264,230,78,90
251,232,78,91
240,237,79,91
234,242,78,92
228,248,77,94
223,254,77,95
218,258,78,94
217,263,75,91
219,266,75,90
220,269,78,89
222,268,75,86
218,261,77,88
212,250,77,91
211,243,75,88
217,236,73,87
216,228,72,87
215,221,72,86
222,215,73,82
218,209,71,83
212,204,72,84
212,201,69,85
213,198,66,86
211,197,69,87
205,195,72,84
202,193,71,82
200,190,71,83
197,187,71,84
192,183,72,85
194,182,68,86
194,182,69,85
194,180,69,86
193,180,70,85
194,181,69,84
194,182,68,85
197,181,67,84
198,182,67,83
198,181,69,84
200,179,68,84
201,179,68,83
201,179,67,83
203,180,65,82
202,176,65,84
201,174,67,83
200,174,64,81
198,174,64,83
200,173,62,85
200,174,62,84
200,174,61,85
199,175,61,86
196,174,63,86
194,176,64,84
195,173,64,82
190,172,69,79
180,168,75,75
163,163,90,78
166,162,89,80
149,157,105,74
155,153,99,77
149,151,102,77
147,148,99,74
147,149,99,77
154,148,87,75
153,146,90,79
156,150,85,75
149,146,90,78
148,146,89,77
138,142,94,74
121,139,106,80
118,140,104,81
106,141,108,76
108,141,108,81
103,142,106,81
95,143,112,78
110,148,92,79
100,145,98,83
106,146,89,85
100,143,89,84
98,143,87,81
98,141,82,81
95,135,85,84
86,135,91,84
84,137,83,76
82,137,85,82
82,134,85,80
71,135,88,81
66,136,90,81
66,139,86,77
61,141,90,79
56,142,87,80
52,142,87,80
53,142,84,80
53,140,81,81
54,139,82,80
55,137,80,78
57,136,81,80
56,137,82,79
66,138,82,82
78,142,84,79
93,143,72,77
106,143,80,74
110,143,74,73
126,143,70,74
135,142,73,73
144,137,70,72
153,134,70,73
153,133,75,74
165,131,74,78
176,131,70,74
185,131,70,73
194,132,71,75
194,131,74,76
210,136,70,71
218,135,62,73
217,137,67,71
225,134,66,72
236,135,60,72
237,133,64,76
242,135,63,78
246,141,63,77
248,146,65,74
252,148,66,78
256,148,67,79
260,148,74,78
272,146,75,76
286,140,74,76
301,137,70,73
312,128,78,76
325,119,83,79
338,108,82,92
354,99,79,98
367,96,79,83
380,84,74,105
396,81,70,86
402,79,74,79
412,77,70,86
414,76,75,78
417,76,79,87
432,76,72,82
437,79,77,79
446,82,74,79
446,83,78,82
451,88,71,88
455,98,71,84
456,104,71,86
453,109,73,88
450,115,78,87
451,121,83,77
454,123,77,80
460,124,70,77
449,124,80,81
454,126,70,83
442,129,79,84
436,131,80,82
430,133,80,84
428,135,74,82
421,134,78,78
416,133,76,85
412,132,75,79
412,130,75,82
404,129,77,78
395,128,77,82
385,130,76,85
354,137,91,82
347,148,76,80
318,160,86,83
306,173,79,75
281,182,82,80
270,192,73,83
251,198,78,65
223,200,81,78
203,208,79,78
183,214,86,77
166,221,85,86
151,230,86,89
136,240,89,88
130,245,81,97
128,247,82,94
112,253,95,96
111,262,85,91
104,264,85,88
101,263,85,89
98,262,89,89
95,258,88,88
92,254,88,83
83,246,92,86
74,237,91,90
73,235,93,90
61,225,96,89
58,221,93,88
58,216,92,86
58,213,90,84
57,212,91,85
58,211,87,83
55,210,89,85
55,210,88,88
55,212,84,88
55,213,84,87
56,212,87,86
58,209,89,86
58,205,87,83
56,199,84,83
52,197,88,86
54,193,86,82
56,184,86,81
53,175,88,78
54,165,87,79
53,163,87,78
47,153,83,90
48,149,85,85
48,144,90,83
53,139,83,82
52,136,88,83
53,129,87,86
55,128,87,83
54,127,96,79
54,127,99,73
66,127,86,77
75,128,79,85
74,131,80,87
78,137,79,84
77,142,85,80
77,143,86,80
84,146,89,76
100,148,77,84
99,149,87,75
116,150,75,78
119,148,70,80
120,146,77,73
129,144,72,74
131,142,76,80
141,141,68,85
139,141,71,79
136,141,77,75
139,145,79,75
145,150,81,75
160,153,70,78
150,153,83,76
170,155,67,85
166,157,77,70
185,152,64,91
188,151,69,73
184,149,73,80
200,149,63,73
192,144,73,78
209,141,60,77
203,140,74,75
212,140,68,69
223,135,66,82
231,130,65,73
228,126,75,74
244,128,68,77
257,132,64,88
263,142,65,75
257,149,68,65
255,153,69,67
252,157,70,69
252,161,71,70
256,164,68,66
252,165,73,73
270,163,61,76
261,163,70,68
270,167,65,72
272,173,68,67
272,176,68,63
270,183,67,72
271,191,65,63
268,199,66,70
263,203,67,71
262,210,69,66
261,212,70,63
263,211,69,65
263,209,70,66
267,205,68,71
275,201,63,72
271,199,68,61
271,194,68,63
281,191,61,70
273,191,72,65
288,188,58,71
281,187,65,70
275,186,69,65
287,187,61,70
278,188,70,61
289,189,62,60
283,190,65,73
279,189,67,61
278,193,70,62
282,195,66,60
278,196,67,65
274,194,68,66
275,193,67,61
273,194,68,60
272,195,69,62
271,194,68,63
270,193,70,64
279,194,64,65
274,195,68,63
277,193,67,62
276,193,69,62
276,193,69,63
286,192,62,67
279,191,66,63
286,191,63,53
280,191,68,69
289,190,63,66
281,190,68,59
287,190,66,59
285,190,69,59
292,190,64,57
287,189,67,69
295,188,61,68
288,188,68,64
294,189,67,72
301,188,64,72
303,188,65,66
306,189,68,65
302,189,71,61
310,189,65,71
319,189,62,74
326,191,62,74
330,192,65,72
326,192,70,63
337,194,65,73
343,196,65,71
350,200,61,65
341,202,71,65
350,203,64,70
342,206,68,65
