369,261,48,41
370,261,47,40
366,260,50,42
366,260,49,41
362,260,48,41
357,257,48,43
352,255,47,45
344,251,48,49
345,246,38,52
340,243,35,44
338,238,36,38
294,261,45,43
290,259,51,45
325,205,48,50
325,205,50,47
326,203,51,46
292,261,47,44
291,260,48,44
290,261,49,45
290,260,49,48
347,189,51,49
348,184,52,49
350,183,49,50
352,182,44,51
353,186,42,50
355,190,44,52
356,197,45,50
357,203,47,51
360,210,50,49
360,213,51,52
363,216,52,57
371,227,47,52
377,233,45,49
378,237,48,46
380,238,49,49
379,240,53,50
380,240,52,51
376,242,58,50
375,242,57,52
377,244,56,52
383,242,52,54
383,247,52,49
386,249,51,47
386,252,50,42
388,251,49,45
386,252,51,45
387,252,50,44
385,253,53,44
386,255,51,45
388,254,49,44
391,258,46,42
393,260,47,40
394,259,48,39
393,261,48,39
395,260,47,40
394,261,48,39
394,259,47,41
394,262,47,38
394,259,49,41
394,261,45,38
391,261,47,38
389,260,45,39
388,260,42,40
384,249,45,46
382,234,47,52
385,224,50,53
393,214,49,51
393,201,55,49
401,191,56,52
397,182,66,49
409,171,58,49
409,166,60,49
410,161,59,48
417,158,50,50
418,156,46,46
418,154,45,45
417,151,46,45
415,148,47,45
413,145,50,47
411,144,50,49
407,145,54,48
401,146,57,47
397,149,58,45
398,149,52,47
390,151,55,47
382,154,58,48
376,153,58,47
371,153,54,47
365,153,52,48
356,152,54,51
349,152,54,49
345,154,54,47
342,154,53,51
340,156,54,50
340,158,54,48
344,160,52,48
340,161,56,49
346,162,53,50
351,164,52,48
362,164,45,47
370,166,48,43
375,166,50,45
389,166,52,50
398,168,54,50
414,171,56,53
425,186,66,47
443,193,60,49
471,197,62,47
488,204,65,43
519,203,63,45
541,199,63,45
543,199,67,44
566,195,63,43
567,193,63,44
590,192,49,37
610,189,42,36
610,189,42,36
610,189,42,36
610,189,42,36
610,189,42,36
610,189,42,36
610,189,42,36
610,189,42,36
610,189,42,36
610,189,42,36
610,189,42,36
610,189,42,36
610,189,42,36
610,189,42,36
610,189,42,36
610,189,42,36
610,189,42,36
617,195,40,41
601,199,39,42
576,198,48,44
539,201,56,44
514,197,56,47
484,193,60,49
451,186,65,50
432,182,59,45
408,176,57,41
384,167,57,42
369,161,53,44
355,156,49,42
340,150,51,45
328,143,54,49
324,140,48,47
323,139,45,46
321,137,49,47
323,138,51,48
327,139,54,49
335,139,54,50
349,140,49,48
362,143,49,46
379,147,47,44
400,148,48,43
416,153,53,42
432,155,59,45
449,156,64,43
470,157,67,46
489,157,74,50
512,161,69,49
534,160,68,50
555,160,69,50
577,158,62,52
594,163,46,46
603,166,38,45
614,169,31,41
619,170,34,34
619,170,34,34
619,170,34,34
619,170,34,34
619,170,34,34
619,170,34,34
623,184,31,37
615,192,28,45
607,189,33,53
595,193,42,50
578,200,55,47
555,208,62,47
534,214,67,48
514,217,70,51
494,221,75,53
472,220,77,56
453,226,76,55
437,229,72,51
424,233,63,49
410,236,58,48
396,235,55,49
382,236,55,52
370,237,52,51
359,237,53,52
355,238,49,49
348,241,46,47
342,240,46,49
336,243,50,47
334,239,50,51
333,237,51,51
334,237,53,50
336,236,52,49
341,236,49,45
347,234,47,44
353,234,47,47
363,231,43,45
373,230,45,45
383,230,48,42
391,230,53,42
401,231,56,40
410,231,59,41
425,232,58,41
435,231,61,42
448,230,59,44
460,229,62,48
474,229,58,50
488,227,56,50
499,228,56,46
506,226,60,47
513,225,61,47
515,225,68,48
515,220,75,53
518,219,75,57
521,219,73,55
523,219,67,55
525,225,60,50
523,227,57,46
521,232,52,42
511,234,55,45
505,235,52,45
493,235,56,49
481,235,60,46
473,233,61,45
464,237,59,42
453,234,60,45
451,235,61,45
446,236,57,45
445,235,56,46
434,235,62,47
428,234,58,50
422,234,55,49
420,233,50,49
413,233,48,48
413,231,40,46
409,228,43,42
406,226,46,44
400,221,51,47
398,218,55,50
394,218,57,49
396,217,56,47
399,218,55,47
401,218,55,47
406,216,54,48
414,217,50,48
424,217,43,49
433,219,45,51
437,225,52,48
442,230,57,47
452,235,58,47
459,239,62,46
468,243,62,46
477,246,66,48
485,245,66,52
492,244,66,52
503,245,61,50
513,245,53,44
519,242,52,44
519,240,58,45
519,238,62,47
518,234,64,50
513,233,71,51
513,230,66,51
511,231,65,45
507,233,63,41
504,230,61,42
499,227,56,41
497,226,52,41
495,221,45,43
491,217,40,41
482,215,43,38
476,213,45,38
468,207,49,39
464,204,49,38
461,203,51,41
458,200,52,40
456,201,53,44
454,199,51,45
455,201,48,43
455,200,46,40
458,202,41,39
461,201,38,39
462,199,38,41
465,199,42,41
465,200,46,38
467,200,49,38
467,202,49,40
470,205,52,37
474,205,51,39
475,206,53,41
481,208,53,40
485,209,52,43
491,210,49,45
498,210,44,44
501,212,45,47
505,214,46,46
506,214,51,46
504,212,57,50
503,211,62,52
501,204,67,58
499,202,69,59
498,200,67,58
496,197,65,60
490,195,66,61
486,192,65,61
484,194,61,59
480,190,55,56
476,188,53,58
469,189,54,53
466,189,51,46
458,185,56,45
452,180,55,43
448,175,54,39
444,172,53,38
440,165,54,38
437,159,51,40
436,157,46,37
434,155,44,34
435,154,39,32
433,156,38,33
433,156,33,34
431,156,30,35
426,155,32,34
423,157,32,35
420,159,32,33
412,159,35,32
409,160,34,32
404,159,35,33
398,160,37,34
396,160,34,34
391,162,34,34
386,163,34,33
386,163,34,33
386,163,34,33
386,163,34,33
386,163,34,33
386,163,34,33
386,163,34,33
386,163,34,33
386,163,34,33
386,163,34,33
386,163,34,33
386,163,34,33
365,136,30,36
363,135,33,33
366,134,33,33
369,129,37,39
370,128,39,40
372,125,43,41
370,123,47,41
377,119,48,41
383,113,50,40
391,105,54,43
400,100,58,43
410,96,60,42
424,91,57,43
437,85,56,47
451,79,54,51
458,73,58,61
469,71,62,61
479,75,67,63
492,81,71,62
501,86,72,59
510,87,74,64
518,87,68,65
525,82,63,67
525,77,58,65
521,72,65,65
514,76,69,63
510,76,74,62
504,74,69,64
502,80,64,62
496,82,57,63
484,89,56,55
472,96,56,49
459,105,59,45
448,109,64,47
440,118,55,43
430,122,51,41
426,129,45,36
416,133,41,39
406,135,43,36
396,138,45,34
390,140,46,35
385,140,44,31
381,142,41,32
379,141,36,29
376,140,32,32
374,140,32,30
373,141,34,29
371,136,38,31
373,135,37,31
374,134,37,30
377,132,36,29
382,133,33,30
383,133,35,33
387,135,36,36
391,136,40,41
394,139,47,40
399,145,51,39
408,147,52,38
418,147,51,41
429,143,52,44
442,139,52,47
454,135,52,48
466,129,52,48
475,121,58,51
483,113,69,53
494,100,74,58
505,84,78,65
513,76,78,63
523,70,80,61
533,62,77,68
540,55,75,71
537,52,74,75
538,54,75,75
535,62,79,74
528,67,87,77
523,76,89,75
517,82,84,74
510,84,74,74
497,89,69,72
481,98,67,65
469,106,65,59
453,112,69,56
442,118,64,55
433,124,60,47
427,128,53,44
419,132,46,42
409,135,45,39
399,137,48,35
395,139,46,35
387,140,48,34
383,139,46,35
381,137,43,36
380,137,38,35
378,137,35,36
375,136,37,35
374,136,38,34
373,138,40,33
374,136,39,34
376,136,39,37
378,137,38,36
379,139,37,37
384,140,34,37
390,144,33,35
391,147,35,33
395,149,39,33
398,148,44,37
403,150,48,38
409,148,50,38
416,147,56,43
424,142,56,44
439,138,52,45
448,130,53,50
457,121,55,56
462,110,63,66
468,97,77,75
478,92,80,74
482,83,85,70
491,73,84,72
499,70,84,71
506,63,75,74
510,61,71,75
504,60,74,80
497,61,79,83
492,66,83,84
483,74,86,82
479,85,81,74
476,89,78,71
471,97,72,66
468,96,70,67
464,106,63,62
450,116,61,59
438,126,59,57
426,143,63,49
419,149,59,44
411,150,57,41
407,154,48,36
403,150,44,38
401,148,37,36
397,145,34,37
392,141,35,39
387,140,39,37
382,135,39,36
382,134,40,32
382,132,39,34
381,131,37,33
384,131,32,31
383,133,28,32
381,137,32,31
381,139,35,30
383,142,38,30
385,142,37,32
387,145,40,32
390,146,39,31
397,148,37,36
403,148,37,38
410,148,36,39
415,147,37,41
420,149,42,39
425,148,47,39
432,145,50,41
438,142,58,46
447,138,60,50
454,135,63,52
462,134,63,52
472,131,57,51
481,127,52,51
482,123,55,54
480,118,60,57
477,115,68,61
474,115,74,59
469,117,73,55
462,120,74,56
453,121,74,57
447,124,66,57
433,126,62,57
417,129,64,59
399,135,65,55
384,140,69,54
371,143,67,53
357,147,63,52
345,153,55,45
335,152,46,46
320,149,47,45
308,148,45,45
296,143,44,41
287,136,48,44
278,127,53,49
272,119,51,48
270,108,47,51
262,98,47,53
259,91,49,50
257,85,50,47
261,80,45,45
263,74,44,46
262,73,49,48
265,75,49,48
273,76,49,48
283,80,48,46
293,84,44,44
301,90,48,39
316,97,51,42
331,103,51,41
357,106,45,43
375,108,44,40
392,107,49,43
412,108,55,44
434,107,59,43
458,104,54,41
485,104,46,36
504,105,46,35
522,104,52,36
542,103,60,37
558,99,61,41
577,98,56,42
593,98,47,45
603,98,39,41
610,101,32,39
615,104,28,36
624,105,26,35
626,110,22,34
623,117,19,32
619,124,21,35
613,124,24,36
607,132,31,40
595,138,41,41
580,137,47,50
559,144,61,52
540,151,62,50
514,155,62,49
485,161,66,48
461,164,74,46
438,166,67,46
420,165,59,48
391,163,63,48
369,162,64,48
346,157,68,48
334,152,57,46
315,145,55,47
298,138,58,50
285,131,58,51
277,129,56,48
273,127,51,48
268,125,45,47
265,125,47,50
262,126,49,50
263,128,48,50
264,131,52,53
265,129,53,53
270,130,51,54
272,131,49,52
280,132,55,54
287,133,59,57
298,140,67,51
312,143,61,50
332,146,55,45
354,149,55,46
379,155,52,42
401,154,47,41
418,156,52,41
437,154,56,42
457,155,59,43
478,157,61,39
497,155,66,40
516,152,67,42
532,151,68,41
548,147,66,43
564,144,65,48
577,141,59,51
585,136,52,52
591,135,48,55
594,135,45,56
592,139,46,53
586,142,53,55
580,147,56,54
571,152,64,53
558,155,72,57
545,161,70,53
529,167,64,53
505,172,66,49
481,173,66,45
456,175,64,42
433,170,62,45
409,160,62,46
385,150,57,47
373,140,45,47
346,126,50,47
323,117,52,52
304,105,51,46
284,95,52,46
271,85,46,46
255,82,52,48
246,76,49,49
238,72,48,51
231,72,43,48
223,73,45,50
220,75,46,49
216,81,47,48
215,89,48,46
217,98,45,42
221,108,42,37
225,119,42,42
233,133,37,35
233,133,37,35
233,133,37,35
233,133,37,35
233,133,37,35
233,133,37,35
233,133,37,35
233,133,37,35
233,133,37,35
233,133,37,35
233,133,37,35
233,133,37,35
233,133,37,35
233,133,37,35
233,133,37,35
233,133,37,35
233,133,37,35
233,133,37,35
233,133,37,35
233,133,37,35
233,133,37,35
233,133,37,35
233,133,37,35
233,133,37,35
233,133,37,35
233,133,37,35
233,133,37,35
233,133,37,35
233,133,37,35
233,133,37,35
233,133,37,35
233,133,37,35
233,133,37,35
233,133,37,35
233,133,37,35
233,133,37,35
233,133,37,35
233,133,37,35
233,133,37,35
233,133,37,35
300,53,44,31
284,37,46,40
266,44,50,45
251,50,52,50
243,59,51,46
234,66,55,48
232,75,50,46
233,84,46,40
237,92,41,40
241,99,37,38
249,104,33,37
256,110,31,35
262,115,35,30
271,119,31,27
280,123,28,24
280,123,28,24
280,123,28,24
280,123,28,24
280,123,28,24
280,123,28,24
280,123,28,24
280,123,28,24
280,123,28,24
280,123,28,24
280,123,28,24
280,123,28,24
280,123,28,24
280,123,28,24
280,123,28,24
280,123,28,24
280,123,28,24
280,123,28,24
280,123,28,24
280,123,28,24
280,123,28,24
280,123,28,24
280,123,28,24
280,123,28,24
280,123,28,24
280,123,28,24
280,123,28,24
280,123,28,24
280,123,28,24
335,100,28,29
335,97,28,34
314,87,37,36
297,80,41,43
281,79,45,42
270,77,46,42
262,76,46,43
256,79,47,42
252,78,47,43
251,81,46,45
251,85,43,46
255,91,40,42
260,95,36,44
266,100,33,40
273,106,32,34
280,112,31,30
288,115,30,27
288,115,30,27
288,115,30,27
288,115,30,27
288,115,30,27
288,115,30,27
288,115,30,27
288,115,30,27
288,115,30,27
288,115,30,27
288,115,30,27
288,115,30,27
288,115,30,27
288,115,30,27
288,115,30,27
288,115,30,27
288,115,30,27
288,115,30,27
288,115,30,27
288,115,30,27
288,115,30,27
288,115,30,27
288,115,30,27
288,115,30,27
288,115,30,27
288,115,30,27
288,115,30,27
288,115,30,27
288,115,30,27
288,115,30,27
288,115,30,27
288,115,30,27
288,115,30,27
288,115,30,27
288,115,30,27
288,115,30,27
354,105,25,31
360,96,31,39
357,93,36,45
356,93,40,45
356,95,44,47
357,98,44,44
360,100,38,43
364,102,36,41
366,102,36,40
367,100,37,37
368,97,36,34
369,95,34,31
372,91,30,31
371,87,32,33
370,86,34,31
369,85,37,28
371,83,34,29
372,82,32,29
374,82,28,28
372,84,32,27
371,85,34,29
371,85,34,31
372,89,33,30
374,92,29,27
374,93,32,27
372,94,35,29
372,96,35,28
375,96,33,27
376,94,31,29
380,94,29,31
378,93,34,32
378,94,37,32
380,95,37,32
384,95,33,33
388,96,34,35
388,96,40,38
390,97,45,37
392,98,45,38
399,101,42,39
407,102,38,40
408,105,45,40
410,106,50,41
412,108,51,47
420,112,44,49
426,115,42,50
425,121,48,49
422,124,54,52
420,125,55,54
424,131,48,51
426,137,43,50
420,140,49,50
415,142,51,52
408,145,52,49
404,149,48,47
405,152,44,46
400,155,44,44
400,155,43,42
392,157,47,42
390,159,49,39
382,160,49,37
378,158,47,39
373,159,44,34
371,159,37,34
364,155,39,36
356,154,43,34
352,152,43,38
350,153,41,39
347,153,35,36
346,152,32,34
344,150,35,36
343,149,35,33
341,144,37,35
341,141,38,34
343,136,37,34
348,131,33,36
353,129,31,36
357,127,34,35
358,126,39,33
362,123,39,32
367,122,41,32
371,119,44,35
377,115,44,37
385,112,43,38
393,107,43,41
403,103,45,42
410,96,48,44
417,90,50,45
422,84,54,47
426,74,60,52
435,72,62,49
441,63,59,54
448,59,58,56
459,56,55,55
461,54,57,57
462,54,63,58
461,55,64,57
458,56,67,61
452,61,69,59
446,64,70,61
436,72,66,61
428,77,58,62
417,84,55,65
407,97,52,60
392,111,54,55
373,119,57,53
356,127,58,50
342,132,59,52
329,138,58,49
316,141,57,47
306,143,50,43
301,142,44,40
300,138,45,45
302,132,44,45
305,125,40,46
309,120,36,40
309,120,36,40
318,96,44,45
337,85,55,43
350,75,53,55
362,60,55,47
378,49,57,46
393,42,56,44
411,37,56,45
425,34,57,45
441,33,57,47
456,35,54,44
469,39,56,39
486,42,51,36
498,43,52,38
508,44,55,42
518,45,58,47
530,47,58,50
537,51,56,51
544,56,59,51
546,60,59,50
551,66,57,49
552,73,57,48
548,76,58,53
541,82,63,54
531,85,65,52
519,88,66,51
502,87,70,52
487,88,66,48
469,86,63,48
447,82,66,52
428,80,65,52
409,75,64,55
389,71,63,54
369,65,62,55
355,64,59,54
341,60,58,51
330,59,55,54
317,58,55,48
309,56,51,53
304,57,48,53
299,60,50,52
301,61,46,50
302,64,47,43
308,64,43,42
313,66,46,42
322,65,45,44
332,67,45,45
340,69,48,46
355,78,44,39
368,84,44,38
381,92,44,37
393,98,47,37
409,105,47,36
423,110,50,37
437,113,51,37
452,117,52,38
467,121,50,35
481,121,50,37
494,123,52,37
505,122,53,40
515,120,55,45
523,120,56,44
523,119,57,45
530,120,53,42
530,121,57,44
535,119,56,45
539,121,53,41
539,121,53,42
537,119,54,46
533,120,56,45
527,121,53,44
517,120,54,45
506,121,56,44
491,123,58,42
478,122,51,41
463,123,53,40
446,124,53,43
428,123,55,41
410,123,55,40
393,123,49,39
377,125,46,39
360,126,48,37
346,126,43,35
331,128,42,34
317,127,41,32
306,128,41,33
294,128,41,32
283,128,41,35
276,130,39,33
270,130,39,33
267,131,38,35
266,132,38,34
266,130,38,34
267,129,38,32
268,130,38,31
270,130,37,34
273,132,40,33
279,133,38,33
287,135,39,33
295,138,41,32
307,140,39,31
319,142,39,32
333,144,37,32
348,144,38,33
364,144,40,33
378,148,44,36
393,149,47,37
409,149,51,40
426,148,52,43
442,146,57,46
460,146,56,49
475,146,57,48
488,149,59,50
500,148,63,53
510,151,65,54
517,151,65,59
521,154,67,61
526,161,67,61
528,170,65,57
529,185,61,52
522,192,63,52
513,199,66,54
503,209,67,51
493,215,66,49
480,221,66,45
465,224,66,44
451,226,62,43
437,231,59,41
422,238,57,44
411,247,53,43
395,257,52,44
385,261,49,42
376,259,49,41
371,261,47,39
367,259,48,44
368,259,42,39
369,260,38,38
366,259,35,38
364,259,36,37
362,260,37,37
362,260,38,37
360,259,40,37
361,259,38,38
361,259,38,37
361,260,37,37
361,259,38,37
362,259,36,37
362,260,37,36
362,260,36,36
362,260,37,36
361,259,39,37
362,260,35,38
362,259,37,36
362,260,39,37
360,259,39,37
361,260,40,38
361,259,37,37
361,260,39,37
361,259,39,38
360,259,41,38
362,261,37,37
362,261,36,35
361,260,38,36
361,260,39,37
360,260,40,37
362,259,35,37
362,260,39,36
362,260,36,36
362,260,34,37
362,260,37,36
362,259,35,36
361,259,41,37
361,260,38,36
361,259,38,38
362,259,35,37
364,260,36,37
363,262,37,35
302,227,36,42
312,229,37,45
318,235,42,44
326,243,39,41
330,245,41,49
332,253,46,50
334,254,47,50
336,253,48,53
334,253,48,52
333,252,49,51
331,252,51,54
329,251,54,53
328,251,54,53
326,250,57,55
326,250,54,54
323,250,57,55
321,249,57,54
322,248,53,57
322,249,52,55
322,248,52,56
323,248,48,56
325,248,46,56
326,250,45,54
327,252,42,46
328,257,43,45
327,260,46,42
327,260,41,42
325,262,36,42
324,262,37,41
324,261,37,42
323,260,37,41
364,260,32,39
366,260,28,38
367,265,28,34
329,265,30,34
325,263,35,38
323,264,37,38
324,261,36,42
323,262,37,44
322,260,37,43
322,260,37,43
324,263,43,40
322,262,48,42
322,261,53,40
321,261,51,43
322,260,49,42
322,260,51,44
323,260,49,43
322,261,49,43
322,261,52,42
320,260,52,43
323,261,50,43
322,260,51,43
322,261,49,44
321,260,48,44
322,262,52,43
321,261,51,43
322,260,51,44
323,260,47,44
322,261,50,43
322,261,49,43
323,261,49,43
322,261,51,41
322,263,49,42
323,262,49,40
322,262,51,42
322,261,49,43
322,260,52,42
322,260,49,43
322,260,50,44
322,261,48,42
322,262,50,41
321,261,49,44
322,261,48,42
323,260,48,43
322,260,50,44
323,261,47,44
322,260,48,41
373,252,41,37
375,251,41,36
377,250,41,37
380,249,43,38
383,247,43,40
385,247,45,39
387,246,46,40
388,243,48,40
391,243,49,39
395,241,48,39
399,240,47,41
401,237,48,41
404,238,47,40
405,236,48,39
408,236,47,39
409,234,47,40
411,232,46,38
413,230,46,38
414,227,45,38
414,223,47,39
415,218,45,39
415,216,43,38
417,215,39,34
413,213,44,36
411,209,44,38
410,207,42,37
408,204,42,38
405,202,42,36
402,201,41,35
400,202,40,36
397,200,40,36
394,197,40,36
388,195,41,36
384,192,41,34
378,190,42,35
376,190,39,36
369,191,42,35
367,194,38,35
362,194,38,36
357,196,38,35
350,196,41,38
347,198,41,39
343,199,41,39
339,200,40,38
334,200,41,40
334,207,38,37
329,210,38,38
327,219,39,38
325,224,38,38
324,228,36,39
323,226,39,42
322,225,43,46
322,225,45,52
321,231,48,59
322,229,48,67
323,229,47,72
326,234,48,70
330,233,48,70
328,229,54,74
329,226,56,77
330,219,58,69
335,222,55,72
338,212,56,58
338,213,60,52
338,213,62,47
341,211,62,48
345,213,55,49
345,211,56,47
343,208,57,45
343,205,55,42
344,203,52,40
346,203,47,39
348,202,43,41
347,200,41,45
345,200,39,45
344,201,36,47
344,207,34,42
340,209,38,43
336,212,41,43
330,217,46,40
325,222,48,41
322,222,49,41
321,224,49,40
319,224,48,41
317,225,49,40
317,225,48,39
318,225,48,39
319,226,46,38
317,225,49,39
319,225,49,40
319,224,50,41
320,223,50,42
320,224,50,41
319,224,50,42
319,225,50,39
318,225,51,42
319,225,49,40
319,225,50,39
319,226,50,38
318,225,49,40
318,226,51,38
318,225,51,39
319,224,51,41
319,224,51,39
321,222,50,42
321,221,53,43
322,219,52,44
326,216,52,44
330,214,51,44
334,212,47,41
334,211,52,41
338,210,51,39
341,210,51,40
344,209,49,44
347,212,49,47
346,220,52,46
348,226,51,42
349,229,52,39
354,232,49,38
356,230,48,41
358,229,48,42
360,226,46,41
359,223,46,40
358,220,47,39
358,217,46,38
358,213,44,36
357,211,45,36
358,209,41,38
354,209,43,39
349,210,46,41
350,211,42,41
351,213,39,41
350,217,36,38
348,219,37,37
346,220,34,36
344,218,34,41
341,215,34,43
336,215,36,40
334,216,34,37
332,216,35,37
330,219,35,36
326,223,35,36
324,226,35,37
322,225,34,36
320,225,37,37
317,225,37,36
316,226,38,36
315,227,37,33
315,228,37,34
314,228,37,32
314,228,37,34
314,226,37,35
314,222,39,39
315,215,42,44
315,209,43,46
317,205,41,48
316,202,43,48
319,203,43,44
321,206,43,40
320,207,47,41
320,212,49,41
322,220,47,41
324,220,47,45
325,224,51,41
327,225,48,43
328,226,49,42
332,227,49,42
332,226,46,42
331,227,47,37
333,227,45,40
331,226,47,42
332,226,47,43
330,227,48,42
331,227,46,39
333,227,45,40
331,227,46,40
334,227,45,38
331,227,47,40
332,226,46,41
333,226,45,44
332,226,47,40
332,228,46,39
333,226,44,41
334,227,45,41
333,227,45,40
332,227,45,40
330,227,47,40
332,228,47,39
331,226,47,42
332,226,46,41
333,227,46,41
332,227,45,40
334,227,45,40
331,227,45,42
333,226,47,42
331,226,46,42
331,227,48,40
332,226,46,42
333,227,45,41
331,227,46,41
332,227,46,41
332,227,46,40
331,227,46,39
332,227,48,39
332,228,47,38
332,227,46,42
332,227,46,40
332,227,46,42
332,227,46,40
332,227,46,41
332,226,46,41
331,227,45,40
330,226,49,43
332,227,46,39
331,227,46,39
332,227,46,40
332,227,46,41
330,227,48,40
331,227,47,41
331,227,46,41
333,226,45,42
332,227,47,41
332,227,46,40
333,227,46,43
332,227,45,41
331,226,47,40
332,226,46,42
333,226,45,41
333,227,46,39
330,227,46,39
332,226,46,42
332,227,45,40
331,227,47,39
332,227,48,39
331,227,45,40
333,227,46,40
331,226,46,43
331,226,47,42
331,227,49,40
331,227,48,42
330,227,48,40
330,226,47,42
331,226,46,43
330,226,48,39
331,225,46,42
332,224,47,41
333,224,48,42
332,222,47,40
334,222,47,41
335,219,47,39
334,216,46,40
338,212,47,42
340,207,47,42
341,205,45,41
344,202,45,42
346,199,45,39
349,197,44,41
352,196,44,40
354,196,44,41
357,194,42,40
359,194,42,40
362,193,41,40
365,194,41,40
367,194,41,40
371,197,40,39
373,200,38,39
377,201,36,39
381,204,33,39
382,205,34,38
385,205,34,37
388,206,34,38
390,205,32,36
391,205,34,36
392,204,35,35
392,204,36,39
392,204,35,39
392,207,36,40
390,210,38,37
391,211,35,37
389,213,36,36
384,212,39,39
381,213,40,38
377,213,41,40
373,215,42,40
370,217,42,39
367,217,42,39
361,216,44,36
355,212,46,37
348,209,48,37
348,206,46,36
344,208,44,36
344,208,42,38
339,209,45,40
339,210,43,42
333,212,45,42
331,219,43,41
326,225,43,37
321,229,44,35
316,233,44,35
315,238,42,31
315,238,42,31
315,238,42,31
315,238,42,31
315,238,42,31
315,238,42,31
315,238,42,31
315,238,42,31
315,238,42,31
315,238,42,31
315,238,42,31
315,238,42,31
315,238,42,31
315,238,42,31
315,238,42,31
315,238,42,31
315,238,42,31
297,256,42,36
297,256,41,37
297,256,41,37
297,256,41,37
297,256,41,37
297,256,41,37
297,256,41,37
297,256,43,37
297,256,43,37
297,256,43,37
297,256,43,37
297,256,43,37
297,256,43,37
297,256,43,37
298,255,42,41
298,255,42,41
298,255,42,41
298,256,42,42
298,256,43,46
297,256,49,45
297,256,52,47
298,258,71,47
293,257,76,49
291,257,76,48
293,259,79,46
291,257,77,49
293,257,78,49
291,258,78,47
292,259,78,46
291,258,79,48
292,258,78,47
292,257,77,48
293,258,77,47
290,258,80,48
294,258,76,47
292,258,77,45
292,258,79,47
290,258,81,50
293,258,76,46
290,257,79,50
292,258,79,46
290,257,78,49
292,259,79,46
291,256,78,52
293,258,80,48
291,260,82,46
292,258,77,47
294,258,76,46
291,258,78,47
292,258,79,47
293,257,79,49
294,259,75,48
299,257,72,48
301,258,73,47
306,258,69,48
312,258,65,44
315,261,60,44
319,258,56,46
324,259,54,46
333,259,43,46
334,259,40,45
336,260,41,46
335,259,49,46
333,260,59,44
335,260,65,46
334,262,71,45
334,263,76,44
330,263,81,44
331,262,80,45
330,263,83,45
331,264,84,43
331,264,89,41
332,263,91,43
330,263,91,44
331,264,88,42
332,264,87,43
333,264,85,42
331,263,87,43
331,263,90,44
330,262,89,43
329,261,92,44
329,260,95,43
324,259,107,44
321,255,110,49
320,254,113,49
350,240,98,56
348,242,89,48
369,240,77,48
367,236,73,50
373,236,55,48
380,236,47,45
381,234,50,46
378,233,56,50
377,232,59,51
376,232,60,49
379,232,59,49
382,232,54,47
383,231,54,46
386,230,51,48
387,230,49,46
391,230,46,45
394,230,42,43
392,226,45,44
392,227,49,41
392,224,52,41
395,221,52,41
394,216,53,43
397,211,51,44
400,207,52,44
401,205,47,41
405,201,43,41
408,198,39,39
409,193,40,40
407,191,40,39
404,189,45,37
401,185,48,38
398,182,50,39
397,180,52,38
396,179,50,36
397,176,46,36
397,177,40,33
398,176,37,34
396,176,36,34
391,177,40,40
387,179,43,36
385,177,45,37
382,177,47,37
382,173,45,38
381,171,45,39
381,171,46,40
382,168,42,42
383,169,40,38
385,166,33,39
383,165,38,42
380,163,42,43
378,161,45,41
378,161,47,43
376,160,49,41
379,161,48,41
379,162,50,39
379,162,49,40
380,163,46,39
383,161,41,36
385,157,35,34
387,152,36,36
384,147,40,36
383,141,43,36
382,135,44,38
381,133,46,34
381,130,45,34
380,127,43,34
380,125,41,32
380,121,39,32
381,119,35,31
380,116,32,31
376,112,34,33
370,108,38,34
367,105,39,36
362,104,42,36
360,107,42,34
357,107,43,36
355,109,42,38
352,111,42,38
352,115,38,35
352,116,35,35
352,119,32,34
350,121,30,33
349,123,32,35
347,126,34,34
345,129,38,35
343,133,40,34
345,139,38,33
345,144,38,33
345,151,38,32
345,156,36,32
349,162,33,33
350,170,29,30
350,177,28,30
350,182,30,31
349,188,32,24
352,195,29,18
352,195,29,18
352,195,29,18
352,195,29,18
352,195,29,18
352,195,29,18
352,195,29,18
352,195,29,18
352,195,29,18
352,195,29,18
352,195,29,18
352,195,29,18
352,195,29,18
352,195,29,18
352,195,29,18
352,195,29,18
352,195,29,18
352,195,29,18
352,195,29,18
352,195,29,18
352,195,29,18
352,195,29,18
352,195,29,18
352,195,29,18
352,195,29,18
352,195,29,18
352,195,29,18
352,195,29,18
352,195,29,18
352,195,29,18
352,195,29,18
352,195,29,18
352,195,29,18
352,195,29,18
352,195,29,18
352,195,29,18
352,195,29,18
352,195,29,18
352,195,29,18
366,199,31,15
367,196,34,17
370,192,33,21
370,186,37,28
371,181,40,31
372,176,41,34
375,172,40,32
376,169,41,31
380,166,38,31
382,162,40,31
382,160,42,32
383,157,44,35
384,154,43,34
385,152,42,34
386,152,39,32
386,149,40,33
385,147,41,32
383,143,41,35
380,139,43,37
377,138,43,36
374,135,44,38
371,133,46,39
368,133,44,35
366,134,43,34
362,133,43,36
359,134,43,38
353,136,46,39
348,139,48,39
345,143,48,40
343,146,46,41
339,151,47,37
339,156,45,35
336,157,49,40
338,162,46,40
336,163,49,42
338,164,47,40
341,168,47,41
344,170,45,39
347,170,48,38
351,170,47,39
357,166,46,42
362,164,48,39
367,161,48,39
374,159,46,38
382,157,44,35
388,154,43,35
394,151,42,37
399,149,42,38
406,150,38,36
410,147,38,38
413,146,37,39
417,147,36,36
416,146,39,38
418,145,36,36
416,145,37,37
415,142,36,38
413,141,34,40
408,140,36,42
404,141,37,41
402,142,34,38
398,144,34,36
391,144,34,37
386,144,34,39
381,144,33,39
378,145,30,38
372,146,32,39
368,148,32,38
364,150,32,38
360,154,33,36
358,156,32,35
355,159,33,34
355,162,31,36
352,165,34,36
350,169,34,35
351,173,33,34
352,178,32,34
353,182,32,31
353,185,35,28
356,186,34,26
359,187,33,26
363,188,32,26
367,190,30,26
370,191,30,30
371,192,31,33
375,193,30,32
377,194,30,33
377,196,33,35
381,196,31,36
383,196,32,34
383,194,35,34
384,188,35,36
386,184,36,36
386,178,37,39
386,171,40,41
386,166,41,42
384,162,43,44
383,158,45,44
382,155,45,46
380,154,46,45
377,153,49,49
375,154,50,49
373,157,50,48
370,158,52,47
369,156,52,46
368,157,50,43
367,158,49,42
367,156,52,45
364,156,51,44
364,156,52,44
363,160,50,42
363,159,48,39
362,163,49,38
363,170,45,37
363,171,45,36
361,175,46,36
361,176,46,37
361,184,46,36
359,190,47,38
359,196,45,39
360,203,43,35
359,206,42,33
358,206,40,32
357,205,41,33
358,205,41,34
357,205,41,33
358,206,40,32
358,205,40,34
359,206,40,33
358,206,41,33
358,205,42,34
358,206,40,33
358,205,39,34
358,205,41,33
358,206,41,32
358,206,42,33
359,206,40,33
358,206,42,33
359,205,41,34
358,206,41,33
359,206,40,33
358,205,42,33
358,206,41,33
358,205,42,34
358,206,43,34
358,205,42,33
359,206,41,33
358,206,42,32
358,206,42,34
358,206,42,32
359,206,41,33
359,205,40,33
358,206,41,33
358,206,42,33
358,204,43,33
359,203,43,34
359,201,46,34
361,198,45,37
363,196,45,37
365,196,45,35
368,194,44,34
370,191,43,34
374,189,42,34
375,187,42,34
376,182,42,35
380,181,40,36
383,179,39,36
385,178,37,37
386,177,38,38
388,177,37,35
390,177,35,35
391,175,34,34
391,175,33,36
390,174,34,38
389,174,35,38
388,173,35,39
387,174,34,37
385,173,35,37
383,169,34,37
379,165,36,36
377,159,35,40
372,156,37,40
370,151,36,40
364,151,39,39
359,149,41,39
356,148,42,38
353,145,41,37
350,143,42,39
349,141,39,39
346,138,41,39
346,135,40,40
343,134,43,37
343,132,42,37
342,130,42,36
343,129,43,39
343,124,41,41
344,125,43,40
347,125,42,39
348,124,41,39
349,124,42,37
352,125,42,37
355,125,41,35
356,124,43,38
359,124,42,39
362,123,44,39
365,122,43,39
368,121,42,36
371,121,42,36
375,120,41,37
377,118,41,38
379,119,40,39
378,118,42,41
381,120,41,41
382,117,38,45
382,117,37,43
379,115,38,42
376,113,39,44
373,109,39,45
367,109,42,46
361,109,43,45
357,110,43,47
352,113,43,42
348,118,40,40
340,122,42,39
335,129,41,38
331,130,41,37
328,131,40,35
326,131,39,32
325,131,38,30
324,130,39,33
324,128,41,31
324,126,42,32
327,124,41,32
331,123,40,32
334,122,42,35
338,121,42,33
338,121,43,33
343,119,43,32
344,119,43,33
350,118,41,32
356,118,42,32
360,115,46,35
365,113,46,36
371,109,46,36
376,102,49,40
382,93,49,43
385,85,50,43
389,79,50,44
393,68,45,49
394,60,48,53
395,52,48,53
393,45,44,52
390,40,44,53
387,38,41,55
381,39,43,52
376,42,42,51
370,45,41,53
365,52,38,49
360,57,37,45
354,56,39,43
349,57,38,41
344,58,38,41
339,61,40,41
334,69,41,39
331,79,39,41
330,94,39,39
330,102,41,41
336,101,43,40
345,102,43,41
357,106,43,41
367,114,43,46
376,126,45,43
385,134,50,39
397,130,47,40
407,122,50,44
414,113,55,45
424,109,54,45
434,106,52,41
437,98,53,40
440,96,58,46
438,87,64,55
437,78,63,55
432,71,60,55
420,63,61,57
406,59,65,55
396,57,62,58
382,57,59,62
365,60,61,61
352,66,58,59
342,73,61,55
333,78,59,49
327,82,53,49
323,86,48,46
319,90,50,45
315,95,48,42
315,101,47,38
315,105,46,38
317,106,45,40
321,107,45,39
325,106,44,40
330,109,45,38
338,113,41,37
345,115,39,37
353,118,37,36
360,122,39,34
369,120,42,35
379,120,40,37
388,121,38,37
398,119,38,33
406,112,42,39
417,106,42,43
426,98,43,46
429,87,48,49
437,77,48,51
439,67,53,54
442,62,53,53
444,65,58,58
443,71,63,60
446,82,63,65
446,104,63,67
439,115,65,55
432,117,63,61
422,128,62,58
411,135,63,67
401,149,63,57
390,157,63,52
382,153,60,53
375,157,56,50
370,163,51,47
362,166,50,45
358,168,47,43
354,169,41,35
349,166,43,34
349,161,38,33
348,156,38,35
345,150,40,39
344,143,40,41
344,141,40,37
345,140,36,36
345,135,37,34
346,134,39,31
346,130,40,33
346,126,43,36
347,122,44,37
349,122,43,36
351,119,42,36
353,119,39,31
355,112,42,34
357,105,43,38
357,100,46,42
358,95,48,45
362,90,45,50
364,89,45,50
369,87,42,53
371,86,41,54
370,85,46,56
370,84,49,60
369,84,52,62
369,87,54,61
368,85,54,63
370,90,53,61
369,90,54,59
368,95,53,54
368,99,52,53
367,105,51,52
367,113,50,50
363,119,52,50
361,125,50,48
361,131,46,43
358,137,45,38
356,143,42,34
352,146,41,32
350,149,42,32
347,152,39,34
343,156,39,32
340,158,38,31
338,163,34,29
335,166,33,28
332,168,32,28
329,170,32,28
325,171,33,28
324,174,31,27
321,174,32,28
319,178,31,28
316,180,33,29
317,181,30,30
317,181,29,30
317,182,28,29
319,181,27,30
322,179,25,31
323,179,28,29
327,176,27,30
327,171,28,31
332,166,29,31
334,160,29,32
337,154,32,33
341,148,31,35
343,145,32,33
345,142,34,31
349,139,33,31
351,135,33,30
353,131,33,30
354,127,32,31
354,125,33,29
353,121,32,29
352,119,32,28
352,118,31,25
350,113,30,26
348,111,30,26
344,110,31,26
342,108,30,26
339,107,31,25
336,104,30,26
333,103,28,24
329,103,28,23
327,101,26,22
323,100,26,23
321,98,25,24
317,96,26,26
316,95,24,25
315,94,24,26
314,94,26,27
315,93,25,28
317,92,25,28
321,92,26,29
325,92,27,29
330,91,28,30
337,90,29,31
343,90,33,32
350,90,37,33
360,90,39,32
370,93,37,30
381,94,37,29
391,95,38,30
401,96,39,31
412,98,36,30
421,100,36,29
429,99,36,31
436,100,34,29
443,99,33,32
447,100,34,33
449,100,33,32
450,101,32,31
448,101,33,31
447,103,31,29
443,103,29,32
437,105,30,31
431,107,30,31
422,110,30,31
414,114,29,29
403,118,30,26
393,121,28,26
383,122,28,26
371,124,28,25
358,125,29,25
348,124,28,24
335,122,28,25
326,116,28,27
316,109,31,29
310,103,29,31
305,97,30,32
300,95,30,30
299,92,29,31
297,91,31,30
298,91,30,33
299,92,32,32
304,93,30,34
309,97,33,32
316,101,35,30
324,103,36,29
334,104,37,29
344,104,37,28
354,103,36,27
364,103,39,27
373,102,37,27
382,101,36,26
388,99,36,26
395,96,35,28
397,95,37,30
398,95,38,31
400,95,38,31
399,94,38,31
398,95,40,32
398,98,37,30
395,101,34,30
388,103,37,30
381,108,36,29
374,112,34,28
364,115,33,30
353,120,35,30
341,124,36,28
329,127,36,28
318,128,35,28
307,128,36,29
295,125,36,31
286,122,34,32
278,118,33,30
271,115,35,31
266,108,33,34
262,105,33,34
258,100,36,35
257,96,36,34
258,93,33,35
260,89,36,34
261,86,36,35
265,83,35,35
272,82,36,34
278,81,36,35
285,82,37,33
296,82,33,34
306,80,35,33
317,77,34,34
327,74,37,37
337,70,38,38
347,65,42,42
357,61,45,43
367,58,48,43
376,56,49,44
383,54,51,45
392,53,50,47
399,52,51,48
406,54,49,47
408,54,51,51
410,56,51,53
409,61,51,55
407,67,52,51
403,75,51,51
399,83,53,51
394,92,53,49
386,98,56,51
378,104,58,52
371,113,57,49
362,121,57,50
356,128,57,49
345,137,58,47
337,148,58,46
330,156,56,47
325,165,55,50
318,172,55,46
313,179,55,44
308,185,58,44
306,190,57,47
306,194,53,48
307,197,53,52
308,202,55,50
312,206,55,48
318,211,54,48
322,214,54,47
332,216,51,42
339,218,53,46
348,225,47,47
351,228,53,53
358,228,55,60
365,235,51,59
370,238,52,65
376,241,49,64
381,252,46,56
383,255,51,53
387,256,47,49
392,258,43,50
390,258,45,46
388,257,47,46
384,254,50,50
382,252,51,47
378,251,54,49
373,250,57,52
369,250,54,52
365,252,55,48
360,252,57,48
358,252,56,47
355,249,60,51
355,245,58,54
356,245,55,49
355,241,57,54
355,239,59,53
352,234,62,52
357,229,59,48
355,222,59,45
358,213,58,47
357,207,59,47
358,203,59,43
356,199,57,44
358,194,56,42
359,192,52,44
357,194,52,40
359,195,51,41
356,197,53,42
353,197,55,46
352,200,55,48
355,206,49,47
354,210,47,47
355,218,44,45
353,222,43,46
352,226,44,46
350,228,44,48
349,229,42,46
346,228,44,51
348,229,46,54
344,230,52,59
343,231,56,61
347,233,54,59
348,232,54,59
349,233,55,59
349,235,64,54
352,235,63,56
354,234,60,54
356,233,59,48
359,232,59,44
363,232,54,45
366,230,54,49
365,226,57,50
363,223,60,49
363,220,61,48
361,221,57,45
361,223,56,44
358,222,57,44
356,222,56,44
354,223,57,44
350,220,57,49
347,219,56,51
345,221,52,48
342,222,50,45
338,222,51,43
335,222,50,42
332,220,50,45
330,222,50,44
326,221,51,43
327,224,50,41
326,225,47,39
324,226,51,38
323,226,50,38
326,226,49,39
323,225,51,39
325,226,49,39
325,226,49,38
325,226,51,40
323,226,52,38
325,226,51,41
325,226,49,38
325,226,50,40
325,226,49,39
325,227,50,39
324,226,51,39
323,226,50,40
325,227,50,40
324,226,50,41
326,227,50,39
324,225,49,41
326,226,48,40
325,226,49,40
323,226,52,41
325,226,50,41
325,226,50,39
325,225,50,39
327,222,51,43
326,213,54,47
327,205,55,50
332,202,50,43
333,193,49,41
333,187,51,43
336,178,48,43
338,172,47,39
340,170,48,38
340,165,48,40
340,161,47,39
341,155,45,40
341,152,43,39
340,146,44,39
339,144,43,37
339,146,42,36
338,147,43,35
336,149,43,35
335,149,44,37
336,149,43,35
335,151,41,32
336,152,39,32
337,155,37,29
336,156,38,32
337,156,37,35
337,156,36,35
337,158,35,36
338,161,34,34
338,163,34,34
338,168,34,33
339,172,32,32
337,176,35,35
336,183,36,35
335,187,35,37
335,194,35,38
334,199,35,37
334,202,36,36
334,202,34,34
334,202,33,35
332,203,36,35
332,202,36,35
333,203,35,35
332,203,35,34
333,203,35,34
332,202,36,35
331,202,37,35
333,202,36,36
332,202,36,35
333,203,35,35
333,202,36,35
334,202,34,36
335,200,36,37
337,199,35,38
340,197,33,37
342,195,32,37
345,191,32,34
349,187,30,32
351,182,31,32
352,178,33,30
355,172,31,32
354,165,36,35
355,160,36,36
355,157,37,35
355,155,39,33
355,154,38,29
354,151,39,33
353,154,41,32
352,157,42,33
351,158,42,33
351,163,42,34
349,164,43,35
350,171,43,35
351,177,43,34
352,180,42,35
354,183,43,33
356,185,43,32
359,188,42,33
362,187,44,31
367,186,42,33
371,185,43,34
376,182,43,35
382,179,41,34
388,179,41,33
393,179,41,33
395,182,42,31
399,184,42,32
404,185,40,32
408,186,38,32
411,187,37,32
414,187,33,30
415,188,32,31
414,189,35,32
413,191,35,32
411,192,37,35
407,194,37,33
406,199,37,31
403,204,36,34
399,208,37,34
394,214,38,31
389,219,39,26
384,222,37,25
379,224,38,22
373,227,38,19
369,228,38,19
369,228,38,19
369,228,38,19
369,228,38,19
369,228,38,19
369,228,38,19
369,228,38,19
369,228,38,19
369,228,38,19
369,228,38,19
369,228,38,19
369,228,38,19
369,228,38,19
369,228,38,19
369,228,38,19
369,228,38,19
369,228,38,19
369,228,38,19
369,228,38,19
369,228,38,19
369,228,38,19
369,228,38,19
369,228,38,19
369,228,38,19
369,228,38,19
369,228,38,19
369,228,38,19
369,228,38,19
369,228,38,19
369,228,38,19
369,228,38,19
369,228,38,19
369,228,38,19
369,228,38,19
369,228,38,19
369,228,38,19
369,228,38,19
369,228,38,19
369,228,38,19
369,228,38,19
409,275,30,19
413,273,25,19
416,268,26,24
417,263,29,30
420,258,32,36
421,257,34,37
425,256,34,37
428,254,35,38
433,253,35,38
436,253,39,38
440,254,40,37
444,253,44,39
447,257,45,37
453,258,42,36
455,261,46,35
460,263,47,35
465,267,48,36
467,273,48,37
470,278,47,37
473,285,47,35
472,292,48,33
475,300,45,26
475,300,45,26
475,300,45,26
475,300,45,26
475,300,45,26
475,300,45,26
475,300,45,26
475,300,45,26
475,300,45,26
475,300,45,26
475,300,45,26
475,300,45,26
475,300,45,26
475,300,45,26
475,300,45,26
447,290,40,25
451,286,44,30
461,284,44,33
469,273,42,40
478,265,41,39
481,257,47,38
486,247,47,41
493,238,46,43
491,231,54,42
495,223,50,41
499,222,45,41
503,215,39,40
504,214,37,39
499,210,41,37
500,209,39,36
496,202,43,38
489,193,52,43
482,189,54,43
478,185,48,39
475,185,44,37
464,181,46,40
453,177,51,41
440,172,53,42
429,166,53,39
420,159,50,40
414,151,47,43
406,142,43,42
393,127,49,49
384,119,49,48
374,107,53,47
370,97,51,47
368,90,49,49
364,82,47,51
357,78,48,51
355,76,46,49
354,71,49,54
355,68,53,58
353,67,56,59
356,70,58,59
363,73,52,56
372,78,47,53
377,84,51,48
380,86,57,53
384,90,62,58
392,99,61,58
405,105,61,55
418,113,52,54
429,126,43,46
434,138,47,45
436,146,55,48
440,156,57,47
445,165,51,43
449,164,47,43
449,165,45,43
419,173,46,42
414,175,42,40
405,178,42,38
395,181,44,35
386,182,46,34
378,181,45,33
370,180,44,32
366,178,39,36
357,174,37,38
349,170,41,41
339,167,49,40
334,166,51,40
329,164,49,41
327,165,45,39
326,163,43,43
321,162,44,45
319,160,48,47
319,163,50,48
319,165,53,46
324,167,50,41
328,169,47,41
338,172,41,42
344,175,37,40
348,179,40,39
354,179,44,41
357,180,51,41
363,183,52,39
372,183,50,39
379,187,49,38
391,189,41,36
395,188,45,41
397,189,49,45
398,190,54,46
399,194,56,45
404,197,51,40
407,202,45,39
411,210,40,37
409,217,37,38
404,224,41,36
398,229,47,38
393,235,50,40
389,242,51,42
385,249,47,41
386,253,37,42
380,259,35,40
375,259,36,40
374,261,34,38
375,262,32,36
375,262,30,38
375,262,31,36
375,263,31,38
375,261,30,38
376,262,30,37
376,262,30,37
376,262,30,37
376,262,29,36
376,262,30,37
376,261,27,37
376,262,29,37
375,262,31,37
375,262,31,36
376,262,32,36
376,263,29,37
377,262,29,37
376,263,30,38
376,262,29,37
375,263,31,37
376,263,26,36
376,262,26,38
376,263,30,35
376,263,28,37
376,262,28,36
375,263,35,36
376,263,30,37
376,262,30,36
376,263,31,36
377,263,28,36
377,262,26,37
377,263,28,37
376,263,28,36
377,262,28,37
376,262,31,37
376,262,30,37
376,262,31,39
375,262,32,36
376,262,30,38
375,262,31,37
376,262,32,37
376,263,31,37
376,262,30,36
376,262,31,39
376,261,31,39
375,262,31,39
376,261,30,37
376,262,31,37
375,262,32,38
375,261,30,38
375,263,32,37
376,261,30,37
377,263,30,36
376,262,29,38
376,262,30,38
376,262,31,38
376,263,27,37
376,262,30,36
376,263,30,36
376,262,30,37
376,262,30,39
376,261,29,38
374,263,32,37
376,261,29,38
376,262,29,37
376,262,31,37
376,262,32,39
376,261,26,37
376,262,28,37
376,262,29,38
377,262,27,37
376,262,29,37
376,262,29,36
376,262,30,37
375,262,30,37
376,263,29,36
376,262,30,37
377,263,29,36
376,262,29,36
376,263,29,35
377,263,29,36
376,262,30,37
376,263,28,36
376,262,32,38
375,259,34,39
376,257,36,42
378,255,39,44
377,252,49,47
383,251,50,46
390,253,48,46
399,255,47,45
411,257,43,41
420,254,45,42
428,252,46,43
438,249,47,45
446,245,50,46
456,242,46,45
464,239,47,43
471,235,46,44
476,232,47,42
482,231,44,38
485,228,46,40
488,223,47,41
490,218,45,45
487,214,47,44
487,209,46,43
483,204,47,43
480,200,46,41
475,198,46,42
470,195,47,43
462,192,51,47
455,190,54,47
447,189,54,43
441,188,51,42
433,186,52,42
430,182,47,44
421,182,53,42
416,178,53,47
411,174,53,43
407,170,51,44
405,169,51,42
402,167,51,40
400,164,52,40
397,162,53,41
399,161,51,40
398,160,52,44
399,158,54,44
401,158,56,44
404,157,51,43
406,157,55,45
409,160,55,43
415,160,56,46
420,159,58,48
427,160,56,49
433,160,57,50
440,165,59,46
448,169,58,45
457,171,57,41
465,173,58,43
472,172,61,47
479,170,62,48
488,171,58,47
493,172,58,43
500,171,58,43
505,168,59,43
509,166,59,45
512,166,57,45
515,167,58,48
514,168,59,47
514,168,59,46
512,169,63,46
513,170,62,49
514,174,58,44
511,177,58,46
509,180,57,44
505,181,59,47
502,181,58,46
498,182,61,51
492,187,63,48
491,191,60,45
488,198,57,44
483,201,55,44
477,204,58,45
474,210,58,46
469,212,57,47
466,218,57,48
461,222,55,45
457,225,54,44
454,226,52,42
448,224,54,43
444,224,52,43
440,222,51,43
436,218,50,43
430,214,52,43
426,214,50,41
419,212,50,40
416,208,48,38
411,204,49,40
404,200,51,42
397,199,53,42
390,199,53,42
380,202,58,44
377,202,53,43
369,201,53,44
362,200,56,45
357,197,58,49
352,193,59,50
351,188,57,51
348,182,59,51
348,174,62,51
350,166,62,54
355,160,61,55
361,156,61,56
365,153,61,56
371,151,64,55
377,151,66,55
386,152,67,55
399,151,63,56
411,151,62,51
422,155,59,51
433,156,60,50
443,159,57,49
452,160,56,48
462,161,53,44
468,160,52,40
472,159,49,42
475,157,47,39
476,155,45,39
474,155,44,37
473,152,43,40
470,152,42,39
464,151,43,39
457,150,40,40
450,151,41,38
440,150,45,41
429,149,47,44
420,151,45,43
413,151,43,40
402,152,45,43
393,152,46,40
384,154,49,42
379,153,47,41
374,153,46,45
369,149,45,46
368,145,49,52
368,143,50,51
370,139,50,53
377,135,54,55
384,130,58,59
393,125,62,62
407,121,58,59
421,118,60,61
436,117,64,61
446,116,70,66
466,117,64,61
480,120,64,58
490,122,66,58
504,123,64,56
514,129,63,51
523,131,61,52
525,135,63,51
528,143,60,46
527,147,55,44
523,153,56,41
517,158,55,40
511,162,55,40
501,166,55,39
493,171,51,35
482,171,52,33
471,174,50,32
460,176,49,31
448,177,50,32
438,180,49,31
430,180,45,34
421,183,43,33
411,187,44,32
411,188,43,32
377,147,51,41
357,143,50,45
340,141,50,44
328,139,46,40
314,135,50,42
304,134,47,42
297,131,49,44
294,128,47,45
294,125,45,45
292,122,44,46
295,122,45,43
299,122,44,40
305,123,44,36
311,124,43,39
322,128,40,37
332,129,40,38
341,135,42,35
356,140,40,34
369,146,40,32
382,148,43,32
400,150,39,29
414,149,41,31
431,149,38,31
442,145,45,36
458,143,46,36
470,139,48,38
482,135,49,41
494,129,50,48
502,125,53,51
507,122,53,53
513,122,51,50
515,122,53,53
511,122,56,53
505,122,59,55
498,124,60,55
489,128,56,53
472,129,62,56
458,130,59,54
443,131,54,51
427,131,54,51
408,132,54,48
393,132,52,51
382,132,47,49
368,132,45,46
357,133,44,44
348,133,43,41
339,132,43,40
336,132,39,40
331,133,37,37
327,133,38,38
325,135,36,38
325,136,35,36
324,139,38,34
327,141,35,32
327,144,39,31
332,145,36,30
338,144,36,30
345,146,37,31
351,147,38,30
360,147,38,30
369,149,39,30
379,149,40,31
390,151,41,30
399,151,45,29
411,149,47,32
421,146,52,36
434,144,54,38
446,141,55,41
458,139,55,41
469,136,54,43
478,133,59,45
486,132,59,50
493,134,60,49
497,131,64,55
500,136,64,58
503,141,60,61
503,152,60,56
499,163,61,59
493,176,63,61
484,191,62,63
474,203,64,60
462,218,65,56
451,233,60,51
442,244,55,46
432,251,51,46
421,257,49,46
410,261,50,45
400,264,48,44
395,264,44,44
390,266,43,44
385,266,43,45
382,266,42,42
380,267,43,42
381,267,42,42
