259,304,29,30
237,298,27,30
210,290,29,33
193,280,32,31
198,270,31,31
211,263,30,31
209,261,32,31
170,255,36,30
141,245,36,32
106,235,38,30
80,225,38,32
85,227,38,31
81,229,38,29
108,221,38,26
140,207,35,26
130,188,33,25
111,168,36,28
134,156,37,27
150,149,38,27
160,141,38,26
170,131,39,27
183,123,39,26
204,119,39,27
215,119,38,27
211,117,37,26
219,127,40,27
240,131,38,29
251,126,35,28
250,133,37,30
245,143,40,31
244,144,41,30
253,150,38,26
258,153,39,28
265,155,38,30
280,151,37,32
286,143,33,32
306,141,32,35
324,146,31,36
330,144,29,40
323,145,30,38
308,147,29,40
305,145,30,40
305,149,30,38
304,147,32,36
305,136,33,35
297,117,35,33
300,102,35,29
304,89,36,28
304,86,38,27
301,74,41,26
297,67,43,23
290,65,43,24
279,63,42,25
270,59,41,26
269,61,41,28
251,70,37,29
250,76,34,33
244,84,33,35
216,96,32,35
194,101,30,37
161,110,29,40
144,119,30,37
180,114,29,31
224,105,27,28
204,96,27,27
174,120,30,25
179,134,34,24
208,111,35,24
224,108,36,24
243,125,37,26
254,132,35,25
267,118,38,28
260,107,36,31
255,97,35,35
272,91,31,36
292,92,31,38
290,91,35,39
304,98,36,38
315,104,33,36
326,115,34,33
337,130,28,29
354,145,29,27
365,156,28,29
372,165,26,34
373,173,26,40
373,178,24,43
388,186,23,44
388,195,26,41
386,200,25,43
395,201,25,42
397,201,25,41
404,198,24,44
412,195,25,44
414,191,25,43
411,187,27,37
410,179,27,31
409,166,29,28
409,154,28,25
406,137,30,29
408,119,32,37
407,105,33,38
407,96,34,37
409,90,36,29
409,78,36,35
407,77,35,35
402,78,36,40
402,74,34,47
402,74,35,43
411,75,32,39
417,80,31,37
413,94,33,33
417,99,33,38
416,108,31,44
411,120,35,44
410,127,35,42
408,136,34,40
405,145,36,44
403,156,34,44
400,163,33,44
399,173,28,39
398,180,28,40
395,191,27,34
395,200,28,32
397,209,27,29
394,219,26,26
395,224,26,25
395,230,27,24
393,237,26,24
393,243,26,25
392,249,26,25
393,256,26,25
392,261,26,25
391,264,26,26
388,266,27,25
388,264,26,25
386,262,25,25
381,256,28,25
379,248,27,24
378,238,28,27
377,226,28,27
374,210,27,29
372,187,28,32
374,163,29,33
373,141,30,34
379,121,30,35
382,101,28,38
382,83,30,40
385,68,31,38
386,55,34,36
387,42,36,38
389,41,35,36
389,31,37,37
387,23,41,36
389,15,44,35
389,12,44,32
391,9,48,31
391,8,47,30
394,9,50,29
394,14,47,28
394,21,47,28
393,27,47,28
397,32,46,29
397,42,43,33
399,51,41,33
402,62,38,36
405,76,36,37
407,91,35,40
409,105,32,43
410,127,31,44
412,142,32,41
418,149,33,44
418,160,34,42
418,171,31,38
417,184,29,36
415,194,28,31
412,203,28,29
407,210,27,25
400,212,27,24
393,211,28,27
387,209,25,29
380,210,24,26
373,208,26,29
368,209,26,27
361,207,26,27
358,205,26,27
356,202,27,25
356,199,29,25
360,196,27,24
367,190,26,24
376,183,26,25
388,175,27,26
402,172,28,26
414,167,29,24
433,162,29,25
446,159,31,27
460,157,34,28
471,158,33,28
477,158,35,28
484,161,35,27
486,164,36,27
488,167,39,28
492,171,35,28
490,177,33,27
489,180,33,27
486,187,32,27
481,192,32,28
476,196,32,28
466,197,32,28
457,195,30,28
442,194,31,26
423,188,30,25
408,180,31,24
397,174,31,25
389,170,30,24
379,167,31,25
372,165,31,26
368,161,31,28
364,161,30,28
365,158,29,28
368,156,29,28
373,155,28,28
383,152,30,28
394,152,34,28
405,150,33,26
414,149,35,26
423,150,35,28
434,149,35,28
441,151,34,31
450,154,35,29
457,157,34,29
463,164,32,27
469,167,34,29
473,174,34,29
478,182,34,29
480,189,35,29
480,194,32,29
478,195,32,33
473,198,32,34
470,198,30,36
465,199,28,37
458,197,28,38
454,195,26,39
455,195,19,34
455,195,19,34
455,195,19,34
455,195,19,34
455,195,19,34
455,195,19,34
455,195,19,34
455,195,19,34
455,195,19,34
397,195,18,34
387,198,24,33
380,201,26,32
377,202,28,31
377,204,29,28
378,204,29,27
383,204,29,27
389,202,29,27
397,200,30,27
407,195,32,26
422,186,29,28
437,176,30,30
453,168,29,32
468,161,32,35
482,158,36,37
497,157,35,39
511,156,36,39
518,160,40,38
518,162,43,38
528,164,44,39
537,168,44,34
540,171,45,33
547,173,43,35
551,171,41,36
556,170,36,36
558,169,36,36
556,168,35,36
554,166,34,35
551,164,34,35
542,161,35,36
535,155,37,35
525,153,38,33
512,142,40,34
497,138,46,31
485,134,46,30
474,135,43,26
466,135,41,25
454,138,38,25
434,141,43,32
435,143,34,29
427,148,30,28
422,150,30,31
418,155,29,32
411,161,31,30
408,165,28,30
405,169,28,30
402,174,27,30
401,179,26,28
401,183,27,28
406,184,27,29
408,187,26,27
413,186,28,28
420,183,27,28
427,177,29,30
441,171,28,31
452,164,27,30
466,158,29,30
481,152,30,29
488,147,32,29
498,141,38,26
507,138,36,26
511,138,39,27
518,138,39,27
522,142,38,28
524,146,39,28
527,152,36,29
528,157,32,28
527,164,33,28
522,173,30,29
518,181,30,29
515,187,30,33
507,194,31,35
501,197,33,35
494,197,33,36
483,196,35,33
476,193,35,29
468,190,31,27
462,184,29,26
454,179,31,26
448,176,31,26
445,172,30,27
441,171,29,28
441,169,29,27
441,169,30,29
441,170,31,30
445,174,30,30
448,176,28,35
450,179,28,37
453,181,27,40
453,185,28,42
454,187,30,46
455,190,29,46
456,195,29,46
458,197,28,46
458,198,26,47
457,197,27,47
457,196,29,46
452,195,28,44
448,190,32,43
444,182,32,35
435,173,33,28
433,158,34,27
431,138,33,32
429,122,32,39
430,105,33,46
429,97,32,45
426,91,34,41
426,87,34,34
425,86,31,31
424,83,30,35
423,79,32,44
418,83,35,49
416,85,33,48
416,89,33,48
414,114,32,34
415,125,32,36
408,139,35,40
411,147,33,45
409,154,35,43
408,161,35,42
403,169,33,38
395,176,34,38
387,182,35,35
383,184,31,33
378,184,28,32
374,185,30,32
370,183,31,30
365,183,34,29
363,181,36,28
361,177,38,28
358,175,42,30
356,176,44,28
352,178,45,29
351,179,47,29
350,177,49,29
350,176,49,29
352,175,50,28
353,172,52,30
354,172,51,29
356,170,53,31
356,170,52,30
358,167,55,30
362,164,53,31
364,161,53,35
367,158,50,33
372,155,49,33
376,151,50,36
376,151,52,36
376,152,52,36
377,150,51,37
376,148,50,36
374,143,50,36
371,138,48,37
364,132,48,35
359,123,46,36
352,115,44,39
340,110,43,40
330,104,39,38
320,98,35,39
308,98,33,37
295,98,33,36
281,101,33,35
267,105,36,35
259,110,37,32
249,115,39,32
244,122,45,30
239,128,46,29
237,135,46,32
246,143,44,32
249,152,39,35
252,164,36,35
260,173,35,38
269,183,30,41
278,193,29,43
290,205,27,43
302,217,24,42
317,227,24,39
328,233,22,40
328,233,22,40
353,190,17,44
353,190,17,44
353,190,17,44
353,190,17,44
353,190,17,44
353,190,17,44
353,190,17,44
353,190,17,44
353,190,17,44
353,190,17,44
353,190,17,44
353,190,17,44
353,190,17,44
353,190,17,44
353,190,17,44
353,190,17,44
353,190,17,44
353,190,17,44
353,190,17,44
353,190,17,44
353,190,17,44
353,190,17,44
353,190,17,44
353,190,17,44
351,230,16,39
335,232,24,42
322,229,26,46
308,227,28,46
297,223,29,46
291,220,30,42
284,215,32,41
281,210,34,38
283,202,33,36
286,194,31,34
295,186,30,32
307,177,32,31
319,168,35,30
334,160,40,32
351,153,44,30
365,150,48,31
373,150,51,31
379,151,55,30
382,152,55,30
388,154,52,30
388,154,51,31
389,156,47,31
392,155,43,32
389,159,42,31
388,161,39,32
387,162,35,33
387,164,33,33
385,166,31,31
382,167,31,32
382,168,32,32
383,163,31,36
384,168,31,33
388,173,32,31
389,178,35,31
392,185,35,31
399,194,33,30
403,203,33,31
408,212,33,30
410,219,33,34
412,227,34,37
413,234,33,40
411,237,32,47
406,241,34,48
404,243,30,45
405,242,25,38
402,243,20,32
398,239,19,31
394,232,17,29
397,227,13,28
395,228,13,26
396,230,11,25
398,234,10,22
401,243,13,19
409,246,14,22
415,251,18,26
420,255,22,30
429,252,28,36
429,250,31,39
436,250,31,47
443,251,33,49
451,251,34,51
453,251,36,47
453,246,38,44
450,235,40,45
448,224,41,41
441,208,38,37
433,193,40,35
425,176,41,34
414,162,41,34
402,149,39,33
392,134,39,36
381,125,39,33
372,118,39,35
363,116,38,35
354,115,38,35
349,112,37,37
338,116,36,38
330,118,36,41
323,119,36,43
315,119,36,43
308,116,39,43
301,115,39,41
295,117,37,43
291,118,36,40
288,119,38,37
282,119,38,38
277,121,41,34
278,127,43,33
277,137,47,31
280,147,47,29
286,152,47,27
292,153,46,28
294,157,45,27
293,159,43,27
292,159,44,28
294,161,44,27
289,161,44,28
283,164,46,27
279,164,48,29
277,163,48,29
277,160,46,30
278,157,45,28
281,152,42,30
284,148,44,33
290,142,40,35
300,137,38,34
310,129,37,36
322,124,37,39
335,121,36,38
350,119,34,35
364,120,32,34
375,121,35,34
381,123,35,36
387,128,35,37
394,135,36,40
399,142,37,39
406,143,36,40
412,147,36,38
414,150,37,39
419,156,36,38
420,165,36,34
416,171,37,35
411,179,37,34
405,186,36,33
401,191,36,34
395,197,36,35
391,201,34,39
384,205,30,42
376,206,30,44
374,207,25,40
374,207,24,35
374,207,24,35
374,207,24,35
374,207,24,35
374,207,24,35
374,207,24,35
374,207,24,35
374,207,24,35
374,207,24,35
374,207,24,35
375,141,20,34
375,141,20,34
375,141,20,34
375,141,20,34
375,141,20,34
375,141,20,34
375,141,20,34
388,192,22,34
388,192,22,34
388,192,22,34
388,192,22,34
388,192,22,34
388,192,22,34
388,192,22,34
388,192,22,34
337,123,26,30
344,112,31,35
355,111,35,42
361,107,39,47
371,105,41,49
375,108,38,50
376,119,39,48
378,128,40,45
375,139,40,42
372,150,42,39
370,158,40,35
364,162,40,32
359,157,41,33
353,149,42,35
345,139,41,37
339,126,39,40
333,115,36,47
326,108,33,50
319,104,33,49
309,104,37,44
301,104,41,42
289,109,45,37
289,111,46,36
286,114,46,32
285,113,46,33
280,115,47,34
276,122,49,32
274,130,49,35
270,141,50,31
268,150,49,34
266,159,50,31
264,169,46,30
265,175,46,32
266,182,46,32
268,185,47,33
268,186,46,33
269,184,46,31
269,179,45,30
268,173,45,30
268,163,45,32
267,151,45,35
272,140,42,38
276,128,42,43
277,121,44,48
280,115,45,47
291,114,38,53
301,105,37,42
304,114,39,34
312,119,37,36
319,119,35,41
327,119,32,47
331,124,33,43
336,131,33,41
339,138,32,38
341,144,30,34
343,150,35,32
345,161,35,32
351,169,31,32
355,175,31,30
355,177,34,36
358,181,31,40
360,181,29,45
360,182,31,47
361,183,29,50
363,184,30,49
364,187,27,48
365,188,25,48
364,188,27,46
363,186,26,46
367,185,26,45
368,186,26,43
371,186,27,46
379,185,26,46
384,186,30,44
395,183,35,38
402,173,35,39
407,162,36,36
412,152,39,31
413,136,41,31
415,114,44,38
416,98,44,45
422,85,39,46
414,78,40,40
415,66,44,34
412,53,44,39
414,43,40,48
420,40,33,41
416,40,36,35
414,41,40,33
416,39,37,41
416,44,34,51
415,55,34,44
412,71,35,38
406,86,41,32
406,90,38,39
409,97,32,44
406,116,31,41
404,140,33,33
399,156,33,33
398,163,33,30
395,172,33,28
389,181,35,29
387,187,32,29
377,192,36,31
371,196,37,31
362,199,38,31
353,203,39,33
346,205,38,32
340,207,38,32
338,206,36,33
335,208,36,34
335,209,34,33
336,210,33,31
336,207,33,31
337,202,32,29
337,195,32,30
338,183,34,32
340,170,33,32
340,158,33,32
343,142,32,32
345,127,34,32
348,117,34,36
352,108,34,40
354,100,35,40
357,91,38,44
361,88,36,44
362,88,36,45
368,91,32,44
370,96,30,44
372,102,30,41
378,111,27,36
378,118,28,35
380,127,29,35
383,137,30,33
380,145,36,33
378,153,38,35
372,161,44,35
370,163,43,35
369,167,46,27
369,172,43,28
366,178,43,27
367,180,44,29
369,182,44,29
370,181,45,28
378,177,43,28
377,176,47,30
381,170,47,27
384,163,48,26
384,153,46,28
382,144,44,28
379,133,44,30
378,125,40,33
368,118,40,34
361,111,40,37
358,107,39,35
352,105,36,35
344,108,36,36
342,109,34,38
339,111,35,41
334,116,36,48
328,122,37,49
323,135,36,46
319,142,33,41
322,146,30,35
320,152,32,35
318,157,30,35
321,159,29,34
322,157,31,32
328,153,30,32
329,147,31,33
335,136,35,34
344,127,39,36
346,121,41,35
363,118,38,34
376,116,36,31
386,114,38,33
401,114,40,33
413,120,44,31
429,127,43,34
443,129,40,32
452,137,40,33
460,143,43,34
467,147,47,33
474,154,50,34
469,168,50,33
464,178,46,30
461,180,48,28
454,185,50,28
450,191,46,28
447,199,47,30
445,209,45,31
439,218,45,32
433,225,44,32
427,233,42,37
419,240,39,37
413,240,37,42
405,240,35,44
391,248,33,44
376,250,32,45
364,251,30,46
347,251,32,43
331,250,35,40
314,245,38,37
300,238,40,33
290,219,42,34
281,205,46,30
277,189,45,28
279,170,44,31
283,153,44,31
290,136,43,28
299,119,42,30
303,108,44,30
307,97,43,30
314,89,40,29
317,83,41,31
323,78,37,31
320,80,36,32
319,85,34,31
320,87,33,31
322,89,32,32
324,93,30,32
321,102,32,34
321,112,29,33
324,121,28,34
322,135,29,34
324,146,28,32
329,155,27,30
333,161,30,30
341,164,31,30
346,169,31,32
351,173,32,30
356,175,34,31
361,178,37,34
366,182,38,34
369,187,42,31
374,185,43,33
382,181,43,32
390,173,44,33
400,166,45,32
414,162,41,30
428,154,37,29
443,144,34,28
452,137,35,27
460,129,41,29
465,126,40,27
469,121,38,29
470,120,39,30
469,120,35,28
465,119,36,30
460,121,37,33
457,127,33,30
447,137,35,32
437,147,35,32
429,158,31,28
413,169,31,29
398,182,30,26
383,192,28,25
366,200,29,24
352,203,28,23
340,201,27,25
328,199,27,24
319,197,25,23
307,193,29,24
296,188,30,25
285,181,32,24
282,182,33,24
274,175,34,24
268,165,35,25
265,157,33,25
265,148,32,25
265,138,32,27
262,133,32,27
262,131,30,27
262,129,30,28
264,128,30,28
262,127,31,29
261,130,30,25
264,130,31,26
262,133,31,25
261,137,33,24
262,142,34,24
263,150,35,22
264,159,35,21
266,167,37,21
270,174,37,22
276,185,37,22
286,193,37,24
295,203,33,24
309,208,31,27
324,210,27,27
337,212,26,28
350,209,27,27
360,201,27,27
371,189,26,25
377,173,26,23
380,154,27,25
382,134,27,28
381,116,27,28
381,101,28,26
380,87,29,27
381,76,30,27
381,65,31,26
381,56,31,24
380,51,31,24
379,47,33,25
376,43,34,27
377,42,35,26
376,43,33,25
374,45,35,25
375,49,32,24
373,55,32,23
373,63,32,26
374,74,28,29
372,88,29,27
370,99,30,28
370,112,27,31
369,129,27,33
367,146,27,37
367,162,27,36
363,173,26,37
359,179,28,38
354,184,29,36
351,188,29,36
349,189,29,36
344,190,29,38
337,191,32,43
332,194,29,41
330,197,25,39
328,201,25,36
324,204,27,34
322,206,26,32
321,207,24,28
319,207,26,27
317,205,25,27
316,202,24,26
314,197,24,29
312,189,23,35
308,180,25,39
304,169,28,42
303,158,27,42
303,147,27,38
300,136,29,32
302,122,27,27
305,107,28,26
305,89,30,32
307,79,30,38
310,67,31,37
316,63,28,31
318,57,30,25
321,53,29,25
323,50,28,32
327,46,26,39
329,48,28,36
330,55,28,28
333,58,27,27
335,61,27,32
333,69,26,35
335,81,28,40
333,97,30,34
336,112,29,31
335,129,27,33
335,139,29,35
334,145,28,34
332,153,27,31
329,159,27,30
324,165,28,29
320,173,26,27
311,177,27,24
304,180,28,25
296,183,28,25
287,185,27,26
280,186,27,25
270,184,27,25
261,182,27,25
254,181,24,25
245,179,25,26
237,178,25,24
229,172,26,25
223,165,28,24
217,160,30,23
215,154,29,22
213,150,30,22
211,145,32,22
209,145,33,22
209,144,33,21
207,144,33,22
207,146,34,20
206,150,37,21
209,155,36,20
209,162,37,21
212,168,37,24
218,173,34,24
225,181,33,24
234,189,29,26
243,194,27,27
255,199,26,27
266,201,24,27
277,201,25,26
288,197,27,26
295,189,29,25
303,179,31,24
306,165,33,29
311,150,34,25
311,135,34,26
309,119,32,30
307,105,32,30
304,94,31,33
298,86,33,33
296,82,34,32
292,78,34,34
286,79,34,34
284,82,34,34
279,85,34,33
275,90,33,32
274,95,33,32
271,100,33,32
267,106,33,32
264,113,32,31
262,121,33,30
259,128,34,30
257,139,34,28
257,149,31,30
253,163,32,29
254,172,33,31
251,177,37,27
257,178,37,27
260,175,37,27
266,169,37,25
273,163,36,25
277,158,37,27
282,154,35,26
289,149,35,26
294,147,36,28
300,149,35,25
307,146,34,26
313,149,31,27
316,155,29,27
322,158,29,29
331,156,27,28
336,156,27,30
343,157,28,29
352,156,30,26
359,152,34,26
367,150,34,25
373,146,36,24
381,141,37,24
388,136,39,24
395,133,39,25
400,132,42,26
406,130,42,27
404,131,45,26
406,131,45,27
404,136,46,26
402,144,44,25
403,148,43,27
395,157,42,31
386,168,39,32
374,179,36,33
358,190,33,35
338,197,33,38
318,202,27,38
299,201,31,40
278,201,34,35
258,198,35,32
248,189,38,31
235,177,41,30
228,163,40,30
226,145,41,35
227,128,42,26
227,116,40,21
227,102,41,22
226,92,40,21
225,82,40,22
227,75,41,21
228,73,41,21
227,71,41,22
229,70,40,22
230,69,39,22
229,71,39,21
228,76,39,20
229,80,39,21
228,88,37,21
228,97,35,22
226,108,35,23
223,121,36,21
221,133,35,22
218,137,35,24
218,142,33,26
221,144,32,25
222,146,32,26
225,146,32,26
227,146,32,27
231,146,31,29
232,147,31,28
233,148,31,29
231,152,32,28
231,154,34,30
231,158,33,29
231,163,35,29
229,169,36,27
229,175,37,25
232,181,37,24
237,184,36,24
246,186,38,24
256,187,37,27
264,189,37,25
264,189,37,25
276,186,38,26
286,186,39,27
291,186,39,27
303,186,37,29
312,187,35,29
320,190,33,26
330,194,32,27
340,197,32,29
350,201,31,30
359,206,30,34
364,211,31,34
367,213,31,36
369,213,33,38
367,216,34,38
363,220,33,39
358,224,32,39
349,230,31,38
338,234,31,41
327,240,28,40
313,239,29,44
301,240,29,41
284,242,31,39
271,240,30,34
259,231,33,33
247,223,34,32
236,216,36,26
230,204,38,26
223,197,40,25
218,189,41,26
212,186,41,24
210,181,41,24
206,177,43,24
202,177,42,22
199,175,41,23
197,173,41,24
194,174,41,24
192,175,41,26
194,178,39,23
197,180,38,23
199,181,38,24
206,183,38,25
214,186,36,25
223,186,34,25
238,185,33,24
253,183,33,25
263,182,34,26
272,180,37,26
284,179,35,24
296,177,35,25
307,176,30,24
317,177,30,25
325,178,31,25
331,180,35,25
336,182,34,27
340,185,34,28
344,190,32,28
344,195,30,29
344,198,28,30
342,199,28,33
338,199,28,34
332,200,27,36
328,202,28,33
327,201,23,27
327,201,23,27
327,201,23,27
327,201,23,27
327,201,23,27
327,201,23,27
327,201,23,27
327,201,23,27
327,201,23,27
327,201,23,27
327,201,23,27
327,201,23,27
327,201,23,27
327,201,23,27
327,201,23,27
327,201,23,27
327,201,23,27
327,201,23,27
327,201,23,27
271,178,19,32
269,190,23,33
285,201,26,38
297,217,37,37
316,239,43,36
333,269,53,42
358,307,61,45
371,336,57,30
371,336,57,30
433,253,51,33
433,253,51,33
433,253,51,33
433,253,51,33
433,253,51,33
433,253,51,33
433,253,51,33
433,253,51,33
433,253,51,33
433,253,51,33
433,253,51,33
433,253,51,33
433,253,51,33
454,344,52,27
456,336,49,24
456,331,49,27
467,324,41,31
473,320,36,37
472,307,38,34
470,296,37,33
472,285,36,34
469,273,38,36
471,258,42,35
469,248,48,36
464,241,54,34
461,237,58,31
460,236,56,34
462,236,49,39
464,235,44,44
462,227,39,43
461,226,38,44
460,220,34,44
456,219,34,37
454,220,33,34
449,221,33,30
444,221,31,27
436,219,31,27
426,216,29,27
418,216,31,28
410,217,29,27
401,220,29,30
396,220,29,28
388,221,32,27
381,225,32,26
371,230,37,26
363,228,40,30
355,228,43,36
354,227,39,40
354,228,35,44
352,229,35,46
351,234,33,47
352,236,34,48
352,240,32,47
352,244,32,49
351,245,30,49
348,246,32,51
349,250,32,51
349,255,30,50
349,258,31,47
351,261,32,48
354,267,31,47
354,275,32,43
359,280,34,40
366,285,32,37
371,292,31,32
375,295,32,30
377,298,31,28
385,301,32,26
385,306,32,26
388,307,32,29
391,305,31,31
391,305,31,34
392,305,32,33
394,307,30,33
391,312,30,29
389,311,28,27
384,305,29,28
381,296,28,29
372,287,28,31
365,276,31,31
357,266,32,31
347,254,34,32
341,239,37,32
334,224,39,32
327,209,43,32
320,197,47,29
316,186,49,27
310,176,50,30
307,167,48,31
307,160,47,31
303,157,48,31
299,154,51,29
297,155,50,31
295,157,48,31
293,158,44,34
291,164,41,36
286,173,37,34
283,180,35,33
277,187,31,33
275,190,30,33
272,193,26,33
268,195,28,31
265,191,29,34
262,184,31,35
260,175,33,37
259,167,36,35
261,158,36,31
262,149,42,29
264,139,40,32
266,127,38,38
268,119,36,44
272,114,37,42
272,114,43,35
274,117,46,29
276,120,42,31
282,117,35,37
285,122,31,42
284,126,37,46
283,137,39,42
283,146,42,33
283,154,41,30
282,159,43,32
280,163,43,30
276,166,43,29
273,167,43,27
269,164,44,26
267,157,43,28
263,151,44,27
260,145,45,25
257,137,43,28
253,131,43,28
249,126,44,30
246,126,39,29
244,126,39,30
241,131,45,30
238,134,46,31
237,137,47,28
235,139,44,27
232,140,46,29
227,142,42,26
222,141,41,25
215,137,41,26
208,132,43,27
203,125,43,27
198,117,44,28
195,108,42,28
193,100,42,28
191,95,44,30
191,90,43,29
191,88,40,26
191,87,34,29
191,86,34,32
191,90,33,27
190,91,33,29
187,95,35,26
187,99,42,32
184,104,45,28
182,108,47,29
182,114,47,32
179,120,48,30
176,123,49,29
174,124,48,27
169,124,48,27
165,122,46,27
162,118,46,27
158,114,48,29
156,110,46,28
158,105,43,26
158,101,47,26
161,97,47,27
164,94,46,28
165,95,44,26
167,97,45,27
168,100,45,26
170,104,44,24
172,107,44,23
175,112,44,25
178,118,41,24
179,124,41,24
180,129,42,25
181,135,41,25
182,137,41,26
183,138,39,28
183,137,38,29
184,135,37,30
184,132,37,30
189,128,33,30
194,123,30,31
197,119,37,30
202,114,44,30
206,111,47,28
211,110,48,27
219,108,46,26
226,109,46,26
234,111,43,27
243,112,38,30
251,117,35,30
257,123,35,30
260,128,38,31
262,134,39,32
262,139,35,33
258,146,33,33
251,150,33,33
243,154,31,32
229,159,34,33
217,160,32,34
205,161,29,33
195,161,27,34
188,160,24,34
182,158,24,31
175,155,26,30
170,153,28,28
166,149,28,27
162,147,28,27
160,145,29,26
157,146,30,25
156,147,29,27
158,148,30,25
159,151,28,27
161,154,26,28
164,159,26,29
168,159,25,34
174,160,24,35
180,163,24,35
187,167,24,33
198,168,25,33
208,169,27,32
221,169,27,32
232,168,31,29
247,162,31,30
255,157,35,26
266,146,35,26
274,134,38,27
279,123,40,29
283,106,40,26
285,93,38,23
285,79,38,23
287,68,39,23
286,58,39,24
286,51,39,24
284,43,39,25
283,39,38,26
283,37,37,25
282,37,38,25
281,38,38,25
277,41,38,24
277,45,37,23
275,51,37,22
272,59,36,22
271,67,36,22
271,76,35,23
267,91,35,21
265,103,35,24
262,111,35,23
257,120,36,24
250,127,39,23
245,134,38,23
237,139,42,22
233,144,41,24
232,150,35,24
230,151,33,26
224,155,35,26
224,161,31,22
224,163,28,24
225,163,28,27
227,164,27,29
234,164,23,27
242,158,22,29
247,155,24,25
252,149,29,22
256,137,36,25
255,136,39,24
263,120,38,27
267,102,36,34
274,87,31,36
281,76,27,33
284,68,26,28
281,60,34,24
282,51,37,26
285,43,33,31
287,40,29,34
289,38,25,32
289,39,28,25
286,41,34,24
285,44,35,26
287,47,31,28
287,52,28,31
287,60,25,30
285,71,28,28
285,85,31,24
283,95,32,25
282,104,28,28
280,111,26,30
276,120,28,28
272,128,30,26
269,135,32,24
262,140,36,24
261,144,35,23
259,145,34,24
255,147,38,22
253,145,37,23
253,144,37,23
251,141,37,24
252,137,36,25
250,133,38,26
253,130,38,26
257,125,35,24
262,121,33,26
265,117,35,29
269,113,34,27
274,108,31,25
274,102,33,26
275,99,33,29
277,98,31,33
273,100,36,32
280,104,36,28
281,107,32,28
282,111,26,26
283,115,25,24
280,119,26,25
280,123,24,24
281,127,23,23
279,130,22,24
279,133,22,23
277,134,22,26
274,135,24,26
272,135,26,25
269,134,26,27
267,132,26,25
263,128,25,26
255,124,27,26
250,122,25,26
244,120,25,28
237,122,26,28
227,124,30,28
212,122,31,27
196,120,31,30
183,119,34,29
172,118,36,30
164,119,34,30
154,120,34,32
146,121,33,33
139,124,33,34
134,126,33,33
130,128,32,33
129,130,31,33
129,131,29,34
128,134,28,35
128,136,29,33
129,138,28,35
132,138,27,36
133,139,28,37
134,140,28,36
137,140,27,35
140,138,30,40
143,141,30,39
149,141,30,39
152,145,30,36
164,150,30,37
192,152,30,38
217,151,30,36
261,157,28,35
305,160,28,33
347,165,29,31
382,172,31,28
425,186,30,28
482,246,32,30
482,246,32,30
482,246,32,30
482,246,32,30
