403,94,60,67
406,98,55,66
389,104,59,64
343,121,69,57
331,123,57,54
309,118,61,55
294,109,68,55
294,105,71,59
307,95,77,56
304,84,82,65
306,80,86,51
310,70,95,59
316,64,95,62
311,55,92,68
311,45,96,71
309,53,86,63
303,54,89,66
301,59,81,64
300,66,72,74
295,67,80,84
286,71,81,84
280,71,76,91
271,73,73,97
256,90,70,85
242,94,65,94
241,106,60,95
236,117,63,91
235,124,65,96
237,117,61,98
246,116,61,97
253,115,62,100
271,110,59,95
275,102,61,98
281,97,58,100
286,92,58,103
293,96,63,93
307,97,60,96
311,98,67,92
315,99,83,95
320,100,91,101
325,102,97,107
330,109,101,102
326,119,103,97
320,129,107,99
315,134,115,89
313,134,120,88
310,128,122,96
301,132,119,97
290,129,126,94
278,119,128,101
268,115,130,103
264,111,130,102
260,93,139,110
260,94,138,106
265,93,138,123
263,96,146,133
263,98,144,135
264,99,132,134
267,87,130,149
276,78,120,151
274,82,113,150
283,82,101,143
286,89,86,141
282,86,86,145
285,107,75,132
286,109,74,116
281,46,67,113
275,51,61,116
283,129,60,97
282,134,65,81
279,132,63,78
281,131,64,74
282,127,60,75
285,129,62,72
286,133,60,72
293,131,57,73
299,132,57,74
298,134,58,74
309,131,52,77
313,133,56,78
315,142,57,77
315,147,56,76
320,144,56,74
326,143,57,75
326,147,56,77
325,147,57,78
328,148,56,74
326,150,59,73
331,151,55,76
329,153,55,74
331,150,57,77
330,156,57,73
326,156,61,73
330,154,68,72
328,157,85,67
314,101,83,80
313,86,61,91
374,151,79,90
375,148,99,114
371,134,127,141
372,142,165,140
344,141,196,145
344,140,220,150
347,153,246,133
346,162,254,139
343,158,255,161
343,164,269,147
329,176,273,136
322,167,265,138
325,170,234,126
316,167,238,130
305,157,237,133
311,151,219,141
313,138,194,139
306,120,181,154
311,114,151,147
295,132,134,124
288,143,133,91
282,141,136,73
274,107,123,98
249,68,131,115
232,48,123,124
204,29,119,117
181,9,125,106
169,4,127,84
145,4,140,78
130,-2,138,67
130,-2,138,67
130,-2,138,67
130,-2,138,67
130,-2,138,67
130,-2,138,67
130,-2,138,67
130,-2,138,67
130,-2,138,67
130,-2,138,67
130,-2,138,67
130,-2,138,67
130,-2,138,67
130,-2,138,67
130,-2,138,67
225,100,115,69
225,100,115,69
225,100,115,69
225,100,115,69
225,100,115,69
295,176,103,51
293,187,103,44
303,194,99,41
296,201,104,39
308,201,90,40
310,200,87,38
313,199,74,36
312,197,73,41
303,194,78,45
302,189,76,54
306,185,66,69
303,188,59,77
308,191,48,80
311,190,40,77
308,196,31,75
309,197,34,75
312,193,36,81
311,201,45,89
306,207,48,90
306,209,47,84
308,204,49,80
312,200,49,76
308,191,52,72
307,179,56,74
303,172,64,89
299,172,58,98
302,164,56,95
305,154,57,92
306,149,50,94
303,148,46,86
306,149,45,72
304,156,49,57
297,161,56,52
291,158,68,55
288,151,75,63
286,145,86,81
285,140,86,87
280,132,90,91
271,127,110,99
274,126,111,110
276,131,106,105
296,154,90,101
306,167,74,85
306,166,71,79
314,155,60,94
315,164,56,87
307,168,61,78
307,179,62,69
301,182,66,70
290,175,77,79
286,178,86,77
275,176,94,81
269,149,102,98
289,165,94,104
320,185,81,90
323,185,84,86
345,204,79,71
346,217,84,80
342,224,96,79
331,216,92,80
346,220,90,78
351,224,86,65
340,209,84,70
338,213,86,58
328,213,86,48
320,215,82,38
310,199,79,50
294,190,81,55
277,170,77,66
263,157,73,74
246,146,69,79
234,159,79,71
217,141,72,78
205,135,68,83
193,137,76,84
183,145,69,80
171,149,79,80
162,152,83,83
151,140,80,87
149,140,62,83
167,183,59,73
155,186,66,65
153,192,76,53
152,199,77,46
155,202,76,47
149,213,77,44
146,219,82,44
156,221,70,44
156,222,83,43
156,227,82,44
156,229,90,41
159,231,94,39
160,230,105,44
184,231,113,42
187,227,126,46
183,221,143,52
189,222,164,56
208,228,172,56
253,245,170,56
241,239,177,63
269,237,182,61
290,229,184,80
308,236,187,79
329,234,180,77
346,207,177,85
355,217,175,71
370,225,160,60
377,224,156,63
379,221,151,64
381,217,150,60
378,206,150,58
380,199,141,53
383,191,129,49
392,183,113,57
381,177,102,54
373,169,99,59
365,161,94,60
351,160,89,52
348,158,83,63
328,149,83,61
315,149,80,59
298,151,86,58
290,151,88,58
288,160,74,60
285,172,66,60
280,177,64,55
274,182,57,48
268,180,65,51
268,180,62,51
263,189,57,48
259,194,58,46
253,196,62,46
247,194,69,50
250,194,63,51
246,197,63,48
244,200,59,45
241,202,59,42
242,202,54,44
231,200,63,54
234,206,56,64
220,203,70,75
217,195,79,93
219,187,73,104
203,183,90,109
206,182,92,117
221,189,75,122
229,196,63,131
233,202,57,144
231,206,59,142
234,211,54,145
230,219,53,137
225,221,57,134
229,220,52,134
223,220,57,126
211,227,60,130
210,218,72,135
215,199,75,132
228,182,76,113
234,167,76,117
241,158,74,106
245,136,86,111
253,124,89,105
261,115,92,110
263,109,101,103
271,102,102,110
271,96,111,110
272,93,111,112
277,90,111,112
280,91,111,108
281,93,112,116
286,99,108,96
285,103,105,115
292,105,105,115
291,110,102,114
293,104,113,112
296,103,106,102
298,100,107,108
298,104,105,109
295,104,105,113
297,100,110,119
300,100,105,115
299,100,104,111
300,97,101,116
296,98,108,114
296,101,110,103
299,100,110,119
294,96,114,118
287,98,124,120
284,100,132,115
278,97,151,121
283,99,151,111
278,109,162,91
274,104,174,93
264,101,187,88
257,105,189,84
254,99,174,79
267,93,151,75
266,85,150,77
274,71,146,87
279,59,152,91
293,52,151,97
299,47,151,100
313,45,139,95
328,46,125,87
336,39,116,94
347,36,102,101
333,20,108,113
354,11,104,128
361,6,133,134
366,10,144,129
366,10,144,129
347,5,120,107
347,5,120,107
347,5,120,107
347,5,120,107
347,5,120,107
347,5,120,107
347,5,120,107
347,5,120,107
347,5,120,107
347,5,120,107
347,5,120,107
347,5,120,107
347,5,120,107
347,5,120,107
347,5,120,107
347,5,120,107
347,5,120,107
347,5,120,107
347,5,120,107
347,5,120,107
347,5,120,107
347,5,120,107
347,5,120,107
347,5,120,107
347,5,120,107
347,5,120,107
347,5,120,107
347,5,120,107
347,5,120,107
347,5,120,107
347,5,120,107
347,5,120,107
347,5,120,107
347,5,120,107
347,5,120,107
347,5,120,107
347,5,120,107
347,5,120,107
347,5,120,107
347,5,120,107
347,5,120,107
347,5,120,107
347,5,120,107
347,5,120,107
262,-5,120,89
60,118,108,59
83,125,93,53
85,133,83,52
90,145,75,47
80,153,77,43
71,160,80,43
65,158,81,47
55,161,86,48
56,166,80,50
56,166,80,50
43,175,71,46
43,175,71,46
22,184,69,50
12,184,72,52
2,184,74,54
0,192,75,49
0,192,75,49
-2,189,68,60
-2,189,68,60
-2,189,68,60
-2,189,68,60
-2,189,68,60
-2,189,68,60
-2,189,68,60
-2,189,68,60
-2,189,68,60
-2,189,68,60
-2,189,68,60
-2,189,68,60
-2,189,68,60
-2,189,68,60
-2,189,68,60
-2,189,68,60
-2,189,68,60
-2,189,68,60
-2,189,68,60
-2,189,68,60
-2,189,68,60
-2,189,68,60
-2,189,68,60
-2,189,68,60
-2,189,68,60
-2,189,68,60
-2,189,68,60
-2,189,68,60
-2,189,68,60
-2,189,68,60
-2,189,68,60
-2,189,68,60
-2,189,68,60
-2,189,68,60
-2,189,68,60
-2,189,68,60
-2,189,68,60
-2,189,68,60
-2,189,68,60
-2,189,68,60
-2,189,68,60
-2,189,68,60
-2,189,68,60
-2,189,68,60
-2,189,68,60
-2,189,68,60
-2,189,68,60
-2,189,68,60
-2,189,68,60
-2,189,68,60
-2,189,68,60
-2,189,68,60
-2,189,68,60
-2,189,68,60
-2,189,68,60
-2,189,68,60
-13,280,60,57
-13,280,60,57
-13,280,60,57
21,237,48,43
22,237,51,43
21,240,50,39
21,240,50,39
6,245,49,41
4,246,46,39
1,242,43,45
1,242,43,45
1,242,43,45
12,213,38,45
17,212,34,43
20,210,34,39
28,199,40,40
28,199,40,40
28,199,40,40
28,199,40,40
54,148,34,38
54,148,33,36
54,148,33,35
56,149,34,33
56,149,34,33
62,150,30,36
61,152,29,39
59,147,30,41
62,132,29,38
66,117,28,39
63,113,33,41
62,115,31,39
62,115,31,39
50,137,29,37
49,139,29,35
49,139,29,35
49,139,29,35
49,139,29,35
49,139,29,35
49,139,29,35
49,139,29,35
49,139,29,35
49,139,29,35
49,139,29,35
49,139,29,35
49,139,29,35
49,139,29,35
49,139,29,35
49,139,29,35
49,139,29,35
49,139,29,35
49,139,29,35
49,139,29,35
49,139,29,35
49,139,29,35
49,139,29,35
49,139,29,35
49,139,29,35
49,139,29,35
49,139,29,35
49,139,29,35
49,139,29,35
49,139,29,35
49,139,29,35
49,139,29,35
49,139,29,35
49,139,29,35
49,139,29,35
49,139,29,35
49,139,29,35
49,139,29,35
49,139,29,35
49,139,29,35
49,139,29,35
49,139,29,35
115,215,35,35
114,231,37,42
104,214,38,51
24,281,41,45
74,213,49,43
49,200,54,52
56,202,65,52
61,192,74,61
37,188,94,71
34,164,117,80
31,153,116,85
27,143,126,93
48,135,118,89
65,139,108,92
85,133,94,88
91,121,85,78
94,105,82,68
109,93,79,65
129,90,75,60
155,82,71,61
172,82,76,61
196,82,66,59
214,75,64,61
231,74,62,57
241,76,69,56
255,74,72,55
266,76,73,59
279,77,74,54
291,78,75,60
301,84,74,74
300,93,84,93
312,90,80,100
313,87,78,103
315,86,79,103
320,84,73,97
319,76,81,92
326,87,73,94
278,111,89,105
258,113,105,102
220,111,122,119
222,97,142,139
169,97,170,157
147,117,168,149
121,130,176,158
96,129,184,183
94,127,163,188
82,132,173,193
68,141,176,185
56,143,188,184
45,143,198,184
20,139,226,198
8,141,243,215
26,140,220,201
24,156,214,199
42,166,183,181
72,171,151,166
79,167,146,146
82,178,137,135
60,199,145,141
33,211,153,139
31,222,144,136
26,227,138,124
27,225,136,128
30,226,131,115
13,222,147,107
9,211,144,106
7,194,150,100
6,185,159,94
10,168,153,92
12,164,151,87
42,164,124,82
55,160,112,87
71,157,107,77
85,158,96,63
105,151,96,56
122,145,94,55
142,136,88,54
157,136,85,63
168,148,81,62
181,150,75,66
197,150,65,64
208,153,66,70
215,156,67,70
218,160,66,68
222,161,65,63
223,161,65,66
225,158,67,67
233,152,64,65
240,147,64,65
246,143,66,66
257,137,66,59
267,136,61,61
274,139,59,65
277,140,61,59
283,138,59,58
291,136,56,53
295,136,55,53
300,134,56,55
306,131,56,55
311,127,57,54
318,120,57,53
327,114,55,55
338,110,55,52
342,102,57,54
348,90,55,58
356,84,53,58
357,161,56,77
362,93,55,71
364,98,52,72
373,100,44,69
380,109,39,73
383,124,42,69
389,138,46,65
449,216,54,79
423,205,69,88
445,211,86,101
448,187,102,125
452,189,117,133
436,176,145,143
431,169,169,158
440,179,181,148
449,177,172,134
444,178,180,129
449,175,180,125
454,167,185,138
457,183,175,147
471,192,173,135
488,198,157,121
502,208,138,124
514,221,122,108
522,242,105,92
522,256,108,76
525,270,107,72
534,276,101,65
547,279,91,75
549,287,85,67
550,282,87,59
548,273,88,62
534,277,98,65
527,263,105,62
524,249,112,61
519,249,121,71
509,244,125,64
501,223,139,64
510,214,134,64
499,210,142,74
472,187,167,69
463,179,170,76
457,182,169,66
442,176,156,67
435,175,146,56
423,178,136,57
412,164,135,60
403,157,130,53
381,157,123,55
372,154,121,54
350,152,120,54
332,146,125,57
329,138,122,59
321,155,113,53
304,145,118,66
307,138,109,77
308,145,105,74
302,143,102,81
304,140,97,76
325,138,86,84
332,137,71,75
336,133,60,78
344,134,52,73
344,137,45,71
342,140,39,67
338,141,38,62
327,140,38,61
321,137,36,61
319,129,35,64
316,125,36,65
308,135,38,63
299,132,34,70
299,128,36,68
301,119,35,72
302,118,37,74
302,118,36,76
302,120,36,77
303,118,39,77
302,119,41,77
297,121,49,74
289,123,45,77
287,126,42,72
298,151,59,75
293,140,76,89
281,137,97,93
286,147,103,98
286,146,105,100
287,153,105,94
296,143,103,97
306,128,89,102
305,128,88,97
297,120,84,95
285,107,81,98
266,94,81,112
260,89,79,121
253,85,82,124
240,85,75,134
235,90,64,129
234,93,57,120
223,94,58,115
221,91,47,121
211,84,50,119
195,99,53,121
186,90,48,119
173,90,51,119
161,110,59,102
160,110,50,90
158,100,51,90
156,98,52,85
160,86,48,90
168,78,48,93
174,77,48,91
185,74,44,91
193,67,45,94
200,66,44,93
211,66,42,92
215,71,44,89
216,75,41,92
219,77,41,92
222,79,41,92
225,82,39,91
229,82,40,92
228,83,39,89
228,86,41,89
231,86,40,91
228,87,42,93
228,88,42,90
232,87,40,91
228,91,42,89
226,94,40,90
225,92,44,89
223,90,42,90
224,88,42,88
227,86,42,87
230,83,42,91
233,82,41,92
230,87,42,89
230,87,44,93
226,91,55,92
221,89,60,85
218,88,73,77
218,93,80,63
213,92,85,66
223,90,89,69
235,97,83,77
251,91,74,79
279,84,71,68
305,64,57,63
325,51,56,63
331,48,56,66
339,29,61,78
352,4,59,80
371,3,55,74
373,15,62,72
377,30,66,66
378,33,78,65
378,33,78,65
397,163,86,70
392,167,100,71
385,160,112,77
384,151,127,79
388,149,135,75
384,151,137,74
373,148,146,75
370,147,154,75
371,155,147,72
365,158,146,73
360,161,153,68
354,161,151,72
352,158,155,70
354,158,145,71
348,156,144,67
350,151,144,68
345,149,147,65
337,148,141,68
335,148,137,69
317,144,137,66
303,145,140,67
299,141,135,66
290,145,135,61
285,142,131,66
278,136,132,74
273,134,135,75
269,132,136,76
260,129,137,78
260,125,131,82
250,126,132,91
253,125,124,76
243,129,124,76
238,128,117,69
226,130,117,69
221,131,105,66
205,132,112,72
197,132,114,92
195,132,114,90
189,134,116,80
183,138,118,87
180,136,121,88
180,138,120,77
180,140,115,74
178,141,117,70
175,142,119,68
172,142,119,69
173,141,120,69
165,142,126,66
168,142,122,67
166,142,123,66
165,142,123,68
165,142,121,67
163,141,123,65
158,142,128,65
159,141,121,66
148,143,127,65
150,144,123,67
149,144,121,67
146,147,121,66
145,149,117,67
134,151,126,69
131,151,122,66
128,150,120,66
129,150,118,66
121,150,125,63
117,147,122,64
116,145,120,64
115,141,115,66
121,142,111,62
121,143,110,62
122,142,109,62
123,140,109,63
124,137,109,63
124,133,107,64
127,133,105,63
131,132,99,60
127,130,103,62
127,131,102,63
124,129,103,66
116,129,108,62
113,129,108,61
111,123,103,63
108,120,106,66
108,112,106,66
110,104,105,70
110,102,107,66
114,94,106,67
114,87,106,68
112,78,110,69
116,63,105,66
117,49,105,70
115,31,116,77
117,20,116,70
112,4,131,70
110,2,122,55
110,2,122,55
110,2,122,55
110,2,122,55
110,2,122,55
110,2,122,55
110,2,122,55
110,2,122,55
110,2,122,55
110,2,122,55
110,2,122,55
110,2,122,55
110,2,122,55
110,2,122,55
110,2,122,55
110,2,122,55
110,2,122,55
110,2,122,55
110,2,122,55
110,2,122,55
110,2,122,55
110,2,122,55
110,2,122,55
110,2,122,55
110,2,122,55
110,2,122,55
110,2,122,55
110,2,122,55
300,54,111,50
291,36,125,67
312,28,142,66
305,31,148,49
287,26,150,57
254,12,157,69
240,8,143,63
225,6,132,68
209,11,130,67
202,8,108,64
192,5,93,74
184,4,92,76
174,20,110,69
144,19,125,77
126,20,113,88
128,13,95,102
123,26,89,87
118,31,101,86
110,26,110,90
111,24,81,99
106,32,86,99
121,49,85,89
133,65,92,75
152,74,103,55
146,77,118,45
154,69,112,47
161,61,109,44
169,57,100,42
172,42,97,52
181,32,90,55
189,28,84,51
208,24,80,46
222,20,75,42
247,13,72,44
257,6,70,45
283,5,66,43
304,1,65,43
304,1,65,43
304,1,65,43
304,1,65,43
304,1,65,43
304,1,65,43
304,1,65,43
304,1,65,43
304,1,65,43
421,8,61,52
402,16,67,52
387,27,77,48
385,34,68,43
390,27,62,48
392,25,56,52
380,28,67,52
381,31,68,52
385,32,61,50
380,38,67,46
376,40,68,46
375,47,67,44
378,48,63,45
379,56,61,44
376,62,68,37
374,65,72,39
374,65,72,39
374,65,72,39
364,65,74,40
364,65,74,40
363,52,73,51
363,52,73,51
363,52,73,51
363,52,73,51
363,52,73,51
384,4,65,56
388,0,71,58
388,0,71,58
388,0,71,58
388,0,71,58
388,0,71,58
