283,272,117,73
286,275,111,72
284,275,113,71
291,276,105,71
290,274,108,71
288,275,109,71
289,275,107,71
290,275,108,71
295,276,102,71
288,275,110,70
290,275,106,72
298,275,99,71
286,275,112,69
291,275,105,72
294,275,104,71
295,275,103,70
287,275,111,70
290,276,107,71
289,275,108,71
285,275,111,70
289,276,107,71
288,275,109,71
287,275,109,71
300,276,96,71
286,276,111,67
290,275,106,70
285,275,111,70
299,276,96,71
283,276,114,67
289,276,106,69
285,275,111,69
287,276,109,68
287,275,108,69
286,276,110,68
288,276,106,68
288,276,108,67
289,275,106,69
286,276,108,68
301,277,94,67
302,278,91,65
294,278,99,65
277,259,118,87
292,267,107,83
281,271,114,73
256,245,139,106
179,121,199,212
185,123,198,215
185,125,200,214
187,131,200,208
209,132,183,212
200,138,187,204
208,143,182,198
212,148,186,196
222,150,180,199
223,153,178,195
222,155,180,192
238,155,165,194
240,154,162,195
242,154,161,192
251,153,152,193
264,150,140,190
265,159,137,179
273,161,135,170
275,171,131,157
274,167,140,152
276,171,142,146
285,186,133,126
276,148,147,163
281,143,143,168
284,122,138,194
281,119,143,194
280,134,151,178
283,127,164,182
285,135,169,175
280,118,175,196
278,146,171,154
282,145,161,162
283,153,153,153
281,164,134,138
279,169,130,131
280,168,134,132
277,166,132,132
274,171,122,125
275,172,131,123
275,172,142,125
274,170,127,125
276,170,129,125
277,172,140,125
279,161,147,135
280,155,154,141
283,155,160,142
283,147,155,150
285,144,164,153
286,137,167,161
290,148,161,150
299,156,142,140
303,147,145,150
299,150,154,149
299,132,145,167
299,144,140,154
298,137,139,163
296,157,137,141
295,154,136,145
294,158,130,140
292,158,128,140
293,158,128,137
286,160,130,134
281,160,133,131
280,160,134,130
278,163,133,127
276,163,133,128
276,161,136,132
277,162,132,138
276,162,132,140
274,162,135,141
276,163,132,143
277,163,132,141
278,164,130,138
282,166,127,138
282,164,129,138
284,164,126,137
281,164,129,138
282,164,131,138
282,164,128,135
285,164,127,132
283,162,132,133
283,162,131,134
280,166,133,130
283,165,129,128
282,168,126,125
282,169,126,125
267,166,141,127
259,165,145,126
262,166,141,125
255,165,151,126
246,167,164,122
249,163,166,127
274,158,143,132
257,158,164,132
229,158,189,131
218,158,201,128
258,164,160,124
283,161,140,128
291,158,133,128
270,163,151,126
302,159,133,129
299,159,142,129
299,159,145,131
301,157,151,132
304,157,143,134
303,156,144,136
303,158,144,134
302,163,137,130
301,165,138,128
301,163,142,128
300,160,150,133
301,154,154,141
303,169,150,124
303,167,153,130
304,161,159,136
307,167,156,133
306,167,159,133
311,117,156,189
313,90,162,222
317,122,151,185
323,120,150,187
332,146,139,158
338,154,128,147
339,159,124,141
338,163,125,137
343,162,124,138
341,157,136,149
342,150,156,157
341,153,164,157
339,164,166,142
336,192,183,119
339,167,172,140
340,165,169,137
338,169,171,132
340,168,169,130
338,168,173,129
338,167,175,135
335,168,170,133
333,168,169,136
335,167,173,144
333,169,143,132
333,169,161,140
336,170,139,136
334,163,138,145
332,152,140,158
329,149,142,162
329,136,141,177
334,132,134,181
332,131,138,189
330,137,141,187
328,143,146,180
325,154,156,169
325,160,151,157
324,168,146,150
323,164,141,152
323,170,140,147
326,171,136,147
332,173,127,146
327,174,125,140
327,168,120,143
329,171,116,142
329,169,112,143
322,169,115,141
275,167,166,141
285,166,148,147
266,164,167,146
230,157,197,147
233,153,193,148
227,154,198,145
226,150,197,149
229,148,195,150
240,154,183,140
230,160,194,136
240,163,182,135
234,162,190,135
252,161,170,139
238,166,186,131
248,165,175,132
234,169,188,129
261,178,159,117
296,175,121,126
294,177,123,128
304,170,116,140
288,181,132,122
287,159,130,143
300,177,119,128
255,170,165,137
258,177,163,123
215,174,209,125
178,170,246,112
173,167,250,116
177,164,250,123
182,165,246,120
183,164,245,124
176,161,248,125
176,157,245,125
190,166,237,123
194,178,237,106
187,181,242,103
180,186,248,96
180,178,245,108
174,176,243,104
185,171,245,114
188,168,227,110
188,168,233,112
192,166,207,112
184,167,216,112
192,167,235,114
182,160,234,120
190,163,218,124
183,156,235,131
195,161,231,126
194,165,228,122
193,164,218,118
290,166,142,138
262,165,172,136
263,160,170,143
272,165,162,136
238,162,196,135
223,158,208,134
233,153,199,145
261,160,175,140
275,162,160,139
262,159,175,141
275,161,158,142
244,156,187,141
232,149,201,143
237,155,194,137
234,153,197,134
237,154,194,135
232,150,198,145
230,149,201,148
229,145,202,152
223,140,207,157
221,142,211,156
221,144,212,153
212,144,221,152
212,143,220,154
215,143,220,150
213,146,224,147
215,149,218,147
213,145,220,154
209,142,221,154
210,152,224,137
213,149,222,145
217,147,211,128
211,145,222,144
211,146,226,145
214,143,220,149
212,144,222,148
210,136,222,158
205,136,226,152
210,136,221,165
225,130,208,177
230,122,206,181
230,117,202,183
233,125,196,182
227,131,203,172
226,124,203,177
243,135,189,171
235,122,194,175
239,123,190,175
247,131,183,173
251,126,178,181
251,129,178,171
268,138,163,167
267,141,164,165
259,141,171,166
261,129,169,180
256,119,174,187
253,139,179,166
258,134,173,173
268,150,166,156
249,145,183,159
305,157,128,151
302,146,132,162
302,158,132,144
291,159,143,143
299,151,134,146
259,155,169,142
242,149,189,150
246,137,185,154
267,130,162,168
240,116,186,177
231,108,196,188
237,105,185,195
235,117,186,178
243,127,181,173
249,118,179,181
257,110,167,198
256,102,172,203
255,101,174,198
254,114,177,191
258,88,176,219
264,77,174,229
269,94,177,219
274,87,163,228
281,136,154,170
289,106,154,207
287,131,153,180
290,91,152,229
292,96,158,222
290,92,161,225
288,98,160,219
288,125,156,187
288,127,156,191
285,115,150,197
282,101,151,211
280,98,157,212
279,126,158,185
275,112,156,202
274,106,150,217
271,92,152,229
274,122,141,192
270,98,138,215
272,103,134,213
271,136,129,171
274,99,124,216
279,102,117,206
280,157,116,144
280,155,119,147
278,159,115,146
274,132,119,175
275,148,117,156
272,154,119,148
272,156,123,148
276,154,124,145
276,155,120,147
279,151,119,149
277,153,120,141
276,154,124,139
279,145,119,156
279,156,107,147
286,148,107,157
280,147,102,160
280,149,113,157
277,158,111,148
277,159,114,145
279,161,110,146
283,160,99,147
283,164,122,140
277,162,124,141
275,159,120,147
281,159,117,148
277,154,123,155
276,164,132,138
281,157,131,147
278,163,123,142
287,166,110,138
288,167,106,142
287,165,101,141
291,166,99,136
290,169,99,127
286,166,98,126
286,164,99,126
291,162,100,129
284,159,94,128
290,153,94,134
288,149,96,139
294,144,96,145
286,141,106,154
288,135,107,163
288,133,105,163
284,126,108,173
289,124,102,175
282,93,112,210
277,89,119,218
276,101,117,207
277,107,119,201
277,144,124,161
273,109,130,202
276,99,125,214
275,88,117,214
277,109,114,193
277,108,109,202
275,132,111,174
273,132,110,167
270,138,110,163
265,139,113,160
261,142,115,160
258,142,124,160
256,145,130,160
256,144,135,159
256,143,138,158
258,146,142,158
259,146,144,155
260,146,145,159
258,147,147,158
257,149,144,153
258,153,151,150
258,156,150,146
257,155,150,148
257,157,151,148
256,155,156,152
255,156,157,150
255,153,152,149
259,151,151,151
259,143,155,161
262,101,154,212
266,127,147,176
268,132,147,177
268,144,149,162
267,141,151,168
270,136,139,169
272,143,144,161
268,145,142,152
270,146,146,155
272,131,149,174
271,134,149,172
271,143,146,164
270,149,144,154
268,133,147,171
268,145,142,157
266,130,152,175
264,139,152,166
263,140,155,167
261,148,155,157
260,151,154,153
259,108,149,200
261,110,155,197
262,86,146,222
260,153,155,145
261,119,164,189
261,120,167,189
261,142,168,160
264,146,165,156
267,100,163,208
262,112,173,200
260,84,175,226
258,75,184,245
247,69,192,246
246,71,193,241
240,69,200,242
253,74,176,236
241,120,200,191
242,98,203,218
244,99,193,210
244,78,202,236
259,109,169,195
242,90,202,224
248,107,195,199
237,76,207,233
249,96,186,209
250,127,200,178
246,145,195,156
237,148,206,151
243,149,215,149
241,147,218,152
238,147,224,152
244,150,217,150
230,149,229,151
221,148,238,153
231,142,230,162
215,137,247,164
209,130,250,175
217,116,231,187
213,100,226,210
219,96,232,204
218,100,225,204
217,103,227,207
218,109,229,198
224,111,215,198
214,129,240,172
233,145,216,157
231,137,221,164
237,115,214,191
230,120,217,186
229,126,221,180
243,112,203,197
229,100,213,210
233,78,203,226
249,104,187,201
243,97,200,215
228,75,210,232
257,112,181,194
244,122,214,183
257,139,194,164
249,118,204,188
239,87,217,219
248,127,192,174
246,118,178,175
236,127,206,168
241,142,194,152
250,150,182,151
266,155,162,141
239,151,186,145
269,162,145,137
226,160,181,132
235,161,184,135
232,159,178,137
227,158,176,135
253,161,164,138
251,160,164,136
260,163,154,137
274,161,144,138
271,163,149,139
274,162,137,137
273,163,144,138
274,163,146,141
273,159,142,141
271,159,150,141
268,159,150,142
271,160,144,139
276,151,137,150
275,118,147,187
282,108,127,198
281,91,130,217
278,151,121,146
269,164,126,132
268,166,120,130
270,168,129,130
266,171,123,124
270,176,115,120
270,178,105,113
271,170,107,117
279,162,123,132
270,88,148,219
275,74,130,228
281,71,130,229
280,137,122,158
247,140,175,155
247,102,167,195
244,86,178,216
223,78,209,219
233,83,195,215
235,76,194,221
240,74,191,222
250,71,184,224
233,72,200,221
219,73,223,219
227,79,216,216
215,76,218,203
219,77,218,212
227,80,209,212
223,81,212,210
221,79,212,209
221,79,215,210
222,80,216,207
222,77,213,210
225,78,212,200
228,78,211,204
232,77,209,210
234,77,207,210
238,77,204,214
236,78,202,211
240,78,202,213
240,77,195,217
239,79,192,212
246,77,195,221
243,77,178,214
243,80,190,220
237,83,183,217
249,80,180,224
249,79,177,224
255,77,162,226
257,75,157,225
268,76,148,230
276,77,138,228
277,77,129,228
283,81,126,224
277,81,135,226
280,80,132,225
278,80,134,227
278,81,131,227
271,77,140,232
271,80,138,226
269,80,146,227
268,79,139,224
274,81,132,225
271,81,142,226
271,77,128,226
270,80,138,224
271,79,127,225
272,80,130,224
270,78,136,225
270,79,143,225
271,78,139,225
265,77,141,226
271,80,140,222
273,77,137,226
275,79,137,226
274,79,138,226
276,80,139,224
281,73,127,227
283,75,133,226
282,76,131,229
290,79,133,224
292,76,126,227
294,77,120,223
297,75,121,227
297,76,136,228
300,72,132,232
303,74,137,238
301,72,133,242
303,67,131,242
306,69,118,245
311,75,111,230
317,80,124,225
321,80,95,203
322,77,110,244
327,92,118,220
341,124,110,175
338,133,113,166
335,117,116,185
330,107,118,197
338,107,109,195
339,102,105,201
335,99,105,204
341,102,98,197
329,94,109,208
334,95,102,203
317,92,118,209
319,92,116,205
319,96,117,206
312,93,123,209
315,93,121,211
313,94,122,207
308,91,122,206
309,92,118,203
307,88,116,200
313,90,115,208
313,92,114,206
314,97,111,203
310,90,114,209
311,88,113,209
309,88,107,207
310,88,105,206
307,88,109,205
310,90,104,203
306,92,108,205
306,109,109,187
302,90,111,207
283,103,131,194
278,104,136,194
273,126,141,166
270,106,143,188
267,107,148,190
261,123,153,168
257,112,158,181
259,143,153,152
254,138,161,156
251,131,163,163
252,141,163,152
249,140,166,153
249,127,166,168
248,116,167,182
252,141,163,153
252,135,164,159
250,102,167,199
252,142,163,150
251,128,165,167
251,99,162,198
251,96,162,198
256,146,159,148
253,91,161,205
253,105,161,188
252,92,161,204
255,111,162,181
254,94,159,202
257,120,160,171
258,119,159,176
259,111,158,182
262,95,153,199
260,93,155,199
262,126,158,165
261,109,158,188
268,117,149,174
269,115,148,176
256,116,164,174
276,134,146,161
276,112,145,184
272,133,149,164
290,133,131,162
299,141,118,155
307,101,110,195
312,123,104,172
313,116,102,182
316,129,95,170
316,140,97,158
308,123,107,178
315,119,96,184
319,136,95,161
316,122,99,175
304,112,111,188
301,110,120,190
310,144,112,152
305,132,123,167
296,110,135,188
301,122,134,178
305,140,132,155
297,119,143,177
300,131,141,163
295,144,146,152
291,147,151,148
293,142,149,152
293,156,147,139
287,136,155,157
282,131,158,167
278,122,163,174
274,119,165,181
270,124,167,171
257,106,174,189
255,120,173,175
248,114,176,178
245,123,175,170
238,128,180,165
229,126,183,168
222,127,188,166
215,128,190,165
205,125,181,163
200,129,188,163
198,131,191,161
193,129,190,163
192,130,191,161
192,130,189,161
192,131,190,160
189,126,189,164
190,126,191,165
194,124,186,166
198,120,180,168
204,120,174,170
210,114,167,175
214,112,158,175
221,111,161,180
226,109,162,182
232,106,157,187
238,105,156,190
240,101,156,192
245,106,152,188
248,98,151,194
252,131,146,160
260,159,141,129
262,123,145,174
273,117,142,177
274,156,144,134
281,171,142,120
306,198,119,93
282,168,143,119
293,205,125,88
302,175,119,121
309,175,123,119
289,158,151,135
294,133,150,166
294,110,156,191
300,110,153,192
302,103,157,198
302,104,160,199
302,109,161,194
303,120,158,182
305,112,163,191
305,111,168,194
306,110,173,197
307,110,172,197
311,109,172,198
311,109,174,198
309,113,174,195
313,111,174,199
313,111,176,200
310,117,170,193
313,108,172,205
310,108,174,206
310,107,172,207
311,105,171,211
312,104,164,213
312,101,165,217
307,100,166,217
301,95,171,222
301,93,172,221
304,101,162,216
300,98,163,218
303,98,156,218
302,96,157,219
300,94,155,217
298,98,154,212
298,95,151,213
298,98,150,213
296,96,151,210
296,96,151,209
295,95,154,209
294,97,154,210
294,95,150,210
292,93,150,214
288,96,162,213
289,96,170,214
291,95,168,217
287,97,164,214
290,97,159,213
292,95,156,216
295,94,147,216
294,96,143,212
294,95,137,212
289,93,141,211
281,90,144,213
279,87,144,214
278,88,142,213
276,88,144,213
278,86,142,212
278,87,142,215
270,85,152,217
274,84,146,218
268,83,136,220
274,79,125,223
274,81,128,225
277,82,118,223
275,82,122,222
276,154,116,140
277,161,122,137
273,154,129,142
271,154,129,144
270,154,131,142
269,171,132,130
266,175,135,123
267,175,132,127
267,173,131,132
268,179,119,125
271,177,108,125
272,181,102,116
278,183,84,111
281,183,77,120
282,182,75,121
284,182,71,120
281,180,84,126
281,178,81,129
278,176,82,133
280,179,77,127
280,180,82,125
282,180,77,129
283,179,75,127
282,179,89,126
281,180,88,129
279,180,88,129
282,181,89,131
282,180,89,128
282,179,88,132
281,178,96,135
284,177,96,139
281,176,107,138
280,169,132,144
273,175,120,138
272,174,113,137
267,169,144,146
264,168,134,150
271,168,135,140
273,165,129,138
273,162,124,139
275,163,120,142
273,159,126,144
269,157,127,148
271,156,130,156
274,155,120,149
274,149,124,155
276,144,117,161
278,137,117,172
273,132,126,183
272,132,131,187
266,111,143,211
261,112,158,210
253,114,162,205
252,120,171,195
253,95,173,228
248,82,168,226
249,98,179,225
250,100,180,234
247,88,189,234
245,95,198,216
244,101,198,221
244,91,211,222
244,100,225,208
240,101,235,210
237,97,245,212
234,106,261,204
234,97,273,212
235,89,276,220
233,92,291,210
236,91,249,212
233,96,277,211
236,102,249,207
238,114,270,197
241,115,272,197
244,118,281,189
239,108,285,204
241,112,295,197
238,105,280,201
237,109,284,196
238,117,287,189
240,113,260,189
239,122,269,179
235,117,267,192
241,119,244,182
240,121,239,180
239,123,223,182
242,122,210,185
243,125,207,180
247,124,196,180
249,126,194,176
250,126,194,176
251,123,195,180
246,124,201,179
249,124,197,180
244,125,204,178
244,123,204,179
245,125,209,178
248,125,197,177
245,125,206,176
244,124,206,178
245,123,210,177
242,126,215,176
242,124,221,180
241,124,228,177
237,125,250,178
238,123,266,173
243,125,269,180
241,124,270,178
240,120,270,186
237,116,274,191
240,119,268,195
242,116,264,198
303,137,200,181
257,133,229,179
263,126,218,193
253,117,207,194
258,125,184,182
266,144,174,168
269,145,168,167
264,123,167,191
254,86,164,232
258,124,148,189
259,146,141,154
257,124,142,184
255,86,139,223
254,80,140,228
256,85,139,222
254,100,141,203
249,100,148,203
238,148,161,143
231,149,168,147
224,156,172,139
223,157,171,133
219,144,175,147
213,150,179,140
207,149,185,140
205,150,189,135
200,150,191,136
200,148,193,135
199,145,201,135
199,142,212,132
200,125,213,159
210,139,211,148
268,151,156,154
298,159,134,146
296,159,138,148
287,149,149,157
277,157,163,146
280,154,162,151
291,151,153,155
307,157,133,151
311,148,133,160
298,152,146,150
296,153,148,149
287,154,161,147
294,143,152,161
291,149,157,155
239,147,212,155
217,142,231,157
219,145,221,153
227,160,210,135
226,155,210,140
230,164,202,132
239,153,193,145
235,160,195,136
237,166,189,128
238,159,186,140
236,141,184,159
232,155,186,144
234,151,183,148
240,164,175,132
243,170,166,124
246,163,160,133
249,157,154,139
250,163,149,133
239,124,157,174
231,106,158,194
220,94,160,208
214,83,167,205
213,82,168,209
209,73,167,214
204,50,169,236
200,49,168,232
209,71,155,209
209,50,153,240
208,32,151,256
209,53,145,234
212,77,141,205
212,72,138,212
211,64,139,221
207,62,141,223
202,54,150,230
196,52,159,226
187,57,165,189
181,91,118,143
185,89,121,143
185,74,150,153
198,66,140,160
199,77,132,156
359,188,75,129
361,191,72,130
354,187,78,130
356,189,77,135
348,189,84,134
339,190,92,129
332,193,97,125
326,193,103,123
320,194,105,121
309,194,101,123
306,196,88,125
299,196,89,130
291,195,91,131
288,196,86,132
282,195,86,131
277,194,85,129
280,194,80,128
275,194,84,128
276,195,81,127
269,194,85,125
264,193,86,123
260,192,88,120
257,193,91,117
252,192,92,113
251,193,92,110
249,190,89,109
246,188,89,108
243,188,89,106
242,194,88,98
242,199,85,90
239,199,85,89
237,201,85,84
236,201,84,81
234,201,85,80
233,201,85,78
234,201,83,77
231,200,83,75
228,188,86,86
228,196,82,77
219,169,90,105
218,168,88,104
