296,171,34,60
296,168,30,64
297,167,29,64
297,167,29,65
296,166,30,66
297,167,28,65
297,168,28,63
295,168,32,63
296,167,30,65
297,168,29,64
296,166,31,67
297,169,29,63
295,169,31,63
295,167,30,64
296,166,29,66
296,165,30,67
296,165,29,67
296,166,30,65
295,167,30,64
296,167,30,65
295,165,30,66
296,167,30,65
296,169,29,63
295,168,31,64
295,166,31,66
296,168,30,64
295,167,30,65
294,165,31,66
295,165,31,67
295,165,32,67
296,165,31,68
295,168,31,64
295,169,30,63
296,167,30,65
296,169,29,64
297,169,27,63
297,165,29,67
298,165,28,68
296,167,30,65
294,167,29,64
296,162,25,68
296,168,26,63
296,166,28,66
298,166,28,65
297,167,29,65
297,168,30,64
296,166,32,66
296,169,31,63
297,168,29,63
297,167,30,65
297,169,31,63
296,169,34,63
294,170,42,61
295,171,33,59
295,170,33,59
296,168,31,64
296,170,32,62
297,170,30,62
295,168,30,64
294,171,31,61
294,171,31,61
303,136,42,71
291,122,50,90
284,118,51,102
275,117,52,113
270,120,54,113
260,128,55,107
297,152,60,116
295,167,52,104
296,151,66,84
283,164,60,67
289,170,44,60
295,169,34,56
296,169,32,58
295,169,32,60
298,169,29,61
297,168,30,62
296,169,32,60
296,169,31,61
298,169,30,62
297,170,30,60
297,169,30,62
295,169,32,58
293,169,34,59
294,168,34,57
295,168,32,58
295,168,33,54
295,169,32,50
295,168,32,55
294,166,34,61
296,166,33,57
296,164,32,60
297,163,31,69
297,163,35,69
297,170,43,64
296,168,42,66
296,168,47,64
295,167,47,64
295,170,38,62
297,167,47,66
298,165,46,64
302,163,49,56
305,158,47,57
313,155,43,57
321,150,39,57
332,146,43,56
340,142,45,57
340,142,45,57
340,142,45,57
366,126,46,61
366,126,46,61
366,126,46,61
366,126,46,61
366,126,46,61
366,126,46,61
400,99,47,63
403,98,46,67
404,95,46,66
402,93,47,69
398,92,51,70
392,93,53,70
388,93,52,70
379,96,53,73
374,101,48,70
367,102,44,69
363,105,37,70
345,110,48,73
331,117,57,70
320,125,44,68
309,130,48,70
301,132,48,75
296,137,40,71
289,144,42,68
285,148,41,66
282,149,48,68
279,153,45,64
278,158,35,62
278,158,29,64
277,161,30,62
275,161,30,62
273,163,32,61
271,165,33,64
271,167,31,61
270,168,29,61
266,169,31,57
266,169,28,59
264,169,28,60
264,169,29,60
262,168,30,61
262,166,28,62
263,167,29,61
262,168,30,62
261,167,31,62
259,167,33,58
262,169,29,53
261,169,30,53
260,170,30,53
259,170,32,50
260,166,31,55
258,167,34,61
258,167,33,61
257,165,36,64
258,164,33,63
258,166,33,61
257,163,34,66
258,162,33,69
260,167,31,62
259,166,32,64
261,166,31,61
261,171,29,61
261,171,29,61
261,171,29,61
261,171,29,61
262,162,38,71
266,142,49,91
277,131,52,106
289,132,51,109
291,130,54,109
295,132,56,112
297,136,61,103
303,137,63,103
313,137,55,105
320,139,39,101
246,161,42,85
248,163,41,75
243,169,47,61
244,171,47,58
249,172,42,57
249,168,44,60
250,170,42,61
248,170,43,60
248,171,44,61
247,171,45,61
247,173,44,61
248,172,44,66
248,171,43,68
249,173,43,67
248,174,46,68
253,174,43,71
258,176,40,71
260,176,42,70
263,177,42,73
272,180,41,69
273,182,44,70
275,181,44,70
277,180,42,71
278,182,45,69
282,179,40,72
283,178,38,73
286,177,36,74
287,178,36,71
287,179,36,70
288,177,34,73
288,176,34,76
286,177,36,71
287,177,35,74
287,178,35,70
288,181,36,65
287,178,37,68
286,179,38,70
286,177,37,73
286,176,37,74
285,178,39,72
286,179,39,72
286,177,38,74
284,179,41,69
283,179,42,69
282,179,42,70
282,179,43,70
282,177,42,74
284,176,40,74
286,178,38,72
284,177,40,73
285,177,39,74
282,177,41,74
281,178,44,71
284,177,40,74
282,177,43,75
284,177,40,73
286,175,37,75
286,176,37,74
286,177,37,73
285,176,37,74
286,178,37,71
286,178,35,72
286,177,37,71
286,177,37,71
286,178,37,70
286,177,37,71
286,176,37,71
285,176,38,73
285,178,38,70
286,177,38,69
286,178,39,67
284,180,40,66
285,179,38,65
285,179,43,63
282,179,42,65
283,179,43,63
285,179,40,62
285,180,41,66
284,180,42,65
283,180,43,63
284,178,40,67
285,179,40,69
285,180,39,70
288,180,38,71
286,181,38,67
286,180,39,68
288,181,36,69
289,181,36,71
290,182,33,69
340,150,46,64
291,183,42,69
297,183,57,64
293,184,68,71
293,172,72,78
293,184,73,67
290,184,69,68
286,185,73,69
284,181,73,76
282,184,76,79
283,187,73,81
290,186,69,85
296,187,63,94
304,188,60,101
309,193,60,100
315,199,59,100
319,203,61,104
323,203,61,108
327,203,64,116
333,199,65,128
341,203,69,131
343,207,74,129
349,211,73,132
359,212,73,133
361,214,76,133
365,218,82,132
364,222,86,129
365,224,94,128
366,218,90,132
371,220,90,132
370,223,90,134
373,218,92,133
370,222,95,132
361,218,104,133
358,221,106,130
357,216,109,137
359,221,109,137
365,223,90,134
364,222,82,127
380,218,67,135
377,220,68,133
376,220,70,134
378,217,67,138
381,218,68,136
381,219,67,136
385,217,65,139
387,217,59,138
385,217,62,135
388,222,60,133
387,226,62,131
384,224,61,129
380,227,66,130
380,229,67,126
381,206,62,144
380,200,61,152
384,196,59,160
383,168,69,176
385,171,69,179
385,183,75,169
380,214,87,143
384,218,62,138
381,225,65,131
383,226,58,129
383,223,61,131
383,226,60,127
384,219,58,133
379,229,65,124
371,226,72,129
377,222,65,134
381,224,62,132
380,223,63,130
370,231,72,126
372,224,65,134
370,229,60,128
361,229,58,128
349,219,58,137
317,224,72,130
306,229,69,122
297,224,63,126
275,225,62,131
257,223,56,127
244,220,48,133
200,223,66,127
167,223,81,129
132,225,88,121
117,227,85,127
105,225,78,124
98,220,77,125
98,207,65,138
94,206,70,133
95,202,66,141
98,199,66,143
97,207,70,137
100,201,68,139
104,201,65,141
104,204,71,138
117,209,76,130
120,207,80,129
124,208,87,126
146,212,70,126
148,213,74,122
155,207,69,118
156,208,71,126
159,215,68,118
160,217,68,115
165,216,66,117
168,218,72,113
169,211,77,120
174,203,74,125
181,201,69,121
188,194,68,122
192,192,68,123
199,186,68,124
205,182,67,121
218,182,68,113
222,179,67,113
228,181,54,106
234,182,50,99
248,180,41,102
251,204,39,89
252,209,43,69
252,209,43,69
252,209,43,69
252,209,43,69
252,209,43,69
349,201,42,72
352,184,50,90
362,180,52,99
368,180,59,104
373,184,60,103
384,188,61,100
392,188,61,103
387,191,75,103
381,197,95,110
379,219,104,92
389,199,100,113
391,198,102,118
391,207,103,106
390,215,104,100
382,210,113,98
380,219,116,99
386,201,109,108
391,202,106,109
389,208,107,103
385,225,114,90
388,207,108,104
387,223,114,94
388,205,107,106
391,213,104,100
386,225,112,88
384,227,112,86
388,209,105,104
383,225,112,89
386,210,106,104
387,212,107,103
385,227,108,88
382,207,106,101
377,200,112,108
374,208,109,97
372,219,107,89
369,199,106,102
361,198,111,102
356,189,111,115
356,189,105,107
353,188,97,106
353,185,89,104
352,179,82,103
352,177,75,99
349,178,74,92
345,175,74,93
342,178,67,89
339,179,59,91
334,178,64,91
332,178,62,91
330,177,58,89
329,174,55,91
326,175,55,86
321,177,57,81
321,177,52,78
319,172,51,80
320,169,47,77
321,164,47,77
322,162,45,73
325,161,41,69
327,157,42,70
330,156,40,68
332,153,33,67
333,158,35,63
336,155,33,62
338,156,39,62
342,156,43,60
344,156,43,60
348,156,41,59
351,158,42,58
355,161,42,54
357,160,44,55
361,155,44,61
365,155,44,60
366,155,44,63
369,156,40,55
367,155,40,56
364,155,42,57
364,155,41,57
364,155,39,54
361,155,40,55
361,157,39,52
360,160,36,50
357,166,38,46
355,171,41,38
357,168,41,37
358,165,41,37
360,162,42,35
362,157,41,38
360,152,46,39
352,145,53,40
345,140,58,38
339,136,62,39
334,126,62,46
334,128,64,44
332,107,60,61
328,98,67,73
330,95,68,79
326,96,72,83
335,97,62,101
332,115,65,87
319,105,74,100
326,104,65,101
319,106,69,105
318,113,69,96
315,106,71,105
323,111,63,100
322,113,62,100
312,108,73,106
298,104,84,112
284,98,102,120
282,100,105,116
280,99,103,116
273,95,107,123
251,100,115,124
279,105,92,114
286,97,83,121
287,95,87,123
287,93,76,124
286,92,89,126
288,91,91,128
290,94,89,127
287,100,95,120
284,100,95,118
285,98,96,122
282,100,99,118
278,97,102,120
267,89,111,130
246,76,132,151
249,65,126,157
254,67,118,160
247,79,126,149
251,56,122,165
246,62,130,166
247,71,129,146
246,66,126,156
246,62,124,161
252,64,119,159
233,52,136,167
222,25,136,198
225,10,134,217
228,13,135,213
244,9,109,220
250,18,100,219
246,26,98,210
245,37,120,200
267,36,98,194
273,69,96,155
279,102,83,125
289,112,78,102
304,110,69,99
309,109,73,94
323,105,66,91
333,100,59,86
347,92,54,90
354,82,53,86
360,75,49,83
366,69,45,86
375,63,40,85
378,55,39,84
381,47,37,89
384,42,37,87
384,42,37,87
384,42,37,87
384,42,37,87
384,42,37,87
384,42,37,87
388,41,34,81
386,42,36,83
387,43,36,89
384,46,40,91
385,53,42,87
385,61,46,86
387,64,46,89
389,70,48,86
392,73,47,86
395,73,48,84
397,75,50,78
403,78,47,80
406,73,45,82
410,71,43,81
411,69,43,81
411,69,44,77
413,67,42,79
414,66,42,75
415,64,41,75
416,63,41,75
417,61,43,76
418,62,43,73
418,63,44,70
421,63,43,70
422,61,43,74
422,63,44,72
422,63,43,74
424,63,41,74
421,64,43,75
424,62,40,76
424,59,40,78
423,57,40,78
419,54,43,78
423,51,37,79
419,48,39,79
417,45,38,80
415,40,37,83
412,32,39,85
409,28,39,89
403,23,40,93
398,20,41,92
390,19,43,90
382,19,45,93
374,20,46,94
364,26,52,89
356,29,49,93
347,33,51,98
338,41,51,101
330,50,54,97
320,61,56,96
312,70,61,97
306,79,60,97
300,91,63,94
295,98,58,97
295,103,55,96
294,112,55,91
293,116,55,93
292,121,53,87
294,122,45,90
296,120,45,89
295,124,40,90
296,121,45,94
295,122,46,93
297,125,41,93
244,159,45,76
246,164,42,71
245,166,44,69
247,173,42,65
244,176,44,63
247,177,43,63
246,179,43,63
246,178,43,64
243,185,47,59
244,182,45,61
246,181,46,65
245,182,44,63
243,179,44,64
248,176,43,69
248,177,42,66
245,179,46,63
241,176,50,66
243,175,48,67
247,169,45,71
251,157,42,80
255,148,36,92
257,167,33,78
254,175,36,69
254,175,36,68
253,175,37,70
252,174,39,65
251,175,40,60
251,175,40,58
253,175,38,60
254,174,37,60
253,175,39,63
253,175,38,61
253,175,37,64
254,174,37,64
254,175,37,68
253,175,37,62
254,175,36,59
252,176,38,57
253,176,37,55
253,176,38,53
252,176,39,51
250,177,40,44
251,176,38,43
252,176,39,45
248,178,43,45
253,176,38,51
252,175,39,56
251,176,41,53
251,176,42,59
253,175,38,62
254,174,37,67
254,175,37,67
254,175,36,65
254,176,37,64
256,176,36,66
255,174,36,67
256,175,36,67
256,175,34,67
255,174,37,67
254,176,37,63
255,177,38,61
255,177,42,60
256,174,39,66
256,175,38,65
256,175,36,63
255,177,38,60
254,176,38,63
255,176,36,66
254,176,37,67
253,176,40,64
252,176,41,61
250,177,43,62
251,177,41,64
251,177,42,62
250,177,43,63
249,177,44,61
251,175,41,67
249,175,43,64
250,175,41,66
248,176,43,65
246,176,46,67
247,177,43,67
251,177,42,66
252,176,40,67
249,176,41,64
250,177,42,64
251,177,41,65
253,176,39,66
253,175,39,65
256,175,36,68
254,176,38,64
256,176,35,64
256,176,36,65
251,177,41,62
254,177,37,66
250,177,42,66
247,177,44,66
248,177,43,66
247,178,43,65
254,177,36,63
250,177,42,65
250,176,42,65
251,177,41,64
248,176,44,65
246,175,45,68
251,177,42,62
251,176,40,63
252,177,39,63
252,177,37,64
253,177,37,66
253,175,38,65
253,175,39,65
253,176,37,66
252,176,38,67
250,176,41,66
253,178,39,63
252,177,39,64
253,175,40,64
256,174,35,67
255,174,35,63
252,174,39,63
254,176,37,66
256,174,34,69
257,172,33,70
256,173,35,70
255,174,36,69
255,174,38,71
251,175,40,67
254,177,39,67
253,181,39,63
255,187,37,58
256,182,41,63
255,179,55,63
255,178,59,61
265,177,62,57
275,172,56,56
283,163,62,54
299,155,57,54
318,144,49,58
342,133,55,57
354,115,50,65
372,104,44,71
376,95,52,70
389,87,51,70
400,81,50,72
405,79,49,60
410,78,49,59
413,78,47,60
414,81,46,62
413,84,44,68
409,87,46,64
404,93,46,61
397,97,50,60
391,102,47,61
384,108,47,59
378,114,44,57
373,119,39,56
370,121,36,68
369,127,31,64
360,125,39,64
353,131,43,61
344,130,50,66
338,133,54,65
326,138,59,61
318,135,47,60
312,135,45,58
305,134,44,57
304,138,39,55
298,136,46,57
297,135,41,58
291,136,48,58
289,137,44,60
287,136,48,60
286,134,48,63
284,138,48,61
283,141,52,59
281,138,50,61
285,141,51,60
283,140,52,60
284,143,49,61
281,140,57,62
283,143,56,60
282,143,48,59
288,144,43,62
286,144,44,59
285,144,51,60
285,145,41,63
284,145,45,61
284,146,50,61
280,143,51,62
281,146,59,60
280,146,56,59
279,145,51,59
280,144,46,64
282,148,41,61
284,146,37,61
283,142,38,63
282,146,47,61
283,145,45,63
286,148,39,60
284,150,47,59
284,147,44,60
286,146,37,59
283,147,38,61
282,143,39,63
282,146,39,63
283,146,39,60
283,146,38,63
282,143,38,63
282,150,41,59
283,148,40,60
283,147,40,62
287,150,39,61
285,148,38,59
284,151,44,58
283,150,51,60
284,154,49,57
284,153,45,57
285,151,41,62
285,148,37,62
284,152,38,57
285,150,40,60
284,153,46,56
283,150,46,58
285,148,41,61
283,147,41,60
283,150,40,60
283,146,36,60
281,149,36,60
281,147,39,59
281,149,41,59
281,146,41,62
282,148,41,60
283,146,35,59
282,144,36,61
286,149,35,57
289,146,33,57
290,146,42,59
293,145,42,58
294,147,43,59
298,145,41,58
299,148,42,58
303,145,38,56
306,146,39,61
306,147,44,58
311,147,40,58
314,145,37,58
317,146,36,58
320,145,33,58
323,146,33,57
325,145,40,60
328,145,39,59
331,145,41,59
336,145,40,57
337,144,39,60
340,143,39,61
342,142,41,59
341,142,50,61
346,137,41,64
347,143,49,59
349,142,49,60
353,142,47,60
355,142,46,61
358,141,47,61
360,141,48,61
362,139,47,64
364,137,45,66
368,138,45,63
367,138,47,64
367,137,50,65
369,139,50,64
370,134,51,66
370,136,53,66
372,139,55,67
374,139,53,63
374,138,57,65
373,136,60,69
377,138,55,66
375,137,58,69
377,138,56,68
379,135,53,71
376,140,57,68
377,136,55,73
371,138,61,72
371,139,59,73
372,137,59,79
370,140,61,75
369,139,59,75
370,141,55,74
367,140,56,74
365,138,55,76
361,136,57,81
356,140,56,77
353,139,60,79
350,141,54,78
349,143,45,75
344,142,48,75
341,150,44,68
338,146,43,70
331,145,45,70
327,153,41,62
323,154,41,61
319,154,39,60
313,151,39,62
307,151,41,60
302,150,41,60
296,144,43,66
290,145,43,65
283,142,44,65
279,142,41,65
270,136,45,71
263,128,47,76
253,125,52,76
250,129,49,70
244,123,49,75
238,119,53,76
227,116,54,76
221,114,62,82
216,108,54,79
213,107,47,82
208,111,47,77
202,108,46,75
199,107,41,75
193,102,44,77
191,99,39,77
186,104,42,70
180,101,45,71
179,100,41,70
178,102,40,66
178,101,40,66
176,101,39,64
177,99,38,64
177,105,36,58
177,110,34,51
178,109,33,51
179,108,34,49
181,109,33,47
183,107,33,48
185,107,37,46
188,107,36,44
192,106,35,46
201,99,30,52
205,100,31,52
212,98,31,54
220,104,31,47
226,103,33,48
229,107,40,45
236,103,39,50
245,92,41,62
256,92,38,65
265,91,41,65
272,93,49,63
283,93,45,64
295,94,37,65
307,94,36,64
319,95,38,65
327,97,36,62
337,99,39,60
346,103,38,59
354,108,38,55
360,108,42,52
367,109,40,54
372,106,41,57
378,104,41,60
383,104,45,60
387,110,37,55
390,113,35,52
391,119,34,47
391,111,34,56
391,115,35,54
390,122,34,48
388,125,33,46
385,126,33,47
382,128,32,46
382,128,29,47
376,128,31,48
373,127,33,50
368,129,34,47
365,131,32,46
361,133,34,46
358,133,35,47
355,135,34,47
353,137,33,48
351,138,33,48
348,139,32,51
347,142,31,50
345,144,32,50
343,148,32,49
342,149,33,51
341,151,34,53
340,156,34,50
341,156,36,53
341,159,36,54
341,160,37,56
342,160,39,59
342,159,41,64
343,158,40,67
344,161,41,66
345,162,42,68
346,164,42,68
345,160,45,74
346,158,46,79
346,166,45,75
348,170,45,76
350,176,48,77
350,186,51,74
352,191,49,75
354,197,49,76
354,200,50,81
354,207,50,81
353,208,50,86
351,208,52,89
349,214,53,85
347,218,53,85
344,213,55,92
341,205,53,105
338,206,59,105
335,207,55,108
331,213,60,104
330,208,56,106
326,212,62,105
324,213,65,103
323,213,56,103
320,209,53,103
317,217,54,94
315,216,50,94
311,214,50,95
308,215,52,92
304,215,50,91
299,215,46,89
294,215,48,86
289,214,47,87
283,216,47,83
279,213,47,86
275,212,45,85
271,217,43,79
268,215,42,77
264,218,42,75
263,216,42,75
265,217,40,74
266,221,39,71
267,218,37,74
268,219,38,72
271,218,35,73
274,219,33,72
318,180,45,56
318,179,46,50
318,171,46,54
320,173,44,50
320,173,44,50
320,173,44,50
320,173,44,50
320,173,44,50
320,173,44,50
320,173,44,50
320,173,44,50
320,173,44,50
320,173,44,50
253,221,39,57
261,221,43,64
264,220,43,72
263,218,46,74
262,217,47,74
261,215,45,80
262,216,46,78
261,215,45,78
262,212,45,83
260,212,49,81
261,216,47,78
260,218,46,74
256,215,51,78
252,213,56,82
248,201,59,94
241,203,65,94
238,203,67,94
234,208,67,89
237,209,61,87
229,203,69,97
227,201,63,99
226,202,59,97
219,200,58,102
215,206,52,93
204,201,57,100
192,206,60,93
186,202,61,96
176,196,65,103
168,198,66,97
160,190,68,101
159,194,68,91
160,186,65,94
160,186,67,87
163,188,64,79
163,179,64,83
168,181,61,74
169,177,63,74
174,171,61,73
181,168,56,67
189,164,51,63
192,153,51,68
193,145,52,69
198,143,51,64
203,139,48,61
205,136,49,60
208,132,51,60
214,120,44,68
213,115,48,69
217,109,47,73
220,105,45,76
222,101,46,75
226,98,45,78
230,95,43,71
231,94,45,67
235,93,42,65
235,93,44,62
242,92,40,62
245,91,40,60
247,84,40,65
254,80,34,68
259,79,33,65
259,79,34,63
258,81,35,62
263,84,31,58
265,81,29,57
262,82,31,59
266,84,28,55
266,81,29,54
266,78,28,55
267,79,26,55
266,75,26,56
264,74,28,57
265,74,27,55
264,75,28,54
264,75,28,52
263,73,29,54
261,75,29,53
260,74,30,53
260,72,29,53
260,74,30,50
260,74,31,50
260,77,29,45
258,76,31,45
259,75,30,45
259,75,30,42
260,74,28,42
259,73,28,41
258,72,30,40
259,69,30,42
259,68,30,40
258,67,31,40
258,65,32,41
258,67,30,38
258,57,32,45
258,53,32,48
258,54,30,47
258,53,32,46
258,55,31,43
258,51,31,46
258,50,31,45
257,49,32,45
258,48,32,44
257,48,32,43
257,48,33,43
258,47,32,43
259,46,32,44
259,47,31,43
259,46,32,43
259,45,32,44
259,46,32,42
259,44,34,44
260,44,33,43
259,43,33,43
260,42,34,44
260,42,31,44
260,43,33,43
261,43,32,41
261,42,30,43
261,41,30,42
261,41,31,42
261,43,32,40
260,42,33,40
261,42,32,40
261,41,31,41
260,42,31,41
260,42,30,41
260,41,32,41
259,42,33,40
258,41,34,40
258,42,34,39
258,42,33,39
257,40,35,40
257,41,34,40
256,41,35,39
256,40,34,38
256,41,33,39
255,40,34,38
254,39,33,39
253,39,34,39
252,39,36,39
251,40,36,38
250,40,36,37
248,41,36,37
246,41,37,35
245,39,35,37
243,40,38,37
240,40,39,38
239,40,40,37
236,39,40,37
235,40,40,37
232,42,41,37
229,39,42,41
226,40,45,40
224,41,47,36
223,39,45,39
220,40,46,38
219,39,47,38
216,39,49,38
215,39,47,38
212,38,50,39
213,38,48,40
212,36,48,40
211,35,48,43
209,37,47,40
210,37,47,40
209,37,48,42
208,37,48,41
207,38,48,40
207,38,48,39
206,37,48,40
205,38,50,39
206,37,49,42
205,38,51,40
204,39,51,40
204,40,52,38
204,40,50,39
204,40,51,39
204,40,50,39
203,40,51,39
203,41,50,36
203,40,52,38
202,39,53,38
202,38,52,39
202,39,52,40
202,39,52,40
202,39,51,38
201,39,52,39
201,40,53,38
201,39,51,40
201,40,53,39
201,40,52,40
201,40,51,40
201,42,51,40
200,43,51,42
201,44,51,46
202,47,50,45
202,48,50,46
202,50,49,45
201,52,50,46
201,52,50,48
201,54,49,49
200,55,50,50
200,57,52,49
198,58,54,51
196,58,56,57
196,59,56,52
189,61,48,54
192,62,36,51
190,65,34,47
188,66,34,48
187,67,34,50
184,68,37,50
184,69,38,52
183,68,41,55
182,69,42,54
183,71,45,54
183,72,44,55
184,72,45,55
185,71,46,56
186,72,48,56
187,71,49,56
190,71,48,56
192,72,49,53
196,71,46,55
199,73,50,56
201,72,52,57
209,73,48,57
209,70,51,58
217,74,52,57
232,76,40,59
226,76,52,58
225,75,60,61
235,81,56,57
240,82,57,56
245,83,57,60
251,86,55,57
249,86,60,59
249,85,67,64
256,87,62,66
258,85,59,73
257,88,63,74
254,92,65,76
255,92,63,82
255,90,63,88
257,102,59,81
258,105,54,84
255,106,54,88
256,115,53,82
253,119,52,83
258,126,43,78
254,124,45,84
252,120,48,91
250,125,49,89
248,129,48,87
246,126,49,92
240,139,50,78
235,137,57,83
227,137,65,84
224,134,69,86
221,134,66,84
218,132,75,86
217,137,66,82
214,133,77,85
213,128,76,88
213,129,82,87
212,131,85,85
211,129,81,88
212,132,80,85
212,126,86,89
215,129,93,87
214,124,93,93
219,134,78,84
225,131,82,89
230,129,90,97
235,124,91,103
244,131,87,108
258,127,79,111
258,132,87,110
278,131,79,115
287,131,80,110
300,136,76,106
311,134,76,110
324,133,69,110
337,129,64,113
351,131,58,109
362,136,60,110
370,134,65,119
373,131,68,126
373,132,86,126
368,132,99,123
371,132,103,125
373,129,114,132
380,127,110,125
390,130,106,113
404,128,95,105
411,127,93,110
421,126,85,107
424,127,81,100
418,125,88,102
422,129,82,95
415,129,84,93
416,130,79,92
410,127,77,93
408,130,70,85
402,129,64,85
392,130,63,84
395,128,54,89
388,130,58,84
389,130,54,78
386,131,52,80
381,134,50,80
375,135,58,85
365,137,55,84
357,135,49,80
352,135,47,84
345,128,50,80
333,134,59,89
296,158,58,75
297,144,52,79
272,146,65,76
269,152,54,68
258,159,58,61
244,156,62,62
233,157,63,61
228,155,62,61
225,147,59,65
221,145,56,65
217,141,53,65
220,138,44,66
217,137,40,65
218,137,36,64
218,141,35,57
218,141,32,57
217,138,33,57
218,137,33,57
218,132,36,61
220,132,35,60
223,131,33,59
223,129,37,58
229,127,33,58
231,122,35,61
235,118,31,64
236,119,32,61
238,116,32,62
238,113,34,64
240,110,33,66
237,110,37,66
240,105,37,69
242,110,34,65
244,111,33,63
247,115,30,59
248,117,28,57
244,112,30,60
265,128,41,50
265,128,41,50
265,128,41,50
265,128,41,50
223,108,48,52
240,90,36,63
244,92,28,68
248,92,26,66
244,91,33,65
247,88,35,64
253,87,30,63
255,86,33,61
260,83,35,62
266,80,33,63
269,77,34,63
270,76,37,63
276,74,36,60
280,73,35,61
283,72,36,60
288,70,34,61
292,68,35,62
291,66,40,63
294,66,35,62
299,66,33,61
299,65,35,63
304,70,32,56
308,65,31,61
307,64,33,63
312,66,36,64
312,71,40,58
316,68,43,61
323,81,39,58
331,85,36,47
335,87,35,47
340,88,34,48
345,81,36,56
349,75,40,64
352,76,44,69
358,77,43,71
363,79,43,69
367,83,44,67
370,86,44,65
372,88,44,65
374,91,46,65
378,94,44,65
382,92,41,67
381,94,43,64
383,92,44,66
385,94,45,62
385,92,50,63
388,89,51,66
394,89,47,63
395,91,48,60
397,86,49,61
401,82,48,62
403,82,48,61
403,78,51,61
408,74,48,62
410,71,49,64
411,70,50,64
412,67,50,64
410,65,52,66
411,63,54,66
410,62,56,65
412,60,55,65
408,60,57,67
406,59,61,65
405,57,58,69
402,57,59,69
398,57,60,70
394,57,62,68
389,56,64,71
386,57,61,76
381,57,61,77
378,57,60,80
373,58,59,80
371,59,59,83
367,58,58,85
363,58,59,85
362,59,55,86
359,61,49,85
354,62,47,83
350,58,43,87
347,58,43,89
340,59,44,93
334,59,48,88
323,59,50,70
311,61,58,67
309,61,52,59
301,65,49,64
295,64,50,66
290,66,41,62
283,70,47,69
281,67,42,71
279,66,40,73
277,67,33,64
277,68,38,64
278,68,41,66
278,69,42,69
280,68,34,71
283,68,42,70
285,70,40,82
288,69,36,68
290,72,35,79
292,67,33,79
295,72,29,81
301,72,37,75
306,82,40,65
306,77,41,56
314,76,32,54
318,77,31,54
320,77,27,54
324,77,26,50
324,78,29,52
325,79,27,50
328,77,28,53
328,77,26,52
329,76,24,53
329,76,26,52
329,75,26,51
329,77,27,48
330,70,25,53
332,69,26,57
332,69,29,54
333,72,36,57
333,72,47,55
340,71,40,47
340,68,40,48
339,66,44,48
335,61,52,52
342,65,45,48
337,64,49,47
338,66,52,46
340,73,52,41
339,64,51,47
343,70,49,42
343,57,48,51
346,64,43,53
345,55,49,52
344,51,52,54
347,53,50,49
348,50,48,48
348,49,47,45
348,50,47,45
347,45,51,49
347,46,50,46
350,48,49,45
354,48,45,43
358,43,41,49
348,43,48,47
351,45,45,44
358,49,36,37
357,39,32,40
355,40,38,43
359,41,33,40
357,41,37,42
361,44,31,34
358,44,31,35
358,43,33,37
358,41,31,39
357,43,32,37
354,41,33,43
352,38,34,46
352,37,34,49
351,39,34,49
347,39,41,50
347,48,44,54
351,54,38,52
346,59,44,46
344,59,48,45
345,57,47,46
344,56,49,48
337,51,49,57
342,51,32,60
348,53,29,62
345,61,32,54
347,66,32,52
349,71,32,51
351,78,33,54
352,82,37,59
351,90,42,63
350,97,43,64
349,101,42,67
347,109,43,65
341,113,47,66
336,122,46,66
329,129,46,64
323,136,46,68
316,142,45,71
309,150,50,73
300,155,52,78
291,157,59,83
284,165,59,83
277,174,57,84
268,175,62,92
258,178,65,98
247,184,66,96
245,191,68,96
244,198,66,90
239,194,60,98
234,193,59,101
229,197,56,101
223,203,55,97
218,204,51,97
213,207,61,95
205,201,68,106
199,203,73,104
197,204,71,105
194,207,74,103
193,207,73,102
191,206,74,102
191,205,68,104
191,205,68,105
191,205,72,104
190,207,64,102
192,206,62,101
190,203,61,104
190,205,59,97
191,204,59,102
192,202,58,107
192,202,60,107
191,201,57,107
191,201,56,104
192,202,54,107
192,202,53,108
188,202,57,106
191,203,57,103
190,204,56,105
188,203,59,107
191,204,55,106
189,204,58,107
191,204,56,107
191,202,54,109
190,201,57,108
189,200,58,110
189,201,58,108
190,203,58,108
190,204,57,107
191,202,55,110
192,203,54,109
190,201,57,110
190,202,58,111
188,202,59,109
190,203,58,107
190,204,57,107
191,203,57,107
190,204,58,104
189,205,58,104
190,206,57,105
191,204,55,105
189,203,55,103
191,202,54,106
189,200,56,107
190,200,54,109
192,200,53,111
192,200,52,110
191,201,52,109
192,202,54,105
192,201,53,109
191,205,56,104
191,206,54,104
192,205,53,105
191,205,55,105
191,205,53,107
191,202,53,110
192,207,52,104
192,208,52,102
191,206,55,102
193,198,52,111
192,198,51,110
190,197,53,111
189,198,54,109
192,198,50,110
191,201,52,108
192,206,51,101
192,209,50,98
194,205,50,106
195,209,50,102
197,210,51,100
199,209,54,100
200,204,59,102
206,200,57,104
213,190,53,108
223,189,51,97
232,184,50,93
246,175,48,95
257,172,47,93
268,163,46,89
281,159,42,85
292,155,40,79
301,156,40,70
309,142,42,76
317,133,41,83
326,125,40,86
331,122,43,85
337,137,45,73
345,138,42,68
353,146,38,64
355,143,42,69
359,143,42,72
361,158,41,63
364,157,40,71
361,156,43,83
358,167,45,85
354,186,45,79
349,192,45,82
342,193,47,93
335,200,49,93
328,196,49,102
320,193,51,109
314,194,51,112
306,195,54,110
297,192,57,115
290,186,56,121
279,189,58,115
266,184,60,118
255,183,60,116
248,177,54,114
236,170,58,117
234,174,52,109
227,169,55,112
223,172,52,103
212,162,52,105
202,157,53,103
193,143,55,104
183,135,58,104
174,126,58,106
168,123,54,102
163,119,55,102
160,118,51,96
157,114,51,92
151,106,53,97
148,107,55,89
145,105,53,87
141,102,53,82
139,98,52,82
137,96,52,79
136,92,51,78
137,89,50,79
136,89,50,76
135,86,50,78
136,82,50,80
136,83,50,79
135,82,51,79
135,83,51,76
135,84,50,76
136,82,50,77
136,82,50,76
136,78,50,77
140,79,46,75
138,75,49,76
137,76,49,75
136,76,48,71
135,75,48,70
131,73,52,68
130,71,50,69
130,66,48,71
127,65,48,70
126,68,46,66
124,66,48,67
123,67,48,66
122,65,49,68
122,69,47,62
123,66,48,61
125,63,44,65
121,60,48,68
119,61,48,63
117,51,46,65
114,47,42,60
106,42,46,57
96,30,47,59
89,19,50,61
85,4,46,69
80,4,46,60
76,0,49,57
74,3,43,47
74,2,42,49
74,-1,46,50
80,3,46,52
79,2,53,56
85,5,55,55
85,4,59,58
85,4,59,58
85,4,59,58
85,4,59,58
126,8,48,60
135,11,47,63
135,11,47,63
135,11,47,63
135,11,47,63
135,11,47,63
167,-8,46,49
167,-2,52,39
179,3,42,29
186,4,38,29
190,5,37,31
192,3,38,36
193,4,38,38
195,8,39,38
195,9,41,41
197,10,41,44
196,12,44,47
200,13,41,50
198,14,43,53
191,12,50,61
190,8,53,68
198,19,45,58
198,21,47,59
203,21,42,64
199,16,45,69
203,18,45,65
205,17,44,68
208,18,42,67
206,18,46,66
214,25,41,57
219,26,39,51
221,29,41,47
225,33,37,39
229,22,35,47
227,18,40,47
232,12,37,53
234,16,39,49
227,12,49,48
224,8,56,52
226,3,59,58
230,3,54,57
232,1,53,59
236,2,53,57
243,3,50,54
246,4,52,57
249,2,53,58
250,3,56,60
255,4,54,61
260,5,51,63
258,6,55,63
264,15,51,59
264,18,51,59
265,24,52,58
264,31,54,54
266,39,52,54
269,39,49,54
267,34,50,60
266,41,51,63
268,39,50,66
271,40,47,66
270,42,49,67
272,44,49,58
273,54,48,56
274,48,48,57
277,46,46,56
279,56,47,53
281,54,45,46
285,50,41,50
286,47,43,51
290,57,39,47
288,55,41,44
289,52,42,45
289,56,43,41
289,51,43,45
290,53,43,42
293,52,42,43
294,51,41,42
295,49,40,43
294,48,42,42
294,49,41,41
294,50,42,39
295,44,41,45
293,45,43,43
294,46,41,40
295,44,41,42
294,44,41,41
293,44,42,40
293,45,42,38
292,43,42,40
293,42,40,40
293,45,40,39
290,47,43,35
290,47,42,33
291,41,40,41
291,42,40,38
290,42,40,39
290,41,41,40
289,41,42,40
290,42,41,39
288,41,42,41
289,40,42,41
290,41,41,40
290,41,40,38
288,40,42,39
289,40,41,39
290,41,41,38
289,41,42,37
289,41,43,39
290,40,40,38
289,39,43,39
289,39,42,38
289,44,43,34
290,41,42,36
289,41,40,35
289,40,41,35
291,38,40,37
290,39,40,37
291,43,39,29
289,44,41,30
292,39,39,34
290,41,40,32
290,40,42,35
290,41,42,32
290,40,40,32
291,41,39,29
290,41,40,30
292,38,40,33
290,37,42,36
290,38,42,33
290,37,42,35
290,36,42,36
290,37,42,36
292,38,41,33
291,37,41,35
290,36,41,34
289,36,43,37
290,36,42,36
290,37,40,32
290,38,39,34
292,37,39,32
291,37,38,33
290,39,40,29
289,36,39,32
288,36,42,34
287,37,42,31
287,37,42,29
288,35,39,31
287,34,42,32
286,35,42,32
287,33,41,33
287,33,42,33
287,34,41,30
286,34,42,32
285,33,43,32
285,32,42,32
287,33,39,31
289,30,36,34
285,32,40,32
284,31,40,33
284,31,39,33
281,31,43,32
282,30,42,36
283,30,41,34
282,31,42,33
283,29,38,34
283,28,39,33
282,27,41,35
280,26,44,35
279,28,44,32
280,25,43,34
281,23,40,38
280,22,41,36
282,21,39,36
280,19,40,38
278,17,43,38
276,16,45,39
278,14,42,40
275,13,44,40
277,12,41,39
278,11,39,41
278,9,37,41
279,9,37,40
275,6,40,44
277,5,37,42
276,2,36,43
278,0,34,44
276,0,31,41
274,0,33,42
267,0,35,40
264,0,34,36
263,0,32,34
264,1,29,30
258,1,30,33
257,0,29,29
255,2,31,24
248,14,31,18
248,14,31,18
247,14,33,16
240,12,31,17
241,12,33,20
249,1,29,23
242,11,27,21
245,8,28,22
242,11,32,18
241,8,32,21
251,9,26,18
252,10,23,12
252,10,23,12
244,15,25,12
264,5,22,17
251,9,21,20
250,10,20,20
253,10,17,23
253,10,16,26
266,1,17,23
255,9,17,20
254,11,19,23
255,10,17,24
254,9,19,21
255,9,18,19
254,10,19,18
254,10,19,20
255,9,17,20
255,11,18,22
255,9,17,19
254,10,17,19
256,16,17,21
267,1,16,22
268,1,14,22
255,5,13,20
268,1,14,22
253,7,15,20
254,6,15,18
268,1,15,20
255,10,17,23
254,10,18,20
255,10,17,18
255,15,18,20
254,10,18,19
255,10,17,20
256,8,18,21
272,2,18,25
275,1,20,28
276,2,24,31
275,2,28,34
276,7,34,35
283,15,30,36
286,30,32,42
282,31,37,44
282,34,46,37
283,72,43,41
285,80,38,42
287,77,36,53
288,88,36,58
293,104,31,57
297,115,28,55
297,129,30,53
297,137,28,54
300,146,28,55
299,154,31,59
297,161,35,65
297,165,36,72
296,169,36,74
294,173,43,67
294,174,38,67
294,172,40,68
293,173,39,71
293,172,44,74
291,175,48,74
292,177,48,77
292,179,48,78
293,178,45,83
294,182,46,85
294,184,50,89
295,187,56,91
294,188,65,93
294,191,67,95
296,193,65,99
297,196,55,103
297,197,61,109
297,201,55,112
294,203,60,114
296,205,59,119
295,209,62,122
295,212,59,127
292,211,63,131
292,215,62,130
287,212,67,139
286,215,65,140
282,218,66,136
284,218,63,136
282,217,60,140
279,217,65,139
277,214,65,140
277,213,65,142
275,199,68,156
274,186,69,171
274,177,69,183
274,170,68,187
280,189,59,172
279,202,56,158
278,211,57,148
278,214,57,146
279,216,55,144
277,218,56,140
267,223,64,134
260,232,62,127
252,220,58,138
244,220,57,136
242,140,72,121
219,150,84,109
201,150,88,110
169,151,102,109
151,151,103,114
136,154,104,109
123,154,101,110
97,242,101,113
82,239,84,117
71,247,65,109
56,230,65,120
54,232,57,117
49,231,55,118
45,227,56,119
43,221,57,124
43,225,57,117
46,222,55,118
55,220,51,120
61,219,53,120
67,225,54,111
74,229,54,107
97,228,47,110
106,236,49,104
110,156,60,100
155,151,68,95
151,233,76,101
156,211,72,124
191,132,79,116
214,148,68,101
226,152,70,92
243,153,72,88
263,149,66,92
280,146,67,93
301,145,62,93
307,222,60,107
323,219,57,112
344,218,47,115
350,213,54,117
358,211,57,118
366,208,59,122
370,204,62,128
373,204,64,128
376,211,60,120
382,206,52,126
378,207,57,125
377,208,56,123
378,212,56,118
377,214,57,116
378,215,56,115
378,212,55,117
376,212,57,119
375,215,58,116
376,214,58,118
377,212,57,119
379,213,55,119
379,213,54,117
379,212,55,119
379,214,54,117
378,213,57,117
380,211,53,120
379,213,55,118
378,212,55,118
379,211,55,120
379,213,56,118
379,214,54,116
378,212,57,118
379,213,56,119
379,213,53,117
380,213,54,118
379,212,56,121
380,213,54,119
378,213,55,117
379,214,54,117
377,214,58,116
379,212,56,119
378,212,57,118
380,217,54,116
375,212,62,118
378,214,56,118
379,214,55,116
379,213,54,118
378,214,56,116
377,214,57,116
379,213,57,117
379,213,54,118
379,213,57,117
379,213,56,119
377,212,56,119
378,212,57,121
378,213,55,119
377,214,58,118
378,213,55,119
378,213,57,118
377,213,56,117
379,212,57,120
378,213,56,117
378,212,57,117
376,213,59,119
380,212,55,121
378,215,56,116
378,213,56,116
