234,240,70,74
234,241,69,71
237,240,67,73
239,239,65,74
240,238,64,76
241,238,65,75
244,238,62,77
245,235,62,80
250,240,56,73
251,243,55,73
253,245,51,73
257,248,46,71
259,250,41,72
261,250,40,72
262,251,37,71
263,253,34,70
264,249,33,74
266,247,33,78
266,248,30,76
263,247,34,76
253,246,49,79
257,250,41,75
257,251,34,73
251,252,29,73
245,253,32,71
241,254,31,70
237,249,28,74
230,243,29,81
223,245,30,75
218,245,31,72
210,242,34,69
204,244,37,63
197,243,40,60
191,243,43,58
190,244,45,55
186,244,47,56
187,245,47,56
188,246,48,57
191,246,51,59
193,247,55,60
201,249,52,58
213,252,52,56
224,255,49,53
236,255,51,55
251,254,56,57
259,253,60,55
283,251,57,55
296,247,69,63
311,245,79,66
333,238,83,72
357,231,78,75
384,226,75,71
415,221,68,77
439,219,68,81
459,217,69,80
487,216,64,73
504,214,63,71
520,212,63,70
536,212,58,77
547,212,55,77
553,213,52,75
555,216,52,73
551,220,54,70
547,225,54,70
539,226,49,90
526,230,54,71
512,240,60,76
501,248,49,67
471,254,50,64
446,254,50,66
413,260,31,64
400,264,40,69
381,264,38,70
306,265,80,90
318,264,73,78
311,266,74,84
308,263,122,96
305,265,124,93
308,265,120,94
309,264,120,94
305,264,124,94
306,265,123,93
305,264,125,95
321,246,129,113
306,262,127,93
304,264,133,96
312,257,140,103
300,260,129,93
307,265,123,94
308,265,121,94
302,265,129,94
308,263,129,95
317,238,130,121
302,257,127,91
203,248,57,60
224,254,50,61
243,263,55,61
267,270,51,58
294,273,50,63
320,271,57,76
334,271,72,86
316,267,113,91
306,265,124,92
311,265,121,95
304,265,125,94
307,264,125,94
305,264,129,95
310,255,133,105
299,248,129,93
305,261,127,98
306,265,125,92
304,265,124,94
304,266,126,92
305,265,125,94
308,265,122,94
307,264,126,95
308,262,123,98
308,260,123,100
320,260,120,99
306,263,128,95
307,265,123,93
305,265,124,94
308,264,122,95
304,265,122,93
304,265,121,92
309,264,121,94
310,265,118,94
304,263,127,96
319,263,122,94
310,265,120,95
308,265,122,93
312,263,120,95
324,256,114,103
306,264,124,96
314,248,131,112
305,262,126,93
306,265,124,95
305,264,128,96
310,253,139,107
302,256,140,97
299,263,139,95
307,263,130,96
319,263,120,95
310,264,120,96
306,264,122,94
309,264,120,95
308,264,122,96
311,265,119,94
296,264,134,95
304,264,133,94
309,264,128,93
310,267,114,91
307,263,124,95
304,264,150,95
337,266,106,84
312,251,117,108
306,261,131,98
307,263,129,96
307,264,123,94
307,265,124,94
307,264,123,94
307,265,120,94
303,265,125,93
305,264,123,93
307,265,123,95
304,266,126,93
308,264,123,96
307,264,123,96
308,261,126,98
306,263,125,96
309,264,120,95
306,265,122,94
305,264,120,96
305,264,140,95
304,265,129,93
309,265,119,94
311,265,119,93
307,265,125,92
307,264,121,93
304,265,126,94
307,266,125,93
309,264,123,94
310,265,119,94
307,264,123,94
308,264,122,95
307,265,121,93
305,264,125,94
308,264,124,94
307,265,125,94
307,261,137,99
304,256,129,98
315,252,133,104
306,251,113,70
303,261,130,98
305,265,128,94
308,264,124,95
310,265,120,94
307,264,122,94
312,265,118,93
311,263,118,95
317,263,112,95
334,251,112,86
297,253,95,78
288,259,144,93
297,265,137,90
305,264,119,92
310,266,122,89
309,266,121,89
311,266,116,90
311,267,98,89
304,265,94,92
308,266,97,91
304,265,116,93
303,267,106,90
304,267,109,90
319,268,101,89
326,271,93,88
307,266,111,93
309,266,108,91
324,269,87,88
316,268,91,89
317,269,83,89
317,279,72,78
314,302,63,57
309,304,57,51
302,304,53,51
292,304,53,52
290,304,43,50
285,302,38,52
279,301,34,55
271,304,39,53
267,298,41,60
262,288,37,71
261,288,30,71
259,291,30,68
256,287,30,69
251,286,36,67
248,284,39,64
244,283,44,58
243,281,46,57
243,280,48,58
243,277,50,58
243,275,57,60
243,271,59,60
246,269,58,59
250,268,57,58
258,267,49,56
262,266,48,56
267,266,44,55
275,265,38,55
281,266,35,54
291,265,27,54
293,265,28,56
298,268,25,52
300,266,26,52
296,259,38,64
309,268,32,59
313,269,34,64
313,268,39,67
312,269,48,67
315,269,50,75
312,268,56,78
310,269,64,81
310,268,63,84
308,271,65,83
310,269,62,85
307,269,62,85
309,269,57,86
304,271,60,81
306,269,52,81
306,270,50,80
303,269,47,77
301,270,45,72
303,272,35,68
299,274,32,65
295,271,31,68
293,266,28,73
288,258,37,83
290,268,36,69
287,269,28,67
285,275,26,58
277,275,31,60
273,274,34,59
268,273,37,54
266,271,41,57
263,274,41,53
261,274,46,54
259,272,47,54
257,273,52,55
257,272,51,57
258,272,51,55
259,272,49,57
261,273,48,55
260,274,51,55
264,275,47,53
265,276,47,53
268,280,44,51
270,280,44,52
277,283,37,52
284,281,33,57
290,282,26,53
292,278,22,66
278,232,35,38
294,278,23,69
278,231,36,50
303,275,26,65
300,278,27,68
297,272,38,78
296,276,40,74
294,272,45,78
295,277,47,71
293,276,48,73
289,278,52,74
287,281,52,71
283,284,55,68
280,278,57,73
274,281,64,72
273,281,62,71
271,283,58,71
269,286,56,67
266,286,53,64
262,287,54,61
260,287,50,67
259,287,45,68
257,289,47,68
257,285,45,74
255,287,42,64
254,288,38,66
254,288,31,66
254,295,28,62
253,290,25,66
254,289,23,69
253,292,22,67
255,293,21,65
257,293,20,63
252,285,28,74
257,293,31,64
258,290,39,69
259,285,40,73
261,285,42,72
263,283,42,72
268,284,40,59
272,287,41,52
277,289,47,54
283,292,52,58
289,279,58,75
297,288,56,65
300,277,61,76
307,286,59,68
310,269,61,87
312,269,62,88
314,273,60,83
318,298,57,60
320,296,55,60
324,297,51,60
324,298,49,60
328,298,41,58
327,300,37,57
321,301,37,55
318,301,35,56
312,307,33,48
279,229,36,46
279,229,31,42
294,309,20,46
285,312,25,44
273,316,33,42
270,324,34,36
264,317,31,40
260,326,50,34
281,230,31,39
277,230,37,41
230,314,24,38
228,312,25,36
224,310,25,35
221,305,27,36
219,299,28,38
218,296,29,38
219,292,31,39
220,289,33,39
224,286,34,41
229,283,33,41
234,282,35,42
239,280,37,39
244,279,42,38
254,278,43,40
265,274,42,42
268,271,45,45
281,268,45,47
291,268,49,48
304,264,47,51
314,258,49,54
325,253,53,57
335,246,60,63
340,239,69,65
359,234,60,61
371,227,58,56
380,224,58,52
389,218,56,53
397,216,54,54
405,213,51,55
411,212,49,57
416,212,48,57
420,211,44,58
422,213,41,56
423,212,38,58
423,213,35,58
423,214,32,56
420,215,30,55
417,216,28,53
413,214,26,54
408,215,24,51
402,213,22,52
397,211,19,53
391,210,18,53
385,208,17,55
378,209,16,53
372,210,15,52
365,211,16,52
358,210,16,50
351,210,17,48
347,210,15,45
340,209,18,44
337,206,16,45
333,204,15,45
329,199,17,46
326,193,19,47
323,189,22,48
320,188,23,47
319,186,24,49
317,187,25,48
316,190,25,50
314,196,27,50
312,203,29,51
311,214,30,46
309,227,33,40
311,236,32,41
310,246,33,49
309,262,38,51
305,264,45,47
309,268,46,61
307,265,58,84
310,269,84,87
307,266,124,91
302,266,131,91
311,266,124,91
310,266,124,91
306,266,122,90
310,265,114,93
312,267,107,90
315,265,101,92
321,268,105,91
318,265,107,94
310,266,119,92
307,264,120,93
304,264,132,93
310,265,128,93
307,266,133,90
308,265,133,92
310,266,133,90
315,267,127,89
304,266,142,91
313,265,129,91
305,266,136,90
308,266,130,92
307,268,134,89
308,263,126,96
309,259,123,99
307,250,127,109
307,243,122,115
329,228,92,119
353,212,54,60
348,204,46,51
340,199,46,50
332,195,44,49
325,193,43,49
318,191,42,52
310,187,39,52
304,184,39,53
301,185,36,51
297,181,35,53
292,181,37,51
288,179,37,51
285,180,37,51
284,184,37,50
281,192,36,50
277,207,37,44
275,219,37,46
269,242,40,43
266,266,42,47
259,304,48,54
283,229,32,70
280,234,42,74
287,260,47,53
279,233,39,56
278,231,36,51
280,230,34,46
276,237,40,69
290,230,27,53
276,231,37,47
304,265,102,90
306,265,128,95
308,264,126,95
308,265,125,93
309,265,122,93
306,265,124,93
310,264,120,94
306,264,126,95
310,265,124,93
306,265,124,94
307,264,125,95
308,264,122,94
306,266,122,92
303,265,127,94
307,264,120,93
308,264,121,93
305,264,123,94
306,264,122,93
307,264,122,95
308,265,120,93
304,264,125,94
307,265,123,94
306,265,121,94
304,265,125,93
306,265,124,93
305,263,127,96
314,245,116,115
312,262,135,96
301,252,142,107
302,244,122,111
342,218,66,95
337,239,78,117
329,281,113,79
297,271,127,88
304,264,125,94
308,265,121,94
306,263,124,97
304,259,135,101
302,252,142,108
304,262,121,95
305,264,123,94
308,264,122,96
305,263,128,96
302,260,140,100
300,259,132,95
307,261,139,97
300,264,132,93
308,265,121,94
306,264,122,95
306,265,125,94
306,264,125,94
310,264,119,95
304,264,126,94
306,264,127,94
308,265,121,95
305,264,125,95
307,265,122,95
306,264,124,94
310,265,119,95
305,263,124,96
307,264,123,95
306,265,123,94
308,265,121,94
306,264,123,94
305,265,124,94
307,264,122,94
306,264,122,94
307,263,121,96
305,265,126,93
307,265,124,94
309,266,119,92
309,264,123,95
308,266,124,93
308,267,123,90
304,266,128,92
355,249,89,110
354,251,82,100
307,264,128,94
355,254,86,106
311,208,41,50
323,218,34,30
326,225,35,30
330,230,36,32
336,235,36,31
346,240,30,31
355,245,25,24
360,249,25,22
363,256,24,13
363,256,24,13
363,256,24,13
363,256,24,13
363,256,24,13
380,271,52,60
310,268,110,91
306,263,123,94
308,264,118,94
305,264,124,95
308,265,119,94
304,264,126,94
308,264,120,94
305,264,123,95
311,265,119,94
305,264,124,94
306,263,122,95
307,264,121,95
307,265,121,93
305,263,124,95
308,264,119,95
306,264,123,94
307,265,122,94
305,265,123,93
304,265,124,93
306,265,122,93
306,265,123,94
306,264,121,94
304,265,127,92
309,265,118,94
305,264,124,94
307,262,123,96
308,260,123,98
355,255,84,100
347,267,83,93
312,256,116,103
312,255,128,105
308,226,73,87
314,218,33,40
321,214,31,38
322,211,33,39
324,208,35,39
327,207,37,38
330,207,38,38
334,206,37,37
338,206,35,36
343,207,32,35
348,207,28,36
353,208,24,36
358,208,20,39
359,209,21,40
360,211,22,41
362,215,22,45
365,220,18,44
367,231,17,37
365,237,22,36
363,248,22,24
353,253,40,23
416,282,27,78
474,267,49,93
474,267,49,93
308,264,121,95
308,266,118,92
304,264,126,95
309,264,120,93
304,264,126,93
307,265,123,94
307,265,122,93
305,265,124,93
306,265,122,93
304,265,125,93
306,266,123,92
306,264,124,94
309,265,121,94
304,265,123,94
307,265,122,94
309,265,120,93
303,264,125,93
307,265,121,94
304,265,125,92
307,265,120,93
306,265,123,94
307,265,121,95
306,265,123,93
306,266,123,93
307,264,121,95
309,265,120,94
303,265,126,94
310,265,118,93
305,264,122,95
307,264,121,95
306,263,120,95
305,263,121,95
306,263,122,95
308,264,121,94
307,263,120,95
310,263,118,94
305,264,124,94
306,265,122,93
305,262,123,96
310,261,117,98
304,259,125,100
305,255,128,105
302,257,129,101
303,261,128,98
313,248,124,111
327,234,93,75
393,225,46,46
399,223,44,45
403,220,41,45
407,217,40,47
411,215,37,47
414,213,35,48
417,213,33,48
422,215,28,46
422,215,29,45
421,216,31,42
420,215,31,44
420,215,27,47
421,213,20,50
417,208,15,53
409,208,16,52
400,208,17,50
387,208,23,51
376,211,24,48
364,211,24,49
351,214,23,48
335,218,23,45
324,221,21,44
303,227,24,48
280,227,35,50
269,230,35,50
256,235,33,45
242,235,33,44
234,234,30,42
226,237,29,40
218,240,33,39
214,243,38,31
214,244,40,29
219,241,38,32
225,241,34,33
232,241,32,34
237,244,34,36
248,248,30,31
255,254,33,26
262,256,38,26
277,256,35,31
285,256,31,48
280,256,37,34
270,326,35,34
278,225,34,52
278,232,32,48
265,331,35,28
287,268,24,44
278,232,33,35
277,229,36,47
277,228,36,52
278,231,34,45
277,232,36,45
277,230,35,42
279,231,31,46
279,232,35,40
277,231,36,48
278,233,34,48
277,231,36,43
279,229,32,47
278,229,37,45
266,327,35,33
280,228,32,46
276,230,35,49
278,232,35,40
276,230,37,50
278,232,34,42
277,230,36,51
276,232,38,51
279,231,33,46
278,230,35,41
287,270,27,42
278,231,34,48
277,228,36,56
285,265,30,44
279,263,34,41
270,254,30,36
266,246,22,35
253,241,30,38
251,231,25,34
248,225,21,31
245,218,20,20
242,210,24,24
239,203,27,28
238,197,28,30
237,192,33,32
238,190,35,34
239,187,40,36
240,189,43,37
245,191,46,39
252,194,45,40
259,200,47,40
267,201,46,44
279,205,43,42
283,208,51,42
300,208,45,48
323,208,45,48
360,210,25,49
375,214,24,45
389,213,29,47
401,212,41,48
412,211,47,48
424,211,51,48
434,209,56,48
443,210,57,46
452,210,54,40
460,211,51,39
465,213,49,37
467,216,46,35
467,215,44,38
468,215,42,39
464,214,39,43
465,213,38,45
459,214,33,44
452,217,30,45
443,222,30,42
432,227,30,39
421,229,29,36
407,233,29,35
397,236,26,33
389,235,17,33
375,233,18,32
359,231,22,33
349,225,21,33
295,235,27,37
322,218,20,34
313,213,17,24
299,191,22,40
291,194,20,32
284,191,21,33
274,191,17,26
262,189,22,25
252,188,25,26
241,188,30,26
232,189,31,27
225,190,33,30
218,194,36,32
215,196,40,36
212,201,44,37
211,210,45,36
214,220,46,37
219,228,47,36
232,235,47,41
244,238,47,42
261,243,52,47
281,249,48,49
308,259,41,47
332,265,42,48
341,265,66,62
308,266,117,94
304,264,126,94
307,265,130,93
306,262,132,94
304,264,126,94
347,252,89,94
301,254,135,106
303,263,124,94
307,263,125,95
324,251,114,101
302,259,126,100
317,242,129,118
316,255,111,92
480,261,40,49
475,264,34,45
468,266,32,43
456,271,27,36
443,277,24,30
386,269,52,84
309,264,118,95
307,265,123,93
305,265,125,92
308,265,121,93
304,265,124,94
304,264,125,94
308,264,122,94
306,264,122,95
305,264,124,95
311,264,120,96
305,265,124,94
309,265,123,95
306,265,125,94
311,264,121,94
305,264,125,94
309,265,122,94
305,265,127,93
308,265,124,94
306,262,130,96
305,264,129,95
312,263,128,93
307,265,124,95
307,265,122,94
305,261,122,94
308,265,121,93
313,263,119,95
307,264,122,95
308,263,124,96
300,263,132,96
302,259,103,86
316,268,64,69
329,267,56,60
324,267,94,78
310,264,118,94
305,263,124,94
306,265,132,94
309,263,141,93
303,264,134,96
332,257,106,90
467,267,52,52
463,266,58,57
465,265,53,53
465,266,50,50
463,266,46,47
462,265,43,44
456,269,41,40
449,269,37,38
444,268,34,52
436,270,43,44
473,262,45,95
308,267,119,93
303,265,126,94
306,264,124,94
307,265,123,94
308,264,122,94
304,264,124,95
307,264,124,93
306,265,121,93
303,264,126,94
303,265,127,94
302,265,129,94
302,265,133,95
301,263,134,96
304,264,132,94
304,264,128,95
309,265,123,94
312,264,117,95
307,264,123,95
309,264,119,95
306,265,122,92
311,265,119,94
304,265,125,93
306,265,124,93
307,264,122,94
306,264,124,96
307,264,124,95
309,265,120,94
312,264,119,94
315,265,114,92
337,261,101,96
302,263,134,97
300,263,136,96
306,266,130,93
315,270,69,86
333,271,61,84
307,265,114,94
305,262,125,96
309,265,126,93
306,264,131,95
307,265,125,94
307,262,122,97
328,250,102,109
301,262,128,97
336,256,101,104
335,256,101,104
323,257,114,103
308,264,120,95
306,264,123,93
306,264,126,95
311,262,125,92
305,265,137,93
303,265,134,94
305,264,134,95
304,264,132,95
305,265,131,95
305,264,128,95
307,264,124,94
309,265,121,94
305,264,125,94
310,265,119,95
303,264,127,94
308,265,121,94
306,265,124,94
307,265,123,94
309,264,120,94
307,265,121,92
309,264,120,94
305,265,124,92
308,265,122,94
309,265,122,94
308,265,120,93
309,264,118,94
306,264,124,94
308,265,121,94
308,265,122,93
305,264,125,94
308,264,125,95
309,265,120,93
306,264,123,95
309,266,120,92
308,265,122,94
306,264,123,94
301,265,128,94
309,265,122,93
306,264,125,94
309,266,118,92
305,264,122,93
304,265,124,94
306,265,121,94
305,264,129,93
307,265,125,94
307,264,113,91
304,264,125,92
305,265,135,94
304,264,131,95
306,265,130,93
307,266,135,92
305,265,138,93
304,266,139,94
302,264,134,93
305,264,130,96
306,266,125,92
308,265,120,93
304,264,124,93
306,265,121,94
305,264,124,93
305,264,124,94
310,265,119,93
306,264,122,94
308,265,122,93
302,265,128,93
299,265,131,93
303,265,130,93
305,263,125,93
307,265,122,94
307,264,122,94
306,265,123,94
307,264,123,95
308,264,122,94
304,263,128,96
324,255,120,89
320,257,115,97
305,264,128,96
306,264,129,95
307,266,123,92
306,264,124,94
306,265,123,93
309,264,121,96
310,264,117,94
309,264,120,95
314,265,114,93
305,264,127,95
302,265,129,95
307,265,125,94
308,265,126,93
310,265,116,93
308,264,119,93
306,264,121,94
305,264,126,94
307,264,128,95
307,266,134,92
307,265,125,94
309,267,118,91
305,263,123,94
306,265,122,93
306,265,116,94
302,264,129,95
309,264,126,95
311,265,118,95
307,265,122,93
307,264,122,94
305,264,124,93
309,265,119,94
305,264,125,93
306,265,124,93
302,265,126,94
307,265,122,93
308,264,121,93
310,265,119,93
309,263,121,95
307,265,123,94
305,265,123,93
307,264,122,94
306,264,123,95
309,265,120,93
306,264,122,93
306,264,123,94
305,265,124,93
306,265,125,93
306,264,124,95
336,249,110,104
301,263,132,96
309,263,131,95
337,248,107,111
308,263,123,95
312,265,116,95
302,263,129,95
307,263,126,96
308,265,121,93
302,265,124,93
305,264,122,95
307,264,123,93
307,264,146,95
302,263,137,95
301,263,133,96
303,264,132,95
352,241,74,118
483,265,36,67
502,271,25,49
505,261,28,53
507,248,30,55
506,240,34,50
500,234,41,43
496,228,44,38
490,221,48,37
483,216,49,35
476,210,46,37
469,203,44,36
461,197,41,37
452,193,35,36
443,190,33,38
436,190,27,40
427,187,22,45
416,188,18,43
404,188,21,41
390,190,28,35
378,187,31,35
367,183,35,35
358,178,38,37
350,172,40,40
341,166,43,40
337,161,43,36
335,153,39,33
335,146,38,32
336,138,38,32
337,132,39,30
338,128,40,29
341,127,39,29
347,127,31,30
354,126,24,35
359,123,27,39
361,122,36,39
367,124,41,39
372,127,46,39
378,137,50,36
384,145,54,38
390,146,53,45
394,147,51,50
397,151,48,51
399,154,44,50
400,159,39,49
400,167,35,46
396,175,35,41
392,176,31,44
388,174,22,47
380,175,20,45
371,176,20,42
363,176,18,43
352,177,18,42
342,182,17,37
333,186,16,34
323,187,18,37
277,228,39,54
301,187,20,42
288,193,25,40
282,203,24,29
277,205,20,32
275,205,20,31
268,209,23,27
311,263,50,35
254,207,25,30
311,264,37,42
248,198,21,35
243,199,22,35
237,198,28,34
235,198,29,29
235,196,30,29
236,193,31,31
239,188,33,30
242,183,36,36
246,181,38,37
251,180,40,37
257,180,42,37
264,179,43,40
271,178,43,43
281,179,42,46
289,181,46,46
298,183,45,46
309,184,45,44
319,183,47,45
328,182,46,46
337,182,44,44
346,179,41,44
352,176,40,45
358,173,37,47
364,173,32,48
367,172,28,50
369,175,26,50
368,178,26,48
365,183,26,46
360,186,25,45
354,189,23,46
348,197,21,42
340,203,17,39
330,202,17,45
319,208,20,50
289,222,37,46
287,227,33,40
278,231,37,59
278,237,30,50
277,235,26,44
274,235,23,43
271,229,25,49
268,222,25,53
267,221,38,56
279,232,37,56
257,204,28,42
260,189,25,46
262,181,26,44
263,174,27,43
266,169,26,43
267,169,25,43
270,168,24,46
269,170,28,48
269,174,31,47
272,175,32,46
276,173,33,45
280,172,35,45
283,173,35,44
287,177,37,44
291,186,38,44
294,195,41,45
300,199,41,48
308,201,38,51
316,202,36,53
323,205,36,51
328,205,38,53
333,207,40,52
341,210,40,51
346,213,41,50
351,216,41,48
357,218,42,46
362,219,42,47
367,220,43,49
369,223,45,52
372,225,47,53
372,225,48,55
372,224,48,55
369,223,49,53
366,220,46,50
362,216,44,48
356,216,43,46
351,215,41,44
342,214,42,44
335,213,39,45
326,213,38,46
315,211,38,51
307,207,34,52
299,207,33,52
288,206,31,53
282,205,29,53
274,206,30,53
267,207,32,52
260,211,32,46
254,212,30,43
251,206,29,47
249,209,25,46
248,211,23,45
247,214,22,45
246,217,25,46
247,219,28,45
251,223,28,43
249,228,36,46
260,228,34,51
274,230,32,47
275,235,27,49
277,238,38,49
293,247,35,46
310,252,27,47
314,264,47,44
309,259,59,47
306,261,112,97
304,265,123,93
306,264,119,95
303,262,123,97
307,263,119,95
309,262,120,96
307,263,122,95
307,265,117,94
300,262,129,98
306,263,132,95
304,264,133,95
305,264,126,94
308,266,119,93
305,264,120,95
305,265,120,93
301,264,132,95
306,263,131,96
304,263,131,94
307,264,123,94
309,264,120,94
305,264,124,95
306,265,122,93
308,264,116,93
308,264,116,93
305,263,123,94
306,266,119,92
303,264,128,95
298,265,136,94
289,264,148,95
302,263,128,94
322,261,115,98
313,264,118,95
308,264,122,95
311,266,118,93
306,264,124,95
308,265,120,94
305,265,124,94
309,264,120,93
319,264,112,93
338,263,95,87
230,242,49,43
238,250,44,39
243,254,45,40
253,256,43,42
261,261,47,44
274,266,45,41
286,269,43,42
299,271,50,46
311,265,64,79
321,265,77,85
307,264,113,93
308,263,119,94
308,264,119,94
302,264,125,95
307,265,120,94
305,264,127,95
309,266,129,93
310,266,117,93
304,264,115,95
303,264,124,96
307,258,118,101
308,264,119,96
305,265,125,94
307,266,122,93
305,265,124,93
308,265,118,94
304,266,120,93
305,264,126,94
310,265,124,93
307,265,123,93
305,265,125,94
309,264,120,95
307,265,121,93
303,265,124,94
306,265,124,93
306,265,123,93
301,264,127,95
304,265,129,93
306,265,127,93
307,264,126,95
309,266,121,93
305,264,125,93
309,264,121,95
305,265,124,94
309,264,122,95
307,265,121,92
304,265,124,93
309,266,120,93
306,264,126,95
307,265,124,94
305,264,124,94
307,264,122,96
309,265,120,95
305,265,126,92
309,265,122,94
304,263,127,96
307,265,127,91
309,263,122,97
310,256,121,103
304,259,128,100
311,256,124,103
304,264,129,94
305,266,126,91
304,265,123,94
307,266,122,93
304,265,126,92
301,262,129,98
304,265,130,94
306,265,127,94
306,264,126,95
307,265,124,93
306,266,124,92
307,266,121,93
304,265,125,94
306,266,124,92
306,264,123,95
304,264,124,95
303,264,126,94
306,266,123,92
303,266,125,91
300,270,128,87
305,269,124,89
307,267,122,91
307,265,123,93
310,266,119,94
305,264,123,94
307,265,121,93
304,264,125,93
307,266,121,92
309,264,120,94
304,264,124,94
308,265,121,92
306,264,125,94
307,265,123,92
307,265,122,92
309,265,121,93
305,265,125,94
308,265,122,93
307,265,121,93
306,265,124,93
307,265,122,93
305,264,123,95
307,265,124,94
308,265,121,93
304,263,126,96
306,264,125,95
308,261,122,98
308,263,121,96
309,263,120,96
307,265,118,94
303,262,124,96
375,252,56,107
308,251,79,83
419,219,36,63
429,217,32,58
434,216,34,59
436,215,37,59
437,217,38,57
436,217,39,59
435,223,39,58
433,235,41,57
430,248,43,58
424,262,46,65
419,277,45,70
416,290,43,62
402,312,39,45
384,305,57,51
358,304,67,53
322,307,87,50
337,309,59,47
326,307,51,50
313,309,52,48
307,306,43,48
289,302,51,53
275,322,45,38
263,299,48,58
255,300,50,54
244,291,43,49
235,291,44,45
229,285,45,46
224,288,45,38
221,281,44,38
222,269,44,46
220,267,45,42
223,262,45,42
223,261,46,42
225,262,45,42
227,264,43,47
230,270,43,44
234,277,41,42
239,283,43,41
249,283,42,44
260,286,43,46
268,289,40,57
283,284,45,61
302,286,43,66
306,294,48,60
316,292,51,63
307,285,73,72
319,270,74,89
303,265,116,94
303,264,122,93
303,264,125,94
307,265,126,92
305,264,133,94
305,265,134,91
307,264,126,95
309,265,122,94
304,265,124,94
302,253,142,107
301,257,118,100
303,259,132,100
301,267,131,91
305,257,129,103
300,265,133,90
310,269,119,90
304,261,124,97
308,263,118,96
306,264,121,94
307,262,123,95
307,260,125,99
308,264,128,95
308,265,123,93
309,265,120,93
309,265,122,92
302,266,126,91
300,266,127,92
295,265,134,94
295,264,143,95
295,264,138,93
297,263,139,96
297,264,137,93
297,264,139,94
298,262,137,97
298,263,137,95
296,260,142,99
293,258,135,98
296,260,140,99
293,258,139,98
296,258,137,98
300,261,134,95
303,262,133,95
305,264,131,94
308,265,122,93
309,266,120,92
308,265,122,93
308,265,123,93
310,264,117,92
314,264,108,92
319,266,96,89
312,268,93,86
309,266,109,93
315,264,110,90
329,268,87,86
331,267,86,84
337,267,87,91
334,267,95,89
335,267,90,92
334,267,87,92
339,265,90,92
332,265,104,92
318,264,117,95
311,266,118,92
309,265,122,92
308,265,122,93
305,264,125,94
303,264,125,94
295,264,133,94
292,263,145,95
287,265,144,92
282,265,153,91
307,263,99,96
321,251,118,107
296,265,141,94
302,265,131,93
314,263,124,95
307,266,123,93
309,265,119,93
308,266,123,92
313,265,116,93
303,265,126,94
303,265,129,94
300,266,131,93
300,264,132,94
304,264,130,95
307,265,126,95
309,265,121,95
306,265,124,93
307,265,123,94
303,264,126,94
306,264,125,95
308,263,121,94
301,265,125,93
309,259,123,101
309,263,127,94
309,264,115,90
310,264,71,89
355,260,90,99
309,266,84,92
327,262,106,91
328,264,108,95
317,266,114,91
328,264,105,94
319,258,91,101
307,264,84,90
311,266,58,79
338,283,34,76
335,279,36,78
348,277,44,82
337,277,35,82
351,263,56,97
328,270,39,88
333,273,33,85
331,270,33,89
324,270,38,90
323,269,37,86
337,269,57,91
318,272,40,86
329,257,78,102
314,267,66,91
320,265,113,94
323,265,108,93
318,263,109,96
318,265,114,92
316,266,115,92
319,265,112,94
317,265,114,94
310,264,121,94
311,264,120,95
308,264,122,95
307,264,125,95
309,262,125,98
308,260,127,99
308,265,128,95
308,265,123,94
307,265,123,92
305,264,125,94
308,264,121,95
307,265,123,93
307,265,122,93
309,263,122,95
308,263,121,95
303,263,128,96
316,263,116,95
310,264,122,95
316,264,114,95
314,264,117,95
318,266,112,92
321,265,112,92
317,265,81,93
318,270,47,86
328,264,91,96
320,267,60,89
327,264,81,92
327,264,86,92
327,244,74,107
321,229,89,115
324,218,81,110
321,207,97,137
326,206,88,109
328,206,90,100
326,202,94,124
332,213,88,108
327,221,93,125
322,233,100,115
324,244,101,111
320,259,105,97
319,262,103,96
316,265,101,91
314,267,104,92
313,266,112,90
310,265,118,93
309,265,120,92
307,263,124,94
307,263,116,95
304,263,120,95
302,264,125,93
299,266,74,86
301,266,62,73
299,265,58,57
299,262,57,54
296,258,56,54
295,256,57,49
296,256,54,48
295,255,54,48
294,258,52,46
294,261,53,46
299,265,46,45
301,267,45,46
303,268,40,48
307,271,37,51
311,272,34,55
313,274,32,59
316,271,30,74
319,274,30,75
313,266,60,89
308,269,53,88
308,268,79,89
322,265,111,94
312,264,115,94
310,261,117,97
312,249,116,110
334,231,85,117
313,224,106,135
334,213,82,108
355,203,64,101
361,197,60,106
363,194,61,104
358,196,69,96
358,200,71,97
352,209,77,92
338,217,90,108
317,229,112,122
313,241,115,114
310,253,117,100
314,264,106,92
311,264,111,92
311,264,107,92
311,265,112,92
309,264,105,92
307,264,122,90
303,264,129,94
302,265,130,91
299,266,135,94
301,264,134,95
301,263,137,96
299,260,136,100
294,255,143,103
298,256,134,99
299,256,136,99
319,257,116,92
314,261,121,99
310,266,122,94
309,265,120,95
308,264,121,95
310,264,122,96
351,262,91,97
307,253,129,106
303,242,76,76
313,244,111,114
310,235,78,78
316,236,62,73
317,234,62,67
321,229,65,63
326,218,65,60
330,206,67,57
334,193,69,57
335,179,71,56
337,165,70,55
338,153,70,52
340,143,68,51
340,132,66,50
340,124,64,52
343,123,57,49
341,122,56,53
340,125,52,53
340,130,49,54
340,135,44,55
338,141,43,56
340,148,38,53
340,153,36,54
340,158,34,53
341,164,33,50
341,170,32,48
342,177,32,46
342,184,31,43
343,187,30,42
345,190,30,39
346,191,29,39
347,191,28,37
349,190,27,37
350,187,27,37
351,185,26,36
352,184,26,36
353,182,26,36
353,181,26,36
353,181,27,35
353,181,27,36
352,181,27,37
352,184,27,37
351,187,27,39
350,188,28,40
349,190,29,40
346,190,30,43
346,189,30,44
345,189,31,45
343,188,31,46
341,187,34,46
339,185,35,46
336,184,38,46
334,182,40,47
332,180,41,48
330,179,42,49
329,177,43,50
329,177,43,50
326,176,45,50
326,176,45,51
324,175,47,51
322,172,48,53
320,172,51,53
319,171,51,54
319,170,51,53
319,169,52,52
317,169,53,52
317,170,53,51
317,171,54,51
318,172,52,52
319,174,51,53
319,178,50,52
320,180,49,53
321,184,48,52
323,186,46,52
324,189,43,51
325,192,42,51
327,196,40,50
329,201,37,48
330,205,35,47
332,208,32,49
333,209,30,49
334,210,27,48
335,210,24,47
336,210,22,46
337,209,19,44
337,206,16,44
338,203,14,46
337,197,12,51
335,198,12,46
334,194,13,47
332,193,14,45
329,192,16,43
327,187,17,45
324,182,19,49
321,177,20,47
318,174,23,46
317,170,24,46
312,166,27,45
309,161,31,46
307,160,32,42
304,154,34,43
301,150,37,40
300,146,38,39
298,139,41,40
296,131,43,43
295,123,43,48
294,118,46,46
292,112,48,47
293,108,50,46
296,105,48,42
295,100,53,45
297,98,53,43
296,96,55,44
300,94,51,43
305,87,49,47
306,88,51,45
310,87,48,48
310,86,51,49
317,88,46,48
319,88,46,48
320,89,46,48
322,92,46,47
322,91,47,49
323,92,48,48
327,95,45,47
328,98,43,48
330,102,41,48
330,105,40,49
330,108,39,50
328,140,25,43
327,143,23,45
326,146,21,45
324,147,21,47
323,147,20,49
322,147,19,50
320,150,18,49
319,151,18,49
318,150,17,52
316,154,19,51
315,158,20,50
316,159,19,50
314,160,20,51
313,162,23,51
313,164,25,51
312,166,26,50
312,165,28,52
311,166,30,52
311,167,32,53
311,168,33,53
312,170,34,53
312,172,38,53
313,176,39,51
313,179,42,50
315,181,42,51
316,185,43,50
317,188,44,51
317,192,46,50
318,195,46,50
319,197,46,50
319,199,48,51
319,201,49,51
319,204,50,50
321,206,48,49
321,208,49,49
322,209,48,48
321,211,49,48
321,214,48,47
321,215,47,48
321,217,46,48
320,217,46,49
320,218,44,50
320,220,43,47
320,219,42,48
320,221,41,46
320,222,41,47
318,222,41,47
319,225,38,46
318,227,37,46
319,229,34,47
319,233,31,54
317,234,31,55
317,236,28,55
317,238,27,55
316,239,26,59
316,240,24,59
316,241,22,62
315,243,22,57
313,246,22,57
310,248,27,57
308,256,28,54
310,256,25,53
310,257,25,51
312,255,23,55
312,256,24,52
315,256,23,54
313,258,27,55
315,259,28,55
314,263,31,52
314,266,32,52
312,267,36,52
315,267,36,55
313,269,39,56
315,267,41,59
314,268,43,61
314,272,45,62
316,268,45,66
312,268,50,74
317,269,48,70
316,268,53,70
315,268,54,74
313,267,71,81
313,268,69,86
311,267,71,87
308,265,110,91
307,265,109,91
306,264,108,92
306,264,123,92
305,265,124,92
306,265,123,92
303,266,124,92
305,265,125,93
306,265,126,93
306,264,129,95
308,264,123,95
309,265,122,95
304,265,125,93
307,265,125,94
305,264,126,95
307,265,122,93
304,265,127,95
308,265,123,94
304,265,129,95
310,266,125,94
306,265,126,94
307,265,125,94
305,265,127,94
309,266,123,93
304,266,128,93
310,265,121,94
308,265,123,93
308,265,123,94
307,266,121,92
306,265,123,93
303,265,126,94
309,266,122,93
306,265,126,95
308,266,125,92
306,265,123,93
309,265,122,93
305,265,125,93
307,265,127,94
308,265,127,94
305,264,130,94
308,266,127,92
304,265,130,95
307,265,128,94
309,266,127,92
305,265,130,92
306,265,129,92
305,266,130,93
307,266,124,91
306,266,126,91
304,265,128,92
307,265,129,91
307,267,128,90
309,266,124,90
307,267,125,90
304,265,127,92
308,266,125,89
305,265,124,92
306,266,126,91
307,266,126,91
305,266,126,92
307,267,126,89
308,266,124,91
304,265,128,92
309,266,126,92
309,266,121,90
308,265,124,92
307,266,124,91
307,266,125,92
305,265,127,92
308,265,128,93
308,265,126,93
306,265,128,93
310,266,123,93
307,266,123,91
307,265,123,92
305,265,125,93
306,265,125,92
306,265,124,92
305,265,126,93
307,265,124,95
309,265,122,95
309,265,122,94
312,265,119,94
305,265,125,92
308,265,123,94
314,266,116,93
309,265,122,93
307,266,124,92
310,266,119,92
310,265,121,92
313,265,116,93
310,265,120,94
313,265,117,93
307,264,125,94
307,264,128,93
307,265,126,94
307,265,126,94
305,264,128,93
306,265,128,93
310,264,104,93
306,264,109,90
305,265,113,89
306,264,91,90
309,265,125,92
304,265,127,92
309,266,126,91
305,266,124,89
308,267,119,89
309,265,102,91
307,267,112,88
309,267,110,87
309,266,116,88
310,264,118,92
307,266,123,91
307,266,123,91
308,267,122,88
307,264,123,92
305,266,128,90
309,267,117,87
309,264,119,92
307,265,125,93
308,265,126,93
308,265,126,94
306,265,127,94
307,266,126,94
307,265,127,94
307,265,127,94
308,264,124,95
304,264,130,96
304,266,131,94
306,265,129,92
305,265,127,95
306,265,130,94
305,265,128,94
302,263,131,97
303,259,134,100
298,255,137,102
297,249,124,101
306,254,129,104
302,231,86,78
306,217,38,52
312,207,29,52
315,197,26,50
316,188,26,50
319,179,23,51
321,174,21,51
323,169,21,52
324,168,19,52
326,167,17,54
327,169,19,55
326,173,21,52
328,174,21,54
330,175,22,55
333,179,23,53
338,176,22,59
341,178,26,58
349,181,23,58
356,182,24,59
365,184,23,60
374,186,24,60
382,187,26,62
392,187,27,64
402,188,28,64
411,188,30,65
419,187,32,66
428,189,34,65
434,192,37,64
439,193,39,65
442,194,42,64
443,194,42,62
442,194,44,60
438,195,46,58
432,196,48,57
425,199,49,55
417,203,49,54
408,206,50,55
396,210,51,55
383,214,53,54
371,220,53,51
357,224,56,50
342,226,53,52
328,229,51,51
309,228,51,48
294,225,49,51
279,222,47,53
263,219,44,52
252,216,44,57
243,213,44,53
233,209,41,50
223,204,41,52
216,202,43,52
211,200,43,51
208,199,41,51
207,198,41,53
207,200,41,53
209,203,41,52
213,207,41,50
220,211,40,53
228,217,39,51
237,223,42,53
251,228,41,52
260,233,46,53
264,235,47,52
269,234,50,52
284,235,45,60
301,241,48,56
314,246,58,53
338,247,58,60
357,247,63,58
383,244,47,67
401,241,49,49
422,236,42,55
438,230,43,54
452,226,43,53
460,220,45,53
469,215,45,55
474,212,46,54
477,209,46,54
478,210,44,53
467,218,42,55
458,222,39,57
446,229,37,63
434,234,33,59
418,242,32,43
397,249,29,28
379,253,21,19
356,256,24,14
339,266,23,20
312,270,29,44
286,264,43,44
273,248,43,63
248,252,45,64
242,252,35,61
235,247,32,39
228,243,26,39
220,239,30,38
216,231,31,39
216,227,30,37
218,223,28,38
220,222,28,35
225,222,28,34
231,222,26,34
234,223,30,34
245,229,25,30
249,230,31,30
260,236,27,27
277,235,23,30
280,241,28,27
289,259,27,56
276,233,34,47
278,228,32,52
278,231,38,43
358,248,17,18
371,251,15,15
383,254,14,14
394,252,15,18
403,254,18,18
413,253,21,27
422,250,22,29
429,249,24,41
431,244,25,40
433,243,26,42
435,241,27,45
434,241,27,46
431,241,28,48
427,242,28,52
421,239,31,54
413,244,38,46
402,246,46,47
386,247,55,39
377,248,53,41
371,248,43,38
360,249,26,27
344,248,29,34
318,248,47,52
305,246,44,49
285,236,45,52
276,237,43,47
269,234,28,46
256,228,27,47
244,220,33,46
234,214,37,45
228,206,34,47
227,203,30,46
228,203,25,40
227,203,26,33
224,204,33,28
225,206,33,23
228,205,35,28
234,206,37,30
241,210,36,30
251,216,34,27
261,218,30,30
279,220,22,28
284,226,27,36
298,229,24,35
311,236,28,31
325,240,31,28
337,245,33,24
353,248,32,22
370,249,30,22
383,249,32,24
401,248,25,26
417,246,19,29
430,242,19,34
435,230,26,43
440,221,33,45
443,212,37,46
448,206,37,44
453,200,37,45
458,195,31,46
461,191,25,48
462,185,24,53
458,184,28,52
446,185,40,49
435,189,49,44
424,190,54,41
412,190,54,40
400,189,50,41
391,187,47,43
382,186,31,46
380,185,26,47
362,185,45,50
361,184,25,51
351,186,25,51
346,187,27,48
320,187,42,47
308,187,42,46
291,183,47,45
280,180,46,44
270,178,47,43
263,175,41,40
261,173,34,36
257,169,31,34
254,163,30,36
256,163,25,36
255,160,28,38
254,156,32,42
254,156,37,45
256,158,38,46
261,162,38,47
265,171,36,47
269,182,36,47
277,189,33,50
285,197,30,50
296,205,23,50
303,215,22,47
302,226,36,41
324,232,20,40
334,246,22,36
344,246,25,43
351,249,35,53
356,254,49,60
333,257,92,85
309,260,119,99
309,260,121,100
309,262,121,98
308,260,130,98
302,259,142,99
307,254,146,84
308,255,142,101
303,261,120,95
305,261,124,97
306,263,124,97
306,265,124,93
349,234,97,126
337,231,96,129
362,219,70,90
384,202,52,59
373,197,58,58
363,192,59,57
354,189,57,55
345,186,55,53
337,183,49,51
329,181,43,47
323,177,35,46
317,171,29,46
309,169,19,42
302,154,22,51
289,147,30,52
284,141,33,51
278,134,37,51
272,134,42,43
270,129,44,41
268,126,49,38
269,121,49,36
272,119,47,37
277,119,45,34
281,115,41,42
283,117,44,40
287,118,44,41
302,121,33,41
309,127,31,42
318,130,28,45
330,134,20,43
340,137,17,43
350,141,16,41
358,140,15,46
366,141,16,48
371,146,20,43
376,146,24,44
378,150,29,41
381,152,33,39
383,155,36,37
385,156,38,38
386,157,40,39
385,159,41,39
385,164,41,38
383,168,42,36
382,172,40,35
380,176,36,35
376,179,33,35
373,182,29,38
369,182,25,39
364,181,20,42
358,181,16,42
351,178,16,43
341,180,16,39
333,182,17,33
326,174,19,40
316,173,24,41
307,177,25,39
296,182,29,39
284,189,35,42
279,198,35,33
279,194,38,40
277,196,39,35
279,189,38,43
283,194,38,37
290,192,41,38
299,191,40,37
306,189,46,38
315,187,50,37
328,188,48,33
339,187,48,33
352,185,47,34
363,183,47,36
373,179,46,39
382,177,44,40
391,174,40,40
398,173,37,40
404,171,33,40
406,168,31,38
406,165,29,35
406,163,30,36
403,161,30,34
402,159,31,34
397,155,31,33
391,151,31,31
384,146,31,31
377,143,30,31
371,142,29,29
366,139,26,27
362,138,29,23
360,131,30,29
363,127,28,32
365,131,30,22
372,134,32,17
374,137,31,20
374,144,28,18
372,149,34,17
371,151,34,14
369,152,32,17
367,155,32,21
365,160,36,15
360,165,35,16
357,166,38,15
355,165,34,14
351,161,44,20
347,154,38,22
355,146,34,26
355,134,25,28
355,128,24,23
356,126,25,22
356,125,21,22
351,128,20,20
346,130,24,25
344,130,28,28
348,128,29,30
356,123,27,33
368,119,25,37
377,118,26,38
382,126,29,37
380,135,33,37
378,138,25,36
367,135,30,39
360,130,38,44
364,128,36,43
365,129,36,42
364,127,37,43
364,123,37,43
365,118,36,44
369,115,32,43
373,111,30,43
377,106,30,44
382,101,31,41
389,95,27,42
394,90,24,44
396,88,24,46
397,87,22,47
396,86,20,45
393,85,21,41
389,84,23,39
388,82,24,39
388,78,23,41
388,74,23,42
386,71,22,41
379,70,24,39
372,69,26,37
365,70,28,35
352,75,39,30
341,83,45,20
344,83,36,33
338,84,41,48
333,96,41,52
330,106,37,58
327,132,28,51
323,158,24,46
313,200,24,28
312,228,23,35
313,228,25,40
322,210,21,53
322,203,45,41
327,195,46,24
336,184,42,24
341,174,42,31
346,165,42,42
352,159,42,49
359,160,41,48
382,177,35,33
380,176,38,39
375,180,44,38
371,185,44,33
370,189,41,38
366,191,40,47
364,194,38,48
359,194,38,46
354,193,39,46
349,193,40,46
344,193,39,47
338,195,39,47
333,198,39,45
330,198,36,43
328,197,33,40
328,195,27,41
327,196,24,41
324,198,24,45
321,199,24,48
320,202,25,49
316,202,31,50
313,203,39,51
310,206,47,49
312,209,47,46
312,211,49,44
312,213,51,42
324,214,39,37
329,212,35,37
338,212,26,37
340,212,24,36
349,209,18,38
350,209,16,39
356,206,14,42
360,207,16,41
360,207,22,42
362,206,29,43
363,205,34,42
366,204,36,43
369,203,37,42
372,204,35,41
376,202,32,40
381,201,27,39
388,198,20,37
393,197,14,34
397,194,10,33
397,190,14,34
396,190,19,32
395,189,23,31
392,185,28,32
391,184,31,31
391,182,32,31
390,182,32,31
391,182,29,32
391,184,25,33
392,185,20,35
393,189,15,36
392,192,13,38
389,197,13,39
383,201,18,39
376,204,25,41
367,207,32,42
360,210,37,42
353,211,41,44
347,211,43,44
341,208,42,46
336,204,38,47
332,199,34,48
330,194,23,47
325,185,22,53
316,176,24,52
309,167,29,48
300,157,40,42
289,149,52,38
288,143,54,33
285,135,56,34
284,129,55,36
286,127,54,41
290,127,46,47
293,131,39,50
302,139,31,53
306,155,27,45
311,170,25,39
313,186,30,39
318,194,33,44
321,203,39,46
324,210,42,49
329,217,42,46
337,222,37,43
342,223,33,38
352,219,26,37
357,216,25,38
362,217,23,37
367,218,22,38
371,219,22,39
375,220,21,39
382,220,17,33
388,216,16,31
389,213,19,29
393,209,19,28
397,207,17,26
402,207,15,25
407,205,12,26
410,204,11,27
411,199,11,32
414,196,10,33
414,194,11,35
413,194,15,35
411,194,17,34
411,195,17,31
411,193,16,32
410,193,14,31
406,191,16,33
402,191,20,35
399,192,20,38
395,193,23,41
390,191,25,45
385,187,28,48
379,181,33,48
373,176,37,48
366,171,45,48
359,165,52,51
354,159,55,51
349,153,58,51
345,147,59,48
340,145,59,42
336,144,59,35
333,143,54,31
330,141,51,33
324,143,49,33
323,145,43,39
320,145,38,51
315,154,37,50
311,163,39,49
309,171,39,49
309,180,38,51
313,189,32,54
322,196,23,56
330,199,18,58
336,204,19,58
341,204,27,55
350,203,31,55
362,200,33,56
374,198,36,57
384,197,43,58
395,199,50,58
407,201,58,57
418,202,62,56
437,205,57,53
456,206,53,53
472,208,51,52
475,209,50,52
490,210,45,52
491,209,46,52
506,208,43,56
518,204,39,60
525,200,40,62
527,197,45,61
522,195,54,60
516,192,57,58
511,187,53,58
504,182,46,61
497,176,38,70
487,173,30,72
468,171,32,70
445,168,36,68
422,164,40,67
399,159,45,66
378,152,45,65
360,146,46,62
342,142,48,56
325,140,47,48
309,141,47,44
297,140,45,41
284,139,49,42
279,132,43,50
270,140,50,41
268,141,49,39
267,140,50,44
268,142,50,41
271,142,49,46
276,145,48,42
285,149,49,39
292,155,47,39
301,164,47,39
310,174,45,39
320,185,44,45
334,196,39,49
346,205,36,56
361,212,31,55
376,218,26,53
389,222,25,52
404,224,20,52
416,222,20,50
428,221,20,58
438,224,24,72
443,229,35,66
450,232,36,60
454,232,40,61
455,227,42,64
455,225,42,61
452,221,46,64
446,222,49,62
438,223,54,60
429,223,56,62
420,224,57,59
409,222,56,57
396,221,57,55
382,220,59,54
370,219,57,56
355,215,59,56
345,211,50,57
332,205,49,56
322,201,46,55
310,196,45,54
298,189,45,54
291,184,44,53
283,176,42,52
278,169,41,53
276,163,41,48
273,158,41,47
271,155,39,46
271,154,37,44
271,158,34,41
272,161,32,40
275,163,30,42
278,165,28,44
284,167,24,44
290,169,22,50
297,177,20,49
301,183,20,49
299,200,29,39
315,212,23,40
319,221,26,41
334,230,21,36
342,238,23,42
351,239,24,45
361,245,31,48
368,245,38,52
372,244,50,66
379,244,50,67
391,242,48,65
399,237,53,54
408,233,54,56
416,227,53,57
422,221,52,59
426,215,52,59
429,208,50,59
431,202,50,57
430,194,49,59
424,186,51,59
419,178,51,58
411,171,52,60
404,165,51,58
394,161,52,55
384,158,51,52
375,152,48,49
365,148,42,48
355,142,40,50
343,137,39,50
335,135,35,46
325,130,33,46
317,127,35,44
308,126,34,41
302,124,35,41
299,122,30,42
294,120,31,46
289,126,33,46
285,132,34,48
281,145,34,46
281,161,29,40
283,167,27,46
282,180,28,47
283,182,28,55
283,193,29,48
284,194,28,50
286,206,29,54
291,223,27,45
304,230,22,49
311,239,25,48
320,244,27,53
328,252,29,45
339,250,28,45
347,250,34,50
359,249,38,49
371,248,39,49
382,248,39,55
391,245,42,58
403,243,40,57
412,237,40,52
417,234,42,55
422,228,44,51
426,220,45,53
428,211,45,55
429,203,45,55
427,195,46,55
423,189,47,54
418,182,48,54
412,178,46,51
405,172,45,50
398,168,42,47
388,163,42,46
378,157,39,47
367,151,37,48
358,146,34,48
348,142,30,46
336,141,29,46
327,141,25,43
315,141,26,46
306,146,25,45
297,150,26,47
290,153,28,44
286,153,28,47
284,154,28,46
283,157,29,47
281,162,30,48
280,171,29,50
279,188,29,45
277,200,28,46
279,214,26,47
280,225,29,50
279,230,37,53
290,235,30,65
300,252,27,52
307,265,30,43
278,229,35,48
316,275,39,62
309,266,114,92
304,264,126,94
308,266,124,94
304,266,121,92
302,265,126,93
306,266,122,92
304,265,123,94
305,265,125,93
304,266,126,92
306,265,130,92
309,265,125,93
310,264,111,95
304,264,122,92
301,264,128,94
306,265,126,93
297,254,145,105
299,260,124,94
304,266,128,93
306,267,124,91
302,265,128,93
307,266,123,93
305,264,124,95
307,264,124,95
306,264,126,96
306,262,128,95
305,263,131,94
307,259,140,100
301,263,129,92
299,250,149,109
295,264,141,92
288,253,97,106
312,247,129,111
273,167,43,50
267,178,46,46
261,201,45,42
255,219,47,42
256,233,44,44
258,243,45,42
259,253,47,46
267,267,44,41
273,275,40,45
284,274,47,53
292,267,67,68
305,266,103,89
305,264,127,94
308,265,121,95
307,265,123,93
303,265,126,93
305,265,124,93
305,264,130,94
307,266,146,92
300,264,154,93
300,262,125,90
303,264,127,95
305,261,132,98
303,263,132,96
307,263,124,96
307,263,121,95
307,265,121,94
306,265,124,94
305,264,124,95
305,264,126,94
306,265,126,94
305,265,126,94
306,265,125,94
306,264,121,96
303,259,127,101
333,256,92,100
471,268,58,62
476,265,51,56
470,256,52,56
462,248,53,50
457,239,52,50
451,232,50,52
446,227,48,50
440,221,47,53
435,217,45,59
431,211,42,63
427,207,38,66
423,203,34,68
420,197,31,69
416,193,29,71
413,187,26,72
408,182,25,69
404,172,26,73
400,167,27,69
396,160,28,72
394,154,29,77
394,150,26,79
396,147,23,79
397,145,22,74
400,138,22,73
401,130,23,75
403,121,24,78
405,118,26,75
407,115,26,76
413,108,24,86
408,108,34,85
419,108,26,83
420,112,28,83
421,114,28,84
422,119,28,84
422,123,29,85
422,127,30,85
419,134,35,82
416,138,38,81
413,142,42,82
410,150,44,80
407,156,49,77
403,169,52,69
401,183,53,60
397,194,55,59
395,208,56,58
393,215,59,62
388,221,62,72
390,224,60,75
392,225,56,73
394,223,54,75
393,220,60,78
392,219,61,78
391,216,69,80
392,212,74,81
392,202,87,88
394,196,86,93
396,194,90,91
403,192,84,89
408,190,82,87
