201,179,120,44
200,179,121,44
200,181,122,43
200,182,122,41
201,181,123,41
197,179,121,43
196,176,123,46
198,176,119,45
199,176,122,46
200,178,121,44
199,175,114,47
198,176,112,45
196,178,109,44
196,178,109,44
196,178,109,44
208,178,112,43
201,178,119,44
196,176,120,46
197,177,121,46
200,174,122,51
199,178,117,45
198,179,118,46
197,178,115,46
198,178,111,47
198,179,99,43
197,178,101,38
200,180,91,41
198,177,98,44
78,159,116,37
77,159,121,37
77,159,121,37
79,160,118,38
197,177,114,40
197,177,114,40
198,179,104,36
197,177,107,42
196,177,115,44
200,178,117,47
199,178,119,46
199,177,121,45
198,177,125,45
197,178,126,46
200,177,121,47
201,178,120,44
208,178,116,44
220,177,105,47
227,179,99,44
227,179,99,44
213,167,110,57
213,167,110,57
213,167,110,57
213,167,110,57
202,180,88,47
202,179,99,42
201,179,107,44
198,178,117,41
201,180,122,39
201,178,120,40
199,179,120,44
197,178,122,45
196,180,124,41
196,179,121,42
194,177,123,45
199,179,121,39
198,180,122,41
194,178,121,42
192,178,120,43
190,180,123,40
190,180,122,43
190,180,122,43
186,181,126,40
191,180,125,44
187,181,125,44
187,181,122,43
183,181,128,44
183,180,126,47
181,179,127,43
182,181,126,44
179,183,127,44
182,183,126,43
182,182,124,45
179,183,124,44
175,181,130,44
174,182,130,44
176,180,123,48
178,179,126,49
175,179,124,50
173,182,127,46
174,180,126,49
176,180,125,46
176,180,123,48
177,180,126,46
175,180,128,44
176,183,130,46
174,180,129,47
175,180,128,49
174,177,132,51
177,182,129,47
178,180,123,49
176,179,126,47
176,183,129,46
172,181,130,43
174,179,132,45
176,181,126,46
174,181,127,45
175,181,128,45
174,182,129,46
173,180,129,46
172,181,134,47
171,179,132,48
173,180,130,47
173,179,131,46
174,181,130,45
172,180,132,44
172,181,129,44
174,179,129,48
170,181,135,46
175,181,129,47
173,181,128,45
173,180,132,47
173,179,130,46
176,179,124,47
174,179,130,47
172,175,133,48
177,175,124,53
178,172,126,54
174,170,127,57
174,162,134,64
174,162,134,64
174,162,134,64
174,162,134,64
174,162,134,64
174,162,134,64
178,148,130,71
179,139,128,77
178,129,127,93
176,116,134,111
173,115,137,113
173,116,134,112
173,115,141,121
175,114,132,119
177,116,138,111
175,115,140,106
173,116,137,107
176,119,137,108
174,120,138,116
175,122,144,110
175,125,157,105
176,125,153,107
177,127,154,105
178,131,149,101
180,129,147,101
178,130,146,95
176,131,155,84
178,133,163,73
179,136,173,85
174,138,148,88
176,139,150,85
178,142,143,88
177,142,153,84
175,148,144,79
180,152,140,75
179,155,141,74
178,155,139,73
175,159,144,69
176,162,136,64
178,166,136,61
178,168,136,61
178,173,129,54
177,175,132,57
179,174,124,56
180,179,127,48
174,178,131,51
179,180,124,47
177,180,126,47
179,182,122,46
179,183,124,48
178,183,123,47
179,184,121,45
177,182,121,47
179,185,124,42
179,181,118,49
178,182,123,48
178,181,118,50
180,182,117,48
177,180,122,50
177,182,121,49
176,178,123,53
179,176,120,54
176,177,126,51
177,175,125,54
177,172,126,57
175,166,139,63
178,162,137,67
177,155,140,78
176,146,144,85
178,145,142,81
177,139,143,91
179,131,143,96
177,129,143,97
179,128,143,99
176,128,137,98
175,133,144,94
173,129,147,98
175,129,142,95
177,134,151,91
175,135,140,93
178,136,136,91
177,137,142,90
175,138,139,86
177,141,141,88
177,143,148,83
173,145,151,82
178,148,142,82
179,152,140,80
176,150,150,79
175,151,165,77
176,149,154,80
177,147,143,82
177,143,145,83
174,139,148,90
178,134,142,91
176,129,133,98
176,124,135,103
174,119,136,108
178,116,131,112
179,115,125,111
175,118,129,108
176,121,128,107
177,128,128,98
173,138,137,88
175,147,127,82
172,156,125,71
176,169,116,60
175,176,116,54
174,179,117,47
177,182,111,43
177,182,112,44
177,180,105,47
177,181,108,46
178,181,114,46
178,180,116,48
176,181,129,48
175,180,131,47
174,180,129,48
175,181,126,46
174,179,128,46
175,180,128,47
173,178,126,48
169,179,134,48
170,179,133,47
166,183,129,45
159,181,132,47
158,181,134,49
151,182,134,48
152,181,128,50
147,182,131,51
141,183,132,55
151,186,128,44
130,186,128,47
142,186,111,50
141,187,111,53
155,187,100,47
151,187,102,46
148,187,105,44
143,185,111,47
128,184,124,53
118,183,133,51
118,185,140,49
116,184,137,52
117,187,138,48
117,188,139,47
117,190,138,47
116,190,142,42
116,191,139,42
118,191,140,45
120,194,132,44
121,190,123,48
123,192,104,49
128,192,95,54
131,192,95,57
134,192,93,61
254,175,111,71
244,171,122,69
228,166,140,63
216,159,154,68
218,159,154,65
220,156,155,66
217,156,157,67
222,157,149,66
223,157,149,67
225,155,141,64
223,159,138,59
223,159,140,58
220,156,144,58
221,157,138,57
219,156,132,56
213,158,138,52
213,158,133,48
214,161,129,41
213,158,126,40
212,155,122,36
213,154,124,33
215,152,124,30
216,149,123,31
214,143,124,36
216,142,119,39
216,141,122,42
181,154,109,33
177,163,96,27
177,163,96,27
259,156,88,29
275,136,87,41
241,158,98,40
228,160,110,38
229,160,112,40
230,162,111,40
228,161,112,41
225,162,115,41
224,162,118,42
224,164,112,44
220,167,115,38
215,169,116,39
210,170,119,40
208,173,115,39
203,174,122,37
196,174,119,38
196,174,118,38
190,177,120,38
189,175,121,44
182,176,121,42
182,178,123,43
177,178,125,42
174,180,122,42
171,180,123,43
169,184,122,41
163,181,126,43
158,183,128,45
152,181,131,46
153,183,128,47
155,185,134,47
151,186,126,47
153,189,126,48
148,189,121,47
146,190,123,51
145,190,129,54
144,190,124,53
137,190,130,56
137,192,131,55
133,193,137,54
128,193,139,54
131,191,133,54
132,192,131,56
134,190,133,54
131,194,142,55
131,193,150,53
130,191,146,52
134,193,139,55
132,193,146,57
132,190,139,56
137,192,134,60
131,194,142,55
131,192,149,54
133,191,137,57
131,195,139,52
129,192,136,50
133,191,132,57
131,193,135,53
133,191,134,55
134,194,133,55
137,192,122,60
135,194,123,55
131,195,133,51
132,194,129,56
133,194,126,57
134,193,129,54
132,194,134,53
131,194,129,53
134,193,125,53
132,195,128,51
129,192,135,50
129,192,137,53
131,190,135,54
132,191,131,55
133,191,129,54
131,192,128,52
131,191,123,54
130,193,127,57
131,192,127,52
130,194,122,52
133,190,129,57
137,188,128,59
129,191,127,54
128,186,130,58
132,187,123,50
132,186,120,49
129,183,126,48
129,182,122,45
132,178,114,45
130,177,115,45
129,174,116,45
130,171,110,43
132,165,111,48
129,164,109,47
145,122,122,42
144,125,126,41
132,169,113,44
132,169,114,42
148,138,123,43
145,136,123,44
148,140,126,46
148,143,135,44
149,147,136,45
146,153,140,51
141,154,147,52
141,160,155,51
142,164,156,54
145,166,155,57
155,169,145,59
158,170,140,60
157,172,137,63
156,173,139,65
154,174,142,71
159,176,139,65
155,174,142,67
153,177,145,66
150,180,146,63
147,177,147,70
149,177,148,70
155,178,143,67
153,176,144,71
154,182,140,64
153,186,142,59
154,186,148,58
150,188,150,57
151,189,145,57
151,188,142,57
150,187,147,59
151,187,150,58
157,192,143,57
152,193,143,56
155,187,142,61
153,188,143,58
156,189,143,58
154,190,144,59
150,189,142,56
153,189,145,57
154,188,142,60
156,188,141,60
155,184,141,64
154,187,136,61
156,187,141,61
159,188,139,60
151,189,145,56
155,190,141,55
156,191,142,55
155,192,138,56
154,191,135,53
153,193,141,54
153,192,142,51
154,193,142,53
151,191,146,54
154,191,139,56
157,190,135,57
153,190,141,54
147,197,145,40
136,179,149,48
148,196,143,37
152,198,145,30
153,198,146,29
131,167,128,39
160,191,130,56
193,190,141,63
183,180,163,68
163,171,182,70
160,161,185,75
164,152,171,87
159,145,173,84
155,143,177,78
151,141,178,75
150,145,177,66
149,144,175,62
145,146,173,61
153,145,164,54
154,147,164,55
155,147,158,55
160,152,154,58
165,152,148,56
168,154,146,58
166,155,146,58
166,156,147,56
170,162,141,53
167,161,140,53
173,162,140,53
170,161,142,57
172,161,138,58
172,163,135,64
169,162,142,63
167,165,144,60
172,164,137,59
170,167,141,56
174,167,136,54
167,167,143,56
170,169,137,52
168,167,142,57
169,167,136,56
168,168,138,55
168,170,139,58
166,172,142,59
166,175,140,57
166,176,143,59
165,175,139,63
163,175,140,62
163,177,144,63
163,177,143,64
162,175,142,67
160,181,141,66
157,183,143,66
156,185,143,62
155,188,140,61
156,195,146,55
153,194,146,57
153,193,142,58
156,194,143,54
153,191,146,59
153,197,150,55
153,194,147,58
152,195,147,58
155,197,145,54
152,195,158,56
152,199,150,53
153,199,149,51
154,197,147,52
152,201,148,50
153,199,148,50
152,197,151,52
151,199,147,52
151,200,150,49
150,198,150,52
150,200,147,50
151,199,149,52
149,200,146,54
153,196,150,58
150,195,142,59
154,196,132,56
153,197,136,56
155,198,136,53
151,197,138,52
151,201,135,53
154,200,142,51
151,200,135,53
151,201,142,53
150,203,142,55
152,205,127,52
153,206,119,55
151,204,121,57
156,204,115,60
150,206,118,59
133,166,116,47
136,169,114,39
134,168,112,42
133,167,114,43
131,167,117,42
136,172,117,43
132,166,119,44
132,167,113,42
133,168,121,39
133,167,117,41
131,167,124,41
131,167,118,42
133,165,119,43
130,166,115,41
129,166,114,40
129,168,111,38
135,166,104,39
132,169,106,39
132,169,100,37
135,168,98,37
132,170,93,35
134,169,82,37
134,167,81,41
133,170,79,36
133,169,71,37
133,170,67,37
135,170,64,39
135,170,60,37
135,170,59,37
133,170,55,37
154,169,58,36
135,169,56,39
134,170,50,38
133,172,50,34
135,171,44,36
134,173,40,35
134,172,36,36
133,173,34,36
135,172,33,36
136,173,32,35
135,172,32,36
134,171,33,36
134,172,35,33
134,171,35,34
135,172,35,35
134,171,33,35
134,171,35,34
134,172,37,35
135,171,38,35
133,171,37,35
133,172,36,36
134,172,36,33
134,172,34,36
134,173,35,33
135,172,34,34
135,171,32,34
134,170,32,36
134,172,34,36
134,171,36,36
133,172,34,35
134,172,35,34
134,171,33,33
133,172,35,35
134,172,35,34
134,171,34,34
135,173,34,30
134,172,34,34
134,171,36,34
133,171,37,36
133,171,40,35
133,172,34,36
135,173,37,35
135,173,34,35
134,171,34,35
134,171,35,35
134,171,34,34
134,172,36,35
135,172,38,32
137,171,36,35
142,171,33,33
145,171,33,29
148,170,33,29
152,170,32,27
155,168,32,28
160,168,34,28
165,167,32,29
168,167,34,28
172,167,31,29
175,167,35,28
180,167,32,29
184,165,34,29
187,165,34,30
189,164,33,30
190,164,33,31
193,162,32,31
193,165,33,30
194,165,33,30
192,162,32,31
193,164,31,29
193,165,32,30
193,163,33,29
193,164,31,31
192,163,33,30
192,160,32,33
194,158,32,35
195,156,33,36
198,152,33,40
200,147,30,37
201,142,30,32
204,136,33,29
205,131,32,25
208,123,33,25
208,123,33,25
208,123,33,25
208,123,33,25
208,123,33,25
262,130,35,21
262,130,35,21
262,130,35,21
262,130,35,21
262,130,35,21
262,130,35,21
262,130,35,21
262,130,35,21
262,130,35,21
262,130,35,21
262,130,35,21
262,130,35,21
262,130,35,21
262,130,35,21
262,130,35,21
218,156,34,20
169,131,37,24
152,171,34,31
151,171,37,34
170,138,38,39
168,145,39,45
154,156,54,48
153,163,55,47
155,170,49,47
151,170,42,40
151,169,33,40
151,170,34,39
151,170,34,37
151,169,31,33
151,169,33,29
152,169,34,27
151,170,33,27
152,169,33,31
153,170,34,31
153,169,34,30
151,169,35,34
152,169,35,34
152,169,36,32
152,169,35,34
152,169,35,35
152,169,36,37
151,171,35,32
