284,156,113,111
288,152,112,113
288,152,110,115
292,151,104,115
290,151,104,114
293,149,96,116
294,152,95,110
297,152,82,107
296,156,78,104
296,156,73,105
297,156,70,103
299,155,58,101
296,156,53,103
297,153,54,101
297,152,50,103
299,150,45,105
301,148,43,104
302,145,40,105
303,140,37,110
304,137,37,112
309,131,34,115
313,127,33,117
314,125,34,116
327,117,27,121
327,113,29,125
337,117,32,119
338,118,35,117
349,103,35,125
353,83,38,140
362,65,39,145
373,49,39,144
375,42,41,147
382,21,43,146
381,19,47,142
388,10,48,133
388,8,49,128
392,4,49,120
392,3,49,125
392,3,49,125
396,-7,57,116
389,0,65,108
390,3,70,99
389,2,71,98
393,1,70,103
390,3,73,104
392,1,78,107
392,4,76,102
394,4,80,108
396,5,78,108
396,15,81,99
398,34,81,83
394,37,79,83
393,47,78,80
394,49,81,80
391,59,84,77
388,57,84,81
380,62,82,80
376,65,89,77
368,65,87,84
357,64,91,91
353,67,93,90
343,70,95,93
342,69,90,93
336,70,89,90
336,70,86,89
328,71,87,83
323,71,90,82
313,64,90,82
299,58,90,82
289,54,90,83
300,54,86,84
273,54,90,83
270,53,93,88
259,65,86,82
255,66,89,84
229,84,92,72
237,87,83,68
211,95,85,77
214,94,79,79
197,100,84,86
196,98,88,87
177,98,96,86
177,97,92,87
168,93,88,89
166,92,89,89
161,89,86,97
159,90,86,95
157,93,84,102
158,95,82,103
154,105,83,98
156,112,82,90
153,111,85,91
156,110,84,89
163,104,83,92
165,101,79,93
178,94,72,90
179,96,73,85
186,97,73,78
185,100,75,76
194,106,70,74
193,112,73,67
199,111,75,76
199,111,74,74
206,104,72,78
206,103,71,80
208,102,69,76
207,104,71,76
210,106,71,72
209,106,71,72
211,110,70,70
211,109,69,72
215,113,64,77
215,110,65,82
217,113,62,82
215,115,61,77
216,116,60,69
212,112,64,73
209,109,56,73
210,108,56,76
199,101,54,81
203,101,48,78
185,100,49,82
184,100,49,80
162,106,50,75
161,106,48,74
141,103,48,76
135,107,54,72
113,110,60,78
108,110,68,82
82,118,69,84
84,120,64,83
65,126,66,82
65,129,67,81
53,133,70,81
50,137,68,76
56,141,63,78
54,141,62,80
66,146,54,79
69,148,53,78
86,155,52,74
90,160,48,69
106,167,57,66
108,168,55,65
136,176,49,67
145,174,48,72
169,176,35,78
191,180,30,79
198,182,34,77
218,182,33,69
219,183,34,64
234,183,33,68
237,183,33,70
247,179,29,73
248,180,28,72
251,175,27,76
250,174,28,77
247,175,32,73
239,173,35,73
239,173,31,74
225,171,37,77
213,176,36,73
203,175,39,76
197,174,32,80
185,169,32,75
173,167,31,68
170,166,30,66
154,163,34,63
149,162,35,66
133,158,44,67
131,155,40,70
120,153,46,67
121,155,43,66
116,154,47,62
113,158,52,57
113,162,55,54
122,164,51,56
122,164,51,56
132,170,52,62
132,171,57,62
143,179,62,67
143,184,67,65
162,189,68,64
164,193,74,64
181,191,78,70
198,186,76,76
209,185,75,79
220,185,78,80
220,184,90,78
233,184,105,87
233,182,124,94
231,178,131,103
229,175,131,107
221,166,138,111
229,163,133,122
248,159,108,122
243,152,115,127
229,149,128,131
220,152,138,127
197,135,154,133
203,149,156,139
187,141,147,132
157,110,137,137
142,120,113,117
145,125,96,86
126,130,97,67
129,130,86,63
110,126,85,56
108,123,82,55
91,111,86,51
90,105,84,55
82,91,82,53
80,88,83,54
77,76,87,53
77,66,83,55
79,62,81,57
86,58,82,54
85,55,82,56
98,50,78,52
101,48,75,53
118,43,65,51
121,44,61,50
139,39,63,50
156,33,62,50
156,32,64,50
169,28,59,47
172,24,56,50
182,20,51,51
182,18,49,52
192,11,40,52
192,9,39,52
189,2,38,48
187,0,35,41
186,0,31,39
186,0,31,39
178,0,30,31
178,0,30,31
178,0,30,31
162,-1,28,26
164,0,21,22
164,0,21,22
153,2,17,18
150,6,15,17
143,11,17,19
142,9,16,23
139,7,18,26
137,9,18,31
135,19,19,36
134,12,22,44
129,25,23,51
127,32,24,59
125,39,26,62
124,51,28,67
125,61,25,66
128,74,23,70
129,87,24,63
131,105,30,65
132,105,31,70
138,126,37,74
136,121,41,83
149,142,49,82
171,163,41,69
169,164,49,70
184,172,58,66
197,175,57,70
214,180,59,69
229,185,56,65
247,185,61,69
262,190,55,67
273,187,63,70
285,187,71,77
287,189,74,78
301,190,73,79
313,191,64,80
317,198,70,73
320,198,69,78
328,199,68,84
324,202,68,86
325,210,70,79
321,212,69,74
317,213,74,76
310,213,74,76
305,213,71,76
294,211,70,79
282,205,79,86
263,199,94,94
248,189,112,105
236,192,120,102
209,192,142,100
196,184,156,117
199,186,160,126
189,186,168,123
175,185,184,134
146,184,209,128
135,187,200,121
121,182,173,121
138,184,180,117
126,182,174,110
145,180,182,108
169,182,181,107
153,179,187,105
186,182,183,104
202,181,159,111
200,182,154,107
200,179,159,111
219,178,138,115
242,164,138,121
272,171,123,95
314,166,103,84
338,164,88,68
359,157,86,64
369,157,86,61
382,152,90,57
389,150,90,59
398,146,90,57
399,145,91,58
402,143,98,59
395,143,92,62
393,144,89,62
381,154,88,59
372,158,86,56
354,167,82,55
345,168,74,57
315,173,76,58
293,174,72,60
264,179,83,57
230,181,93,63
207,177,77,69
180,168,80,69
157,160,80,72
133,156,76,79
124,147,79,87
102,140,80,88
89,135,87,92
74,131,82,96
60,129,85,100
58,131,80,96
51,133,81,96
55,133,83,97
55,135,91,105
57,137,90,102
76,146,89,102
80,152,85,97
109,161,88,95
115,164,87,90
151,168,93,86
173,173,91,84
202,180,90,80
231,185,88,66
258,183,85,65
277,181,77,62
299,176,60,62
309,166,70,61
314,165,66,57
324,164,71,54
332,164,78,51
334,162,76,58
336,168,75,59
333,171,73,58
324,180,72,56
319,180,73,61
300,187,75,65
272,191,81,70
244,197,93,70
219,196,84,70
198,194,80,76
161,184,87,82
149,182,75,71
122,178,79,80
110,174,87,82
81,155,92,92
71,147,95,95
59,135,89,94
46,126,87,92
49,118,80,95
51,115,72,92
48,117,72,89
55,117,68,94
55,116,68,96
61,128,78,94
64,129,77,97
80,148,94,99
83,150,102,102
110,174,91,91
138,188,87,81
162,191,89,81
192,196,84,79
219,202,76,70
234,208,86,61
251,206,88,64
263,197,93,74
275,192,89,81
287,190,88,73
297,189,85,70
300,190,82,65
299,189,82,72
297,189,81,78
286,195,81,74
276,198,81,77
255,196,100,81
229,195,123,87
204,190,140,91
191,186,163,107
172,186,180,112
109,189,173,108
85,188,166,90
64,182,162,83
36,173,136,87
38,171,119,74
53,150,98,88
40,137,73,81
26,117,69,85
26,113,68,86
20,107,67,83
20,106,66,85
25,105,63,86
23,104,67,88
35,118,68,86
36,119,70,84
57,140,87,97
59,144,93,100
94,163,98,101
115,177,92,88
154,189,84,82
197,202,70,72
229,210,73,66
263,206,68,64
290,200,65,71
314,195,70,58
323,188,74,50
335,177,77,51
356,163,69,50
367,159,68,50
379,152,69,47
385,149,67,49
384,145,74,50
385,142,75,53
387,143,69,57
384,142,70,58
369,151,62,59
355,159,60,56
334,168,67,51
309,174,72,58
297,175,57,60
258,180,64,60
224,178,66,58
179,160,75,64
148,151,73,74
119,141,87,80
90,119,90,87
74,116,83,80
59,88,71,88
56,84,68,84
37,69,67,80
39,65,63,81
35,53,59,82
34,54,62,80
37,50,63,84
50,59,57,83
53,63,52,78
68,82,52,78
76,102,62,79
92,118,79,86
103,129,85,89
131,151,74,80
150,160,78,75
199,176,70,70
230,184,68,62
259,182,76,54
289,172,69,52
308,164,72,53
326,153,78,52
333,144,86,58
355,134,78,59
356,127,85,64
367,115,88,72
367,112,87,74
372,110,87,77
365,118,87,77
362,124,87,74
351,144,79,64
346,150,74,65
327,177,68,55
302,185,76,62
260,199,87,71
235,198,85,75
198,199,78,71
151,191,91,70
132,187,72,64
108,176,70,73
89,168,82,84
70,143,74,92
60,135,75,88
48,116,71,85
48,109,66,84
38,92,67,85
36,82,63,88
37,83,63,85
41,86,59,84
39,87,63,83
46,94,70,89
47,98,71,90
61,117,86,96
65,119,96,109
93,144,101,105
99,154,104,107
129,175,103,89
191,188,98,86
213,194,97,78
240,190,120,87
245,188,115,91
302,179,106,74
309,175,94,60
338,170,81,51
359,168,70,45
380,160,65,44
392,150,60,48
396,147,57,50
395,142,61,55
395,141,59,54
381,145,68,59
380,147,67,58
363,162,63,54
352,171,58,54
331,182,63,56
310,192,64,53
281,200,63,54
259,205,57,55
227,201,60,62
190,190,67,71
156,180,72,77
130,170,76,86
124,162,77,88
96,141,82,88
83,118,78,93
82,113,74,86
79,95,66,86
80,94,65,81
78,84,61,81
78,88,63,75
79,88,61,77
81,92,59,75
93,103,50,74
98,115,56,82
110,128,67,87
128,147,79,84
144,156,65,84
170,175,71,75
206,185,60,75
232,188,69,68
248,185,64,68
282,180,66,57
299,181,57,47
311,169,60,47
323,159,67,50
325,159,71,50
336,146,70,53
336,147,72,51
337,143,73,51
338,144,73,52
339,150,67,46
339,151,66,47
325,163,64,46
309,170,61,52
303,171,53,62
284,184,57,59
259,193,56,60
233,200,62,56
213,196,50,63
176,181,48,66
160,178,46,75
139,171,59,73
114,163,60,75
101,151,68,78
86,134,65,84
85,128,61,84
71,117,68,85
68,110,68,88
65,104,68,88
65,105,67,87
71,109,68,87
82,116,71,92
83,118,76,91
98,129,87,95
105,131,91,98
131,148,86,88
149,156,85,78
185,168,86,66
199,171,96,68
223,168,101,73
244,167,98,63
270,165,83,60
288,161,83,53
299,159,84,51
309,153,84,53
312,149,84,53
318,145,81,54
319,144,82,53
311,142,85,53
306,143,88,53
283,148,88,53
271,152,79,52
263,152,78,54
239,152,70,60
214,148,80,67
179,147,80,66
160,143,79,66
132,135,80,83
107,127,96,88
76,114,97,90
57,92,91,100
56,86,82,96
36,70,84,99
39,67,78,95
26,50,80,100
26,49,78,101
20,43,83,96
28,46,81,100
41,54,83,100
49,54,80,104
39,46,60,99
45,49,54,92
204,101,47,90
243,143,48,78
269,145,56,71
298,152,48,62
318,148,44,58
329,148,41,54
349,146,38,48
356,146,47,47
376,142,39,44
377,139,41,46
382,132,45,46
382,125,44,48
382,120,46,49
378,116,44,50
375,115,45,50
356,109,45,48
345,108,47,49
330,101,52,53
329,97,45,60
298,88,49,66
261,81,55,70
261,77,52,73
220,66,57,80
208,67,61,77
180,62,63,71
161,58,71,71
146,51,65,71
144,50,64,69
127,47,60,68
125,46,60,70
111,47,64,70
105,54,63,70
103,55,63,70
105,64,61,70
105,68,62,69
112,82,62,65
114,83,61,69
127,98,59,62
130,98,64,66
147,111,59,60
162,121,60,54
165,125,63,54
183,135,59,47
186,140,64,42
206,150,58,35
209,149,53,33
232,156,45,29
234,158,43,27
260,162,40,24
261,164,37,23
284,167,38,22
284,167,38,22
284,167,38,22
284,167,38,22
284,167,38,22
350,186,36,29
362,185,42,36
367,173,50,43
369,168,61,48
379,160,62,49
394,151,64,44
398,146,62,44
407,131,62,51
407,130,65,48
411,117,63,52
411,113,62,53
401,102,60,56
400,100,51,56
380,96,46,55
346,99,53,52
327,103,52,53
289,99,63,65
261,115,63,57
228,120,70,58
202,117,63,62
184,117,65,55
192,117,56,54
131,117,60,54
81,116,73,54
74,115,72,53
47,114,73,51
44,115,81,49
20,118,69,42
24,118,62,40
14,120,58,38
16,121,49,38
20,123,40,38
26,122,33,41
31,125,34,46
39,135,37,45
39,140,45,43
50,149,52,50
53,155,54,47
73,165,59,51
80,171,59,53
101,180,64,59
106,188,63,52
138,200,52,47
158,206,43,44
160,209,39,38
160,209,39,38
160,209,39,38
160,209,39,38
160,209,39,38
160,209,39,38
160,209,39,38
160,209,39,38
160,209,39,38
160,209,39,38
160,209,39,38
160,209,39,38
160,209,39,38
160,209,39,38
160,209,39,38
160,209,39,38
160,209,39,38
160,209,39,38
160,209,39,38
160,209,39,38
160,209,39,38
160,209,39,38
160,209,39,38
160,209,39,38
160,209,39,38
160,209,39,38
160,209,39,38
160,209,39,38
160,209,39,38
160,209,39,38
160,209,39,38
160,209,39,38
160,209,39,38
160,209,39,38
160,209,39,38
160,209,39,38
160,209,39,38
160,209,39,38
160,209,39,38
160,209,39,38
160,209,39,38
160,209,39,38
160,209,39,38
160,209,39,38
160,209,39,38
201,122,44,37
209,117,50,46
214,118,49,47
230,129,49,43
233,132,50,44
239,140,47,43
240,141,47,42
248,147,50,41
247,147,53,41
254,156,52,34
257,164,53,27
256,171,53,21
256,171,53,21
256,171,53,21
256,171,53,21
256,171,53,21
256,171,53,21
256,171,53,21
256,171,53,21
256,171,53,21
256,171,53,21
256,171,53,21
256,171,53,21
256,171,53,21
256,171,53,21
256,171,53,21
256,171,53,21
256,171,53,21
256,171,53,21
256,171,53,21
256,171,53,21
256,171,53,21
256,171,53,21
256,171,53,21
256,171,53,21
256,171,53,21
225,166,49,18
232,163,42,20
241,158,37,26
238,153,42,30
239,148,40,36
237,140,45,41
237,139,47,43
232,126,51,49
233,122,51,51
230,109,54,55
230,105,55,57
223,97,62,57
219,90,66,58
218,90,66,59
217,86,66,62
218,85,64,63
216,82,65,64
217,83,65,61
217,80,64,59
215,82,64,55
218,79,67,56
222,79,64,53
220,80,65,50
223,82,65,55
227,84,60,51
234,91,53,53
237,94,50,55
241,102,49,53
241,104,49,51
246,106,44,56
247,107,46,55
251,113,40,53
259,119,34,51
261,118,32,52
266,124,28,50
267,122,25,52
272,128,21,49
274,127,20,51
278,129,13,49
278,130,13,49
278,130,13,51
277,129,15,52
277,129,16,52
272,129,20,51
271,129,23,52
265,127,28,52
263,127,31,50
256,125,35,46
256,125,36,44
247,123,42,41
239,117,46,42
239,117,47,40
233,109,51,41
232,109,54,40
223,103,60,42
221,102,62,42
217,100,65,43
216,99,63,45
214,93,66,49
215,88,64,54
212,87,65,54
212,85,69,53
214,86,69,51
214,84,67,53
215,85,68,55
215,85,66,57
216,86,66,57
216,87,67,58
219,89,66,57
219,89,65,57
223,90,64,58
222,89,63,58
223,91,64,58
221,90,65,59
223,92,63,64
221,91,65,65
222,97,59,66
226,100,57,63
224,107,51,64
226,115,43,64
225,114,43,68
224,116,40,73
225,116,35,79
221,122,36,85
224,125,30,85
224,137,27,85
226,139,25,85
225,148,25,89
231,153,19,91
233,156,16,88
233,160,22,85
235,161,20,86
233,170,25,82
232,175,28,80
229,187,37,79
229,193,39,76
229,193,39,76
225,223,44,75
220,231,54,73
214,239,63,74
213,242,64,74
207,249,73,72
206,252,74,72
201,258,79,69
197,259,84,72
198,259,80,75
195,259,85,74
195,259,84,69
195,250,84,71
194,245,85,71
193,230,85,76
192,219,83,81
189,206,89,80
192,198,86,86
193,186,86,94
195,184,85,92
194,181,84,86
195,174,84,84
195,165,87,89
197,153,83,86
198,155,86,69
203,141,86,71
203,136,87,69
208,126,85,66
208,120,82,68
212,105,78,75
214,87,79,79
214,85,77,78
212,86,70,65
215,81,74,69
215,74,75,65
216,74,71,63
219,60,64,65
220,53,59,70
224,46,52,62
227,32,48,54
229,23,45,58
230,11,42,55
232,8,40,55
236,1,31,49
238,3,26,45
239,0,23,43
239,1,22,41
239,2,19,40
240,3,18,42
239,1,19,46
241,4,20,49
241,9,20,50
242,15,22,51
242,17,22,50
242,26,26,51
242,28,26,54
242,39,28,54
241,49,30,54
240,55,31,50
239,66,34,53
237,77,36,55
235,93,36,53
235,99,38,51
231,125,39,50
235,126,35,40
230,157,42,37
228,152,43,32
228,152,43,32
228,152,43,32
228,152,43,32
228,152,43,32
228,152,43,32
228,152,43,32
228,152,43,32
228,152,43,32
228,152,43,32
228,152,43,32
228,152,43,32
228,152,43,32
228,152,43,32
228,152,43,32
228,152,43,32
228,152,43,32
228,152,43,32
228,152,43,32
228,152,43,32
228,152,43,32
228,152,43,32
242,119,39,33
242,116,39,33
241,104,34,32
241,104,34,32
241,104,34,32
241,104,34,32
218,163,30,28
207,163,30,24
206,159,31,29
207,152,28,31
207,151,27,33
209,136,25,33
209,128,25,37
211,114,22,40
211,109,23,40
211,97,27,45
210,97,28,47
218,82,24,47
230,73,17,43
232,68,15,43
235,58,17,46
237,52,17,51
243,42,16,56
244,39,17,59
250,29,15,62
252,27,17,61
257,20,15,64
260,19,20,62
262,20,18,61
264,19,19,66
263,18,21,67
264,20,22,71
263,20,23,72
261,28,27,67
260,32,27,67
258,43,27,69
254,63,31,68
250,68,36,71
246,82,41,74
246,83,42,75
242,101,42,69
241,105,43,65
235,116,48,64
231,116,50,63
230,128,51,62
226,135,57,61
224,135,57,65
222,134,57,60
225,136,57,58
222,132,60,58
220,132,62,59
219,126,64,62
218,125,65,66
219,125,65,67
217,127,64,65
219,131,63,69
218,142,67,64
217,144,66,66
216,150,72,66
215,150,73,68
216,152,73,72
214,152,77,72
219,154,72,72
220,154,73,71
222,157,75,71
226,160,72,68
226,163,73,70
228,164,72,71
224,166,78,70
225,168,81,72
227,170,78,69
228,169,76,70
226,170,79,67
227,170,78,68
227,172,79,67
225,172,80,66
224,174,79,67
223,175,78,68
217,179,83,74
205,181,91,87
201,181,94,90
208,183,119,93
207,183,146,103
204,184,153,110
200,184,160,113
202,183,158,122
199,181,162,119
206,182,153,118
203,181,159,122
200,183,161,123
198,182,161,123
196,181,160,123
193,182,167,124
192,184,170,121
191,181,165,128
187,184,169,113
185,181,179,120
187,182,170,124
192,184,170,122
184,182,173,118
196,182,167,118
195,181,160,122
195,181,165,117
193,182,164,123
203,179,154,124
209,175,153,122
204,176,154,122
201,181,158,120
206,176,154,128
217,183,142,120
198,179,160,119
197,181,162,131
164,95,160,128
181,97,152,167
192,72,121,159
202,86,109,184
218,62,97,197
220,41,88,178
222,51,88,177
225,59,76,184
230,45,67,181
234,32,56,177
230,41,57,179
252,160,79,173
247,159,98,171
232,169,123,154
218,180,136,133
200,180,156,130
197,179,162,120
198,180,160,128
197,181,161,130
198,179,162,131
197,182,158,124
198,181,159,125
195,180,164,128
197,178,162,132
201,182,161,128
195,180,162,119
200,180,161,129
199,181,160,124
201,180,161,128
199,179,161,134
191,180,164,133
195,180,162,134
199,179,161,132
197,181,160,132
200,179,155,112
201,180,161,118
202,180,154,127
199,180,160,131
195,179,160,124
195,174,160,139
201,178,163,133
199,178,159,129
196,179,160,128
198,179,163,132
194,179,163,129
194,180,165,133
193,180,161,124
199,180,162,133
197,178,162,131
192,181,166,132
199,179,157,130
199,181,159,130
198,181,164,116
200,178,155,125
199,180,156,126
199,179,156,129
197,180,161,130
200,180,156,127
200,178,161,131
195,180,163,130
197,179,167,119
197,182,159,122
201,180,158,125
204,179,157,127
199,182,160,126
199,179,160,129
201,179,160,130
198,181,165,129
198,181,158,125
198,182,159,125
198,182,163,126
199,180,160,128
197,180,160,129
201,181,159,126
196,182,164,130
201,181,157,116
200,180,160,123
197,181,160,125
200,177,157,131
196,177,160,137
201,176,157,130
198,176,163,132
198,179,159,127
193,177,163,131
202,180,157,129
198,179,162,126
195,180,159,127
195,180,163,131
202,179,158,134
197,181,162,120
195,180,164,129
199,182,161,116
196,180,159,128
197,180,158,130
199,178,161,135
195,181,162,125
200,179,161,128
198,183,160,124
200,182,162,128
208,79,139,104
217,83,119,95
222,89,94,91
256,118,77,77
289,145,69,72
294,152,52,69
305,164,54,79
309,172,52,75
318,183,45,75
315,186,50,78
317,190,49,81
316,190,50,81
300,195,55,73
293,195,55,68
283,196,47,64
264,189,54,65
255,188,50,61
234,186,51,58
222,185,52,61
204,179,54,61
183,178,57,59
167,180,60,59
155,177,62,59
136,179,71,51
120,179,74,43
121,180,66,43
98,175,76,42
95,175,78,43
87,170,81,44
84,171,85,45
82,171,86,45
84,170,85,46
89,175,91,53
107,187,84,55
114,190,75,54
130,207,79,56
150,219,80,53
169,240,81,42
204,251,69,42
236,260,66,47
274,266,67,48
300,274,65,52
334,269,60,64
361,269,64,70
389,260,68,79
405,258,78,81
423,249,78,85
442,243,78,88
458,238,79,84
470,233,80,85
476,227,85,85
482,225,83,89
488,219,80,94
486,225,77,91
483,222,83,96
477,227,81,95
463,235,94,90
446,242,100,91
430,242,98,97
412,245,92,98
393,252,93,94
374,259,84,82
344,263,91,69
326,261,77,59
297,257,66,57
273,248,55,54
245,240,57,49
220,231,59,43
197,208,62,52
175,189,64,65
162,181,66,55
149,168,68,51
146,164,63,47
139,152,59,45
139,147,55,48
137,144,54,42
137,146,56,45
141,148,54,48
141,150,56,45
157,165,57,50
168,180,50,54
179,194,56,51
203,208,65,59
223,228,63,50
253,252,55,45
293,276,50,43
336,288,49,51
376,295,49,61
422,303,50,54
462,312,53,51
503,315,54,42
539,310,60,44
573,305,65,52
588,288,52,68
599,293,40,64
599,293,40,64
599,293,40,64
599,293,40,64
599,293,40,64
599,293,40,64
599,293,40,64
599,293,40,64
599,293,40,64
599,293,40,64
599,293,40,64
614,228,28,58
598,227,37,56
579,220,35,62
549,221,46,67
514,221,61,72
456,218,78,78
423,211,87,71
376,203,90,66
358,176,71,63
324,166,79,61
297,152,79,52
261,140,89,52
228,127,92,54
206,103,81,60
206,101,75,57
191,87,72,60
179,84,81,61
164,75,81,69
164,74,81,72
148,75,82,79
147,76,81,80
140,90,76,80
144,109,76,81
143,124,73,69
164,151,66,67
166,165,79,69
184,185,79,73
216,212,83,65
258,237,80,56
307,252,86,52
352,252,87,68
377,257,104,78
428,251,98,96
474,249,108,91
506,241,100,97
554,230,77,95
586,203,51,94
586,203,51,94
586,203,51,94
586,203,51,94
586,203,51,94
586,203,51,94
586,203,51,94
586,203,51,94
586,203,51,94
586,203,51,94
586,203,51,94
591,175,44,79
554,184,48,81
518,205,53,78
474,228,55,61
433,228,58,70
396,227,60,68
365,227,57,62
327,219,64,49
295,209,51,42
264,193,52,47
224,168,63,55
204,146,66,63
193,125,71,72
166,103,85,76
153,96,96,82
139,72,106,93
134,64,112,104
133,61,111,107
132,63,110,106
142,74,114,106
149,83,111,99
180,111,100,82
198,130,99,87
241,154,105,80
276,172,111,74
316,177,99,64
365,168,84,70
386,162,80,69
447,146,64,67
480,132,59,70
514,122,58,66
544,105,52,68
569,92,56,68
594,73,44,77
600,64,36,81
606,52,31,75
606,50,32,80
607,48,28,75
616,48,23,75
615,51,23,77
613,47,25,78
601,63,35,78
583,86,43,75
549,99,60,85
501,112,75,96
446,116,86,104
388,138,80,92
353,142,95,81
305,136,89,78
262,123,78,80
216,121,70,67
182,106,83,65
152,95,84,58
130,77,88,56
125,72,79,53
109,55,85,47
106,55,78,43
99,45,79,46
101,47,74,44
99,43,72,50
105,50,70,52
106,52,70,52
119,66,68,56
118,70,78,59
141,90,69,51
146,90,65,53
167,105,67,48
168,105,66,47
210,129,56,48
218,136,64,42
239,136,56,42
268,140,51,40
281,137,51,42
306,132,42,46
309,128,44,52
329,124,37,53
329,125,36,53
350,124,32,55
355,125,34,55
373,126,27,58
386,131,24,56
386,129,26,57
385,128,30,56
385,128,31,55
378,128,35,53
377,128,34,53
361,127,40,50
356,127,41,51
338,123,46,55
310,124,45,56
299,125,36,55
261,123,46,55
229,123,54,57
200,125,62,54
173,126,61,48
148,124,67,45
135,127,70,43
105,125,78,54
90,122,73,68
88,122,72,68
74,125,71,76
73,129,69,75
68,135,70,79
69,139,73,76
74,144,72,78
74,148,70,76
88,153,66,76
91,155,64,75
109,166,60,64
129,173,54,58
132,176,53,54
149,180,50,50
156,183,44,44
167,188,37,38
167,188,35,36
167,188,35,36
167,188,35,36
167,188,35,36
167,188,35,36
167,188,35,36
167,188,35,36
167,188,35,36
167,188,35,36
130,265,41,38
130,265,41,38
130,265,41,38
130,265,41,38
130,265,41,38
130,265,41,38
130,265,41,38
130,265,41,38
130,265,41,38
130,265,41,38
130,265,41,38
130,265,41,38
130,265,41,38
130,265,41,38
130,265,41,38
130,265,41,38
130,265,41,38
130,265,41,38
130,265,41,38
130,265,41,38
130,265,41,38
130,265,41,38
130,265,41,38
130,265,41,38
130,265,41,38
130,265,41,38
130,265,41,38
130,265,41,38
130,265,41,38
130,265,41,38
130,265,41,38
130,265,41,38
130,265,41,38
130,265,41,38
130,265,41,38
130,265,41,38
130,265,41,38
130,265,41,38
130,265,41,38
130,265,41,38
130,265,41,38
130,265,41,38
130,265,41,38
130,265,41,38
130,265,41,38
130,265,41,38
130,265,41,38
130,265,41,38
130,265,41,38
130,265,41,38
130,265,41,38
130,265,41,38
130,265,41,38
130,265,41,38
130,265,41,38
130,265,41,38
130,265,41,38
130,265,41,38
130,265,41,38
130,265,41,38
130,265,41,38
130,265,41,38
130,265,41,38
130,265,41,38
130,265,41,38
130,265,41,38
130,265,41,38
130,265,41,38
130,265,41,38
130,265,41,38
130,265,41,38
130,265,41,38
130,265,41,38
130,265,41,38
130,265,41,38
130,265,41,38
130,265,41,38
130,265,41,38
130,265,41,38
130,265,41,38
130,265,41,38
130,265,41,38
130,265,41,38
130,265,41,38
130,265,41,38
130,265,41,38
130,265,41,38
130,265,41,38
130,265,41,38
130,265,41,38
130,265,41,38
130,265,41,38
130,265,41,38
130,265,41,38
130,265,41,38
130,265,41,38
130,265,41,38
130,265,41,38
130,265,41,38
130,265,41,38
130,265,41,38
130,265,41,38
130,265,41,38
130,265,41,38
130,265,41,38
130,265,41,38
130,265,41,38
130,265,41,38
130,265,41,38
130,265,41,38
210,197,45,47
210,197,45,47
210,197,45,47
210,197,45,47
210,197,45,47
210,197,45,47
210,197,45,47
210,197,45,47
210,197,45,47
210,197,45,47
210,197,45,47
210,197,45,47
210,197,45,47
210,197,45,47
210,197,45,47
210,197,45,47
210,197,45,47
210,197,45,47
210,197,45,47
210,197,45,47
210,197,45,47
210,197,45,47
210,197,45,47
210,197,45,47
210,197,45,47
242,150,39,42
247,133,36,46
246,134,36,38
244,120,38,41
243,118,39,36
239,109,40,35
239,107,42,36
235,98,43,44
234,98,45,43
231,95,47,47
228,93,50,51
227,88,53,54
225,86,56,48
225,83,58,49
222,81,62,46
222,80,63,50
222,81,64,49
223,82,63,49
220,87,71,54
222,90,70,49
217,103,76,56
218,115,78,57
218,116,78,57
217,123,83,54
218,123,83,57
215,124,82,57
215,120,84,61
216,118,78,62
217,118,79,58
217,111,75,53
219,102,72,49
219,100,73,47
223,92,68,41
223,88,68,46
227,84,65,48
227,85,66,49
227,87,65,49
229,89,63,47
231,97,60,45
237,108,55,40
239,109,54,40
240,118,56,37
240,116,54,41
242,124,56,41
244,124,52,41
245,134,50,42
245,137,49,39
248,153,45,33
264,163,39,34
264,163,39,34
264,163,39,34
264,163,39,34
264,163,39,34
264,163,39,34
249,118,32,29
248,119,29,30
248,119,29,30
248,119,29,30
248,119,29,30
248,119,29,30
248,119,29,30
248,119,29,30
248,119,29,30
246,113,32,36
247,101,29,40
247,101,29,40
247,101,29,40
247,101,29,40
247,101,29,40
247,101,29,40
217,152,27,40
218,148,26,36
223,135,23,41
225,131,23,39
231,118,22,40
231,113,22,41
235,104,22,38
241,93,20,38
241,91,20,38
245,82,20,42
245,80,21,42
249,72,20,47
251,70,19,50
254,67,19,57
254,65,19,60
258,64,17,65
259,59,19,70
260,54,18,76
262,46,17,82
262,46,17,82
261,37,16,90
261,38,17,88
259,37,18,90
259,38,18,93
255,50,24,91
257,49,24,101
250,65,32,96
245,80,41,101
247,85,38,103
245,114,43,98
246,113,44,108
246,145,48,89
247,152,48,84
250,170,48,72
250,182,50,66
247,193,55,74
249,198,55,74
250,202,52,68
248,218,55,57
246,222,58,54
247,226,57,55
244,227,59,55
241,227,57,57
241,227,57,58
239,224,54,66
231,224,58,73
228,225,59,78
223,228,60,84
223,227,61,89
222,225,61,95
223,224,60,94
230,217,56,95
232,213,55,89
237,204,58,85
249,198,50,84
248,190,55,88
260,190,49,85
262,186,49,89
270,188,47,85
271,188,47,86
276,189,43,87
276,192,42,83
279,193,38,79
278,195,38,76
278,196,36,74
274,198,33,71
275,197,33,71
268,199,32,67
267,198,32,69
261,202,38,68
253,201,47,72
248,200,55,80
245,197,61,87
240,186,70,100
233,190,75,101
219,187,95,107
209,183,128,110
202,183,158,122
196,184,164,128
197,182,163,123
199,180,157,131
196,181,162,129
193,180,168,132
194,182,160,131
204,181,153,127
197,183,161,128
193,181,160,127
200,182,159,133
194,179,161,142
198,182,161,122
194,179,163,132
200,181,164,125
195,179,163,132
199,183,161,107
198,182,158,117
197,179,163,131
200,172,159,128
196,170,159,135
196,168,162,137
194,162,174,151
192,159,160,162
196,152,161,172
191,161,168,174
185,171,169,184
196,161,158,149
192,171,158,143
198,177,160,141
198,168,158,140
195,174,158,136
194,169,160,147
196,168,158,148
199,144,155,165
199,139,154,169
197,148,158,160
198,148,160,160
199,152,159,153
199,150,158,155
197,146,162,159
200,149,161,156
196,146,163,160
199,145,161,159
196,141,164,166
197,141,159,161
197,140,158,164
196,149,160,160
195,153,161,156
196,158,159,149
199,163,158,146
203,164,154,142
200,169,161,135
198,178,168,127
196,176,169,132
194,182,169,117
200,180,162,128
193,180,169,134
196,179,165,125
194,179,165,132
197,179,163,116
196,181,165,127
198,181,159,130
198,182,163,122
196,181,161,130
195,181,161,127
197,182,161,122
196,183,159,128
194,181,166,131
195,183,163,128
199,181,156,126
196,183,164,125
196,182,164,113
204,184,160,119
198,184,159,113
203,184,155,119
202,181,159,119
202,186,154,115
198,182,163,123
199,183,162,122
208,185,154,119
198,182,169,122
194,183,179,126
195,181,170,133
196,179,157,128
201,180,160,131
196,181,163,131
199,180,163,130
196,180,162,129
200,181,159,132
198,178,160,125
197,180,162,131
193,181,162,121
197,179,166,132
191,181,165,132
193,181,166,121
192,181,167,125
192,183,186,119
198,184,179,123
194,181,168,125
197,181,160,128
197,183,161,113
197,184,160,111
203,182,158,113
197,179,165,114
195,181,164,123
180,181,181,103
183,175,181,119
176,173,187,128
176,174,189,131
175,172,184,131
183,171,183,136
188,174,174,127
194,176,168,132
196,179,161,122
204,183,157,118
203,184,157,115
199,182,160,125
202,184,162,131
192,182,169,133
194,184,160,117
199,182,161,124
195,182,163,132
194,181,159,121
198,181,167,127
192,179,167,133
201,180,163,130
197,181,159,133
192,183,164,118
198,179,166,131
193,181,166,132
200,180,160,131
198,182,157,123
199,180,159,132
199,182,165,120
197,182,158,122
194,181,169,128
196,181,167,125
194,182,172,125
197,182,166,124
200,181,161,126
199,179,157,122
199,178,159,128
200,182,160,116
207,183,155,118
197,179,158,128
199,183,165,121
194,181,161,128
196,183,164,116
195,183,165,121
193,182,167,128
192,184,169,120
194,183,166,128
196,179,166,117
190,178,167,124
200,179,159,123
202,179,155,110
195,184,161,116
198,182,167,125
190,180,175,133
198,180,165,121
201,182,157,129
196,181,161,129
200,179,156,126
199,182,161,129
197,182,161,128
195,181,159,122
200,181,162,129
198,180,165,127
196,180,163,131
199,180,166,126
196,181,164,128
199,181,157,123
198,180,162,132
198,183,161,116
201,180,160,127
198,179,162,133
190,181,168,127
201,180,157,133
196,178,164,131
198,179,173,129
196,177,173,131
195,174,164,127
202,166,159,139
198,150,157,152
202,129,146,165
202,180,160,132
199,181,160,135
199,178,167,127
196,180,161,130
191,179,170,132
194,182,166,123
199,180,155,129
202,183,160,120
205,180,157,122
201,172,157,129
195,182,166,124
196,181,165,132
194,183,167,120
194,182,163,127
194,182,159,133
197,181,160,137
196,181,169,121
195,181,162,129
200,180,161,131
194,183,159,123
199,179,158,131
197,181,160,123
197,182,159,124
198,182,158,124
196,182,157,130
194,181,166,123
195,183,158,127
199,183,160,132
193,181,161,126
201,181,155,132
194,182,159,118
201,181,152,125
196,182,162,129
201,182,157,129
198,181,167,116
199,180,162,127
193,180,165,123
197,181,164,125
194,179,171,134
190,185,180,113
197,182,166,120
202,182,159,121
196,185,164,120
198,181,161,129
194,180,167,125
194,183,162,126
196,179,161,124
196,180,165,127
195,181,164,132
197,179,160,125
197,182,166,125
195,183,169,124
180,177,181,124
173,178,188,122
198,180,161,122
196,180,163,128
195,180,163,133
192,179,170,132
191,179,167,134
197,181,162,124
194,180,164,128
