408,156,66,85
408,164,64,72
408,165,62,70
407,162,61,73
408,159,63,74
405,162,62,72
407,160,60,72
406,159,60,72
406,160,61,71
406,158,61,71
405,155,63,74
405,155,61,73
403,159,62,67
405,154,59,69
403,158,63,63
403,155,62,65
403,154,61,65
401,148,64,69
401,141,64,77
400,142,64,72
399,141,63,73
399,131,61,78
397,131,62,79
398,128,59,75
396,127,63,78
396,123,64,82
394,118,61,88
393,116,62,88
393,115,65,89
393,114,63,87
390,113,63,88
392,114,61,87
392,114,61,85
391,116,65,83
390,115,65,85
392,116,63,79
394,114,62,82
390,110,65,85
392,112,63,85
391,108,65,85
392,107,64,87
391,110,64,84
395,111,61,82
393,118,62,73
393,120,64,73
396,107,58,84
392,119,62,74
389,115,61,77
387,122,64,72
387,119,59,74
383,123,63,72
383,122,60,75
380,124,61,75
373,127,66,76
369,128,67,76
369,127,66,81
368,128,69,81
363,132,70,85
363,130,69,89
359,143,74,86
359,148,66,86
357,159,65,80
356,167,64,82
352,170,66,83
349,177,67,85
346,184,69,81
343,192,70,78
339,198,73,79
335,201,75,83
332,207,75,79
329,208,75,85
334,205,66,93
338,206,60,90
342,216,54,83
338,211,58,88
336,213,58,85
337,213,57,84
338,209,55,85
338,211,56,81
341,197,54,86
337,191,60,89
339,174,58,94
332,167,68,98
323,148,80,107
328,140,77,105
333,128,76,101
330,126,84,99
337,118,79,86
337,116,79,90
345,103,77,82
345,95,77,86
350,81,79,87
351,86,76,76
356,76,77,76
357,77,75,70
361,61,69,74
363,55,69,76
365,42,71,82
362,32,77,89
364,25,74,91
364,24,75,90
366,20,74,95
363,13,80,103
362,11,77,97
363,17,77,93
365,15,78,99
365,15,74,97
365,12,73,102
363,17,79,104
360,24,80,104
363,29,81,102
363,45,68,97
360,52,70,91
359,62,70,82
360,72,62,89
356,87,69,80
353,103,67,79
351,110,68,89
346,109,64,96
344,137,66,79
346,143,59,85
333,144,70,95
327,159,71,86
324,168,73,80
326,177,64,76
321,182,71,73
320,192,63,68
322,192,61,68
313,199,62,66
312,200,62,62
311,202,54,63
310,201,54,62
306,203,52,64
307,208,50,59
305,204,50,62
306,204,51,63
303,199,49,69
303,200,49,68
303,199,48,69
302,194,51,72
301,203,50,64
302,198,50,66
303,194,51,67
303,192,49,68
305,190,49,68
304,191,49,68
305,185,49,71
305,182,47,73
303,175,49,70
303,170,49,70
303,171,51,61
304,167,49,61
304,155,50,63
303,148,52,66
303,132,52,70
302,128,52,72
302,115,53,75
303,111,53,74
302,96,52,80
303,101,54,74
303,87,52,76
303,88,52,74
304,77,48,74
305,76,49,74
303,70,49,74
303,66,48,78
302,60,49,76
303,59,50,77
300,54,52,77
301,57,49,75
303,53,50,75
303,54,49,73
304,49,48,77
302,48,48,79
303,48,49,77
304,51,48,73
304,51,49,73
303,51,48,73
303,55,49,77
304,55,48,80
304,55,48,82
305,55,48,89
304,70,49,79
304,74,47,77
306,80,48,75
304,81,45,81
307,97,44,72
304,100,47,76
302,116,49,69
304,120,46,71
303,131,47,69
304,131,47,73
303,137,46,78
304,139,45,78
303,152,45,77
304,160,45,76
302,165,45,74
305,177,44,71
305,187,44,62
304,189,43,62
306,195,43,60
305,196,44,61
306,193,43,66
305,195,43,63
307,198,41,63
307,203,42,59
306,207,41,57
304,207,41,57
307,210,40,56
307,208,40,58
306,205,41,56
306,205,42,57
309,205,41,53
309,203,43,56
312,199,44,57
311,196,44,56
315,193,42,54
315,190,42,52
319,184,41,53
319,180,42,53
321,170,43,52
323,170,44,47
325,150,48,55
328,142,46,57
330,133,46,56
331,126,47,60
336,112,46,59
337,114,46,53
343,106,46,51
343,95,45,59
348,76,48,66
349,71,49,70
352,60,48,72
351,57,49,73
358,53,45,72
358,50,45,73
363,47,44,70
363,46,44,70
367,48,46,68
365,48,44,64
366,46,47,67
367,47,46,67
368,49,48,66
368,53,47,65
365,53,53,69
366,53,53,70
368,58,51,76
367,60,52,75
365,68,56,77
366,64,57,83
374,89,52,71
367,78,59,84
383,98,47,80
384,115,43,65
384,115,43,65
400,133,32,61
399,156,36,50
365,98,31,47
402,177,39,41
407,181,38,43
407,181,38,43
407,181,38,43
407,181,38,43
407,181,38,43
407,181,38,43
407,181,38,43
407,181,38,43
407,181,38,43
407,181,38,43
407,181,38,43
454,194,35,48
456,195,37,46
461,192,41,56
460,190,45,58
464,187,50,67
465,184,52,71
475,194,50,65
474,199,50,59
482,192,44,64
482,196,45,60
489,197,42,59
487,192,44,63
491,198,44,55
492,198,44,55
490,197,45,53
490,197,45,55
490,197,43,51
487,191,44,58
483,184,42,62
486,185,40,58
484,183,41,54
485,183,39,56
486,182,31,53
490,187,27,47
487,186,25,46
489,188,21,44
489,188,21,44
489,188,21,44
489,188,21,44
489,188,21,44
489,188,21,44
508,180,28,46
519,181,30,43
522,182,31,42
523,184,36,42
521,184,40,41
520,181,44,46
520,181,45,47
519,181,45,48
520,181,44,47
522,180,43,50
520,180,43,50
527,183,38,45
525,185,40,43
529,185,36,42
541,184,31,44
534,182,36,48
536,182,40,46
538,182,40,46
540,183,43,42
545,177,42,44
553,176,39,44
560,184,32,39
565,178,30,40
571,176,28,41
577,172,25,42
576,169,26,43
578,163,25,46
578,163,25,43
574,167,28,38
575,167,27,39
572,166,28,35
571,168,30,34
570,168,23,31
570,167,23,30
570,167,23,30
570,167,23,30
570,167,23,30
570,167,23,30
570,167,23,30
570,167,23,30
570,167,23,30
570,167,23,30
570,167,23,30
570,167,23,30
570,167,23,30
570,167,23,30
570,167,23,30
539,158,18,26
539,158,18,26
539,158,18,26
539,158,18,26
539,158,18,26
539,158,18,26
539,158,18,26
539,158,18,26
539,158,18,26
539,158,18,26
539,158,18,26
539,158,18,26
539,158,18,26
539,158,18,26
539,158,18,26
492,170,23,27
487,170,28,25
483,144,28,27
483,144,28,27
483,144,28,27
493,177,29,25
492,194,34,25
487,178,39,28
488,181,37,38
490,174,35,44
490,174,35,44
482,171,43,49
477,175,57,46
477,175,57,46
477,175,57,46
477,175,57,46
460,183,57,47
459,179,61,53
450,186,48,46
447,191,52,45
443,190,42,46
440,194,44,43
433,197,40,43
436,194,36,44
423,196,38,44
414,197,44,44
408,198,40,43
409,198,39,43
405,199,37,44
401,197,40,43
397,198,39,46
398,200,36,41
392,199,36,40
393,199,36,39
388,194,36,40
386,192,35,41
384,191,35,41
385,191,33,41
383,186,35,43
382,186,33,44
378,184,34,43
380,183,34,44
377,181,34,42
378,185,34,41
376,180,32,43
376,183,34,44
375,182,32,43
375,183,32,41
375,185,32,42
375,185,32,44
374,186,33,44
373,183,32,47
372,186,33,43
372,187,33,43
370,190,33,44
370,187,32,46
367,192,33,41
368,191,33,42
365,193,34,41
365,190,33,42
362,191,33,43
361,193,34,41
358,195,33,39
359,194,33,41
356,194,31,41
355,190,31,42
354,190,31,43
355,192,30,42
354,189,28,42
352,191,29,40
346,189,33,44
344,187,36,45
337,184,40,48
337,186,39,47
337,186,39,45
335,177,40,53
333,186,41,45
331,187,43,42
335,189,40,44
333,189,39,42
328,185,43,44
332,187,41,45
331,191,40,43
331,191,39,40
330,190,38,41
326,191,40,44
325,190,40,43
328,194,38,40
325,194,39,42
325,193,38,42
325,197,38,40
324,199,37,39
325,203,36,38
325,203,36,39
325,208,36,39
326,207,34,43
327,214,38,42
324,212,39,44
327,214,43,45
329,216,39,44
330,220,47,46
331,222,46,46
336,226,48,45
336,223,47,49
341,227,46,46
345,228,46,45
350,226,43,49
351,225,45,52
357,224,45,53
358,223,46,53
362,224,50,53
364,221,49,59
367,220,51,59
368,218,49,62
373,214,48,64
376,213,49,65
376,214,53,61
377,214,52,61
383,214,50,60
385,215,50,60
386,217,54,60
387,215,51,61
387,216,53,62
387,216,56,60
391,217,54,62
393,215,55,62
394,215,57,64
393,216,56,64
396,217,57,64
396,218,60,62
400,217,59,62
400,218,58,62
407,217,61,64
407,215,63,67
412,219,60,63
416,217,58,63
423,217,61,65
425,216,61,70
428,214,63,72
431,217,65,68
438,215,65,70
440,215,65,70
448,217,65,70
446,214,64,71
453,215,63,70
454,215,63,72
461,211,65,78
459,213,66,73
462,214,66,74
464,212,65,75
468,218,70,72
468,213,69,76
469,214,69,76
473,216,67,73
476,214,66,75
477,215,68,74
479,214,70,74
482,216,68,68
488,208,66,74
491,208,65,73
491,198,68,79
489,196,70,75
495,189,62,75
495,188,66,72
498,182,67,69
498,181,69,68
509,168,62,72
511,166,61,71
509,159,67,75
509,153,71,81
510,147,70,84
510,150,72,83
511,149,73,84
511,151,73,84
512,155,73,82
508,156,74,85
508,161,74,83
507,170,76,80
504,174,75,80
500,182,77,80
493,188,78,80
490,194,77,78
482,201,74,77
477,205,73,76
468,207,74,81
464,205,73,82
450,209,73,80
444,216,75,75
440,215,67,74
426,214,71,75
424,218,64,64
412,214,66,70
412,213,60,71
401,210,60,73
399,211,58,73
394,211,59,73
392,214,61,66
393,207,55,70
390,207,57,69
389,206,57,70
386,210,57,64
386,203,57,70
387,205,53,67
387,200,53,75
388,207,52,68
388,211,53,66
389,213,50,61
387,212,44,64
390,217,42,63
388,215,40,59
388,209,38,67
390,214,33,59
390,214,32,57
386,215,30,53
389,221,27,50
386,226,23,46
385,223,21,48
383,224,21,46
381,225,19,43
381,223,18,43
378,226,18,44
377,222,18,43
372,221,18,41
372,221,18,41
367,223,22,44
365,218,23,49
361,214,26,48
354,215,28,50
352,214,30,48
346,213,33,50
346,213,33,50
339,213,34,49
337,212,35,48
331,209,37,52
328,210,37,51
323,207,36,52
317,211,37,49
314,207,39,53
312,206,37,54
312,201,37,58
302,198,39,60
302,197,39,59
295,195,44,61
294,194,43,61
285,189,46,66
277,186,48,67
276,187,47,64
267,188,53,66
266,184,50,68
259,181,50,74
259,181,53,72
252,186,51,68
249,187,53,69
246,191,50,67
242,190,52,71
235,192,55,70
230,198,56,67
227,196,56,70
222,199,57,71
221,204,57,71
214,207,57,72
215,210,58,72
211,212,56,73
208,214,57,76
202,219,57,74
196,221,57,74
197,223,55,75
191,224,56,76
192,221,55,79
186,226,53,73
183,223,58,81
179,227,59,78
178,229,62,78
174,227,65,81
169,228,66,78
170,227,64,78
163,224,68,80
165,222,65,82
160,214,64,81
161,210,58,85
155,206,60,90
152,205,64,85
146,199,70,82
143,197,77,82
139,193,73,78
139,188,75,76
135,181,78,78
133,166,79,78
131,161,79,82
128,153,79,80
128,145,77,80
125,133,77,83
124,121,77,87
122,123,80,78
126,113,82,75
127,112,78,68
130,103,78,66
134,103,74,64
135,90,73,68
135,80,78,75
138,69,80,77
141,59,79,83
148,48,75,86
155,51,78,79
159,49,79,77
167,40,75,83
167,41,78,80
175,41,78,80
176,37,81,83
185,34,76,92
184,37,79,89
190,41,81,90
199,50,80,91
201,54,80,87
213,56,77,91
214,68,83,80
231,74,77,84
231,66,79,92
245,76,79,90
245,76,75,91
258,96,80,84
275,103,78,86
278,107,77,86
291,113,81,89
294,114,79,91
304,113,80,100
308,110,79,107
314,121,88,102
318,131,85,92
325,138,90,92
330,139,91,90
334,140,89,88
337,143,91,82
337,142,94,81
339,138,93,81
339,138,93,80
338,131,97,82
340,129,93,84
335,124,92,83
335,122,94,79
327,116,95,77
325,114,88,72
322,108,88,76
318,104,85,73
317,102,85,71
310,97,86,70
310,95,86,71
301,90,78,73
301,89,78,70
293,82,78,69
289,76,70,64
288,77,68,65
284,75,65,68
281,76,65,68
278,78,60,72
278,76,60,70
279,88,49,62
277,88,51,62
277,103,48,55
279,109,59,56
276,114,66,52
277,120,68,54
278,122,70,54
279,128,69,56
279,128,69,57
280,131,67,54
281,129,72,56
283,123,63,55
286,113,62,56
285,108,61,58
290,98,64,56
289,95,62,56
297,86,56,53
298,82,61,61
303,74,47,60
307,77,44,65
314,76,49,73
319,86,59,62
320,97,55,55
325,115,55,53
332,129,50,48
340,147,54,49
340,152,59,49
349,164,57,50
353,163,60,51
362,170,71,49
363,173,78,52
370,179,72,50
377,181,68,49
377,180,64,48
381,181,67,48
381,181,65,47
384,182,61,47
383,179,65,48
384,177,62,45
385,175,63,45
384,171,61,46
384,160,59,41
385,154,57,40
381,141,59,35
381,132,61,40
381,132,61,40
376,101,66,45
372,83,65,44
369,75,66,52
366,57,61,48
363,45,58,51
363,45,59,53
361,40,62,59
358,38,62,60
357,47,60,57
358,61,60,46
355,80,57,41
334,119,43,36
342,125,43,33
360,145,51,34
356,156,59,41
358,173,54,44
360,181,53,48
359,191,55,45
359,192,52,45
358,195,56,43
358,196,57,43
359,198,60,42
359,198,62,44
365,197,49,46
364,197,51,42
364,197,54,42
368,195,52,47
367,194,50,47
369,192,52,44
368,190,55,42
370,185,50,37
373,180,43,36
373,165,47,40
370,151,52,37
372,140,52,40
372,123,51,35
375,110,57,39
370,95,62,37
369,88,62,39
360,67,64,43
362,64,61,46
369,58,54,40
369,56,52,41
370,58,51,40
373,58,51,41
374,63,52,38
374,74,53,37
379,81,50,35
382,102,50,32
384,114,57,35
385,131,56,34
386,146,48,37
388,156,52,31
387,163,46,37
384,166,50,37
384,170,53,33
384,170,54,35
383,173,53,32
381,172,54,33
375,169,56,35
372,165,57,35
369,163,56,33
364,157,56,33
363,154,53,30
358,138,47,32
358,129,48,37
359,120,49,36
360,114,42,38
367,103,39,36
366,98,39,39
364,91,44,40
370,83,40,44
371,84,41,45
380,85,40,46
381,86,46,47
388,96,49,42
387,105,55,36
395,119,55,34
397,134,57,38
402,146,55,37
410,161,51,44
410,165,51,44
422,171,52,47
424,168,53,47
434,176,46,46
436,176,47,46
445,179,44,44
446,179,46,46
452,177,43,44
453,177,43,43
458,174,41,44
461,170,40,44
463,170,38,45
467,168,35,44
467,169,35,44
469,168,34,42
468,167,35,43
469,167,34,45
468,168,34,40
467,167,36,44
466,165,36,45
466,165,37,47
463,165,40,47
461,164,41,46
454,167,43,46
459,166,40,47
450,166,43,47
448,166,44,47
440,166,45,49
428,164,50,51
427,165,53,48
416,166,54,51
415,166,55,47
408,167,55,48
405,166,58,53
393,167,64,56
391,168,67,55
384,169,58,47
379,168,52,51
379,169,48,52
370,169,51,51
368,170,51,49
362,172,48,47
361,174,47,52
353,173,48,56
353,175,45,54
347,183,33,49
342,183,38,49
339,179,38,51
333,174,49,52
327,171,54,52
325,166,52,53
321,168,56,50
319,158,60,45
315,149,65,53
306,137,60,50
302,120,57,42
306,109,58,47
301,90,55,50
301,83,55,51
310,71,50,45
312,68,51,48
311,63,53,48
314,62,52,50
319,68,52,43
319,67,54,44
326,74,52,45
332,93,55,48
338,105,68,58
341,124,59,64
343,129,49,70
351,156,38,62
372,159,52,59
383,172,61,57
380,179,69,50
399,185,69,48
422,185,66,46
423,185,62,48
440,182,56,47
443,181,55,45
457,174,57,46
457,172,60,47
466,164,59,47
471,160,56,47
480,152,58,44
483,136,59,49
484,120,63,57
483,104,69,61
483,95,69,58
490,76,61,61
497,63,53,60
493,45,57,63
493,34,58,63
496,21,55,60
494,8,54,67
492,11,54,53
490,5,48,62
489,6,47,58
482,24,46,63
472,19,55,59
461,38,61,66
455,44,63,72
447,56,63,76
439,72,62,72
439,75,61,78
430,91,64,66
429,92,63,65
416,100,65,67
415,102,65,66
404,111,66,63
401,115,66,60
390,115,68,64
388,114,67,64
378,120,63,59
366,120,60,60
364,119,59,61
352,115,63,68
351,117,60,68
336,117,66,75
334,118,65,72
323,123,67,76
319,127,69,75
306,134,69,75
295,146,69,68
297,146,69,68
286,151,71,65
284,150,66,73
279,159,68,63
278,161,70,62
272,163,68,62
272,162,65,65
269,159,68,66
266,158,67,64
267,157,66,65
268,154,66,65
269,150,66,70
268,157,66,60
270,153,63,63
271,155,61,62
272,154,61,62
272,151,61,62
276,153,62,61
278,153,61,61
281,151,63,62
283,152,62,60
291,150,58,61
292,151,60,62
303,150,54,63
302,150,57,63
312,149,59,68
317,144,58,73
326,152,58,69
345,154,55,71
346,157,60,70
366,163,58,69
374,175,66,64
387,180,71,71
394,177,77,81
336,146,97,70
325,157,103,63
436,200,90,75
455,198,87,89
473,191,77,104
483,203,76,98
490,207,76,95
496,213,82,90
501,213,83,88
499,216,89,92
498,211,95,99
503,213,89,95
500,217,91,92
503,223,85,86
500,223,82,81
498,222,82,81
491,213,76,87
494,220,67,77
487,218,68,77
482,214,66,81
475,214,65,73
463,210,65,69
459,204,57,72
459,204,57,72
459,204,57,72
459,204,57,72
459,204,57,72
459,204,57,72
459,204,57,72
459,204,57,72
459,204,57,72
459,204,57,72
459,204,57,72
459,204,57,72
459,204,57,72
459,204,57,72
459,204,57,72
459,204,57,72
459,204,57,72
459,204,57,72
459,204,57,72
459,204,57,72
459,204,57,72
459,204,57,72
459,204,57,72
459,204,57,72
459,204,57,72
459,204,57,72
459,204,57,72
459,204,57,72
459,204,57,72
459,204,57,72
459,204,57,72
