242,60,58,50
248,63,54,52
247,69,62,52
251,74,62,52
255,85,66,53
259,96,70,55
264,105,71,58
264,125,75,50
272,132,78,56
276,142,83,63
279,147,85,68
282,146,85,72
286,153,81,71
288,154,82,73
290,156,85,71
286,160,90,73
288,165,89,70
286,167,92,75
286,171,96,76
288,171,85,79
282,179,96,75
283,174,94,82
283,170,96,86
278,177,96,81
279,182,92,74
276,188,90,69
272,181,90,73
269,178,93,73
267,171,90,74
266,169,87,76
267,166,82,76
266,163,84,74
264,164,91,71
262,159,95,71
267,156,86,70
269,149,85,70
268,144,90,68
268,141,86,66
270,136,86,66
268,131,88,65
268,126,92,63
269,121,83,61
270,116,80,62
271,112,82,66
275,115,83,68
275,113,80,64
278,115,81,66
278,115,81,68
275,117,81,69
282,122,78,64
282,120,81,66
285,123,78,68
287,125,77,61
289,129,75,55
286,131,78,56
286,137,70,49
286,140,70,50
284,146,73,53
283,152,75,51
283,157,73,51
283,164,73,50
283,171,77,50
283,178,79,50
280,184,84,51
280,191,85,55
278,196,85,56
277,202,88,53
279,206,90,56
281,208,91,59
282,210,93,64
286,216,96,56
294,215,93,53
298,213,94,50
302,210,93,52
297,205,95,54
297,202,90,58
300,199,90,61
301,196,93,70
304,194,94,76
309,193,89,70
313,190,87,75
318,190,86,78
322,187,85,82
325,187,82,84
320,187,83,88
322,194,78,91
333,192,71,97
334,193,63,97
332,193,64,93
326,192,64,94
322,190,63,92
316,194,67,92
311,192,65,94
298,193,70,91
290,196,73,88
292,197,62,86
287,198,70,87
275,199,84,85
267,199,93,84
260,196,96,85
252,192,99,88
250,192,99,87
250,189,95,89
251,188,94,88
246,187,99,87
245,186,97,85
244,186,95,81
246,186,96,82
244,189,98,77
242,191,98,78
241,186,98,82
242,189,99,78
241,187,101,77
244,187,96,80
243,187,95,77
247,187,93,81
244,187,90,80
248,186,86,79
246,185,89,77
249,179,103,81
255,179,125,77
251,176,130,82
251,176,119,76
252,179,118,74
251,180,120,75
251,183,124,73
252,183,123,75
251,186,126,74
252,183,125,75
254,182,123,74
248,182,127,74
249,183,122,68
250,183,125,71
244,182,137,70
249,184,130,73
255,186,120,67
252,183,125,72
250,186,131,69
251,188,126,73
252,187,128,71
256,189,129,73
256,185,126,73
258,184,131,79
261,180,127,78
248,177,134,79
253,177,135,80
250,179,136,76
249,175,140,81
253,177,136,80
252,176,135,81
249,178,141,77
251,179,141,82
252,176,135,83
257,176,128,81
257,174,133,87
256,174,132,86
255,172,133,89
252,173,134,79
255,173,135,83
254,170,133,85
251,170,136,78
251,171,139,78
250,169,136,87
250,168,141,83
251,167,140,94
249,170,135,93
249,167,146,90
260,167,133,99
255,164,134,98
253,166,141,98
252,164,137,94
254,165,144,94
254,164,139,98
248,163,142,96
254,161,138,98
253,166,140,97
255,161,138,101
260,155,136,110
260,152,138,112
245,147,154,113
265,148,138,112
253,140,160,120
253,139,179,121
248,137,195,116
242,128,212,122
252,132,210,115
243,132,230,108
250,135,224,84
242,131,246,76
239,126,239,78
241,122,224,103
243,109,214,142
242,105,181,168
247,82,179,188
238,46,171,226
238,46,171,226
238,46,171,226
238,46,171,226
238,46,171,226
238,46,171,226
238,46,171,226
225,40,164,226
226,49,173,216
231,46,174,219
231,46,174,219
231,46,174,219
231,46,174,219
244,54,153,246
242,41,151,257
246,44,149,254
254,40,137,270
245,38,145,271
251,45,146,264
255,39,139,269
253,40,144,269
246,57,145,264
251,41,134,266
247,36,146,261
248,39,137,252
247,58,140,231
253,61,138,228
250,78,134,217
243,98,145,194
249,98,141,194
248,96,144,201
247,94,144,207
245,92,143,210
247,91,141,205
249,89,138,208
253,45,135,249
248,42,139,256
250,43,140,243
238,43,153,243
247,59,145,227
247,43,146,239
244,44,149,250
243,40,151,247
248,40,152,242
251,46,144,246
250,48,152,233
239,46,159,224
251,42,142,234
245,42,148,228
243,41,147,235
245,40,147,235
249,45,146,232
242,61,142,222
249,41,137,245
249,36,131,256
248,35,135,264
243,38,135,240
246,40,128,230
245,49,141,218
246,54,117,212
245,85,116,174
252,93,91,159
269,99,90,149
268,99,82,153
275,101,78,153
279,100,72,158
270,84,78,172
289,102,113,167
287,104,112,167
262,96,140,169
241,88,157,182
233,86,166,183
230,83,162,186
230,71,159,208
225,51,166,229
224,42,166,242
227,37,166,246
232,35,155,244
262,37,122,227
249,41,142,218
245,42,147,220
244,58,148,200
255,43,140,213
259,43,130,218
264,47,127,214
263,43,124,220
261,40,128,220
259,46,129,216
260,37,130,225
265,43,120,221
266,39,118,221
266,42,120,224
256,97,135,205
255,99,137,201
268,96,126,204
236,97,156,218
235,81,154,225
236,85,155,225
244,68,150,224
234,83,156,226
244,104,148,203
240,105,151,205
231,101,156,212
233,95,155,214
249,91,142,215
234,86,158,213
247,91,143,214
232,101,157,202
244,95,148,217
236,79,153,230
251,79,133,218
255,103,135,199
245,103,147,199
243,101,148,202
244,105,146,198
237,105,156,201
243,106,150,182
238,106,150,188
237,106,151,191
237,101,147,180
240,106,146,183
239,101,149,184
240,104,148,193
240,99,148,188
242,99,147,194
246,95,145,199
245,92,145,205
245,90,131,207
252,91,138,208
256,89,128,207
267,81,120,214
276,88,106,208
277,86,109,211
275,86,111,209
253,87,133,205
266,84,119,205
271,91,121,197
260,82,126,207
280,87,109,201
280,87,106,208
290,95,99,199
283,94,108,206
259,97,131,200
266,103,123,199
252,103,137,206
255,106,138,204
252,108,142,190
258,109,134,168
251,108,141,151
251,106,144,148
263,98,130,160
255,94,137,171
265,92,133,167
275,83,116,177
260,84,131,173
271,79,120,181
276,84,117,172
273,89,119,182
274,87,120,178
276,103,120,151
253,109,140,164
256,93,136,181
260,86,134,199
252,92,137,193
246,83,145,204
253,74,136,203
255,92,138,186
263,91,131,187
270,89,120,174
256,101,138,161
254,102,137,151
244,107,147,151
235,104,153,157
236,103,156,158
235,100,156,158
232,105,156,157
232,109,159,165
229,103,158,185
229,109,153,183
241,107,151,179
254,105,133,166
257,105,133,170
271,109,120,158
274,118,117,181
278,116,114,182
278,115,116,185
269,119,120,179
274,114,117,187
276,116,117,185
271,120,120,175
282,120,111,173
280,119,113,184
270,121,124,172
277,120,116,181
267,123,126,182
264,121,129,175
277,124,117,169
278,128,114,154
269,128,121,165
286,126,109,177
277,122,117,188
284,129,104,177
282,125,108,177
283,135,105,172
284,133,108,172
278,133,113,173
280,134,114,174
284,136,102,172
283,131,110,179
285,135,96,175
288,129,104,181
283,131,107,170
279,132,113,177
279,128,113,180
270,128,120,178
247,122,142,188
243,119,146,195
241,113,149,199
242,116,144,195
242,117,139,187
243,115,140,197
245,118,138,193
251,121,135,192
244,123,141,190
242,117,143,193
249,117,137,194
252,120,134,189
245,117,139,195
248,120,133,189
245,119,136,187
245,116,139,186
247,120,138,180
251,119,134,184
244,117,139,195
249,111,133,197
247,110,137,193
251,111,136,194
244,109,143,187
243,107,145,184
250,107,139,188
265,103,125,182
261,106,131,178
244,97,147,182
276,107,115,180
283,107,109,178
277,117,115,170
258,111,131,175
237,100,147,182
238,99,152,186
238,104,147,179
240,101,147,187
251,99,134,188
241,96,147,192
242,81,147,198
245,90,149,176
251,64,140,191
248,31,145,222
243,18,150,228
238,9,147,228
242,8,141,234
236,7,157,230
231,2,166,236
236,4,161,258
229,8,174,242
233,27,176,227
232,2,172,244
228,1,177,240
230,3,177,238
226,15,180,234
198,24,213,221
212,7,201,236
192,1,216,236
180,3,236,234
174,2,247,231
170,0,253,234
171,-2,258,236
169,0,264,235
162,-3,262,242
196,-4,240,239
178,-4,257,238
170,-4,266,251
120,-8,313,258
100,-10,340,262
102,-6,353,257
100,-7,339,245
107,-1,340,246
107,-1,343,239
116,6,338,246
123,9,321,225
125,8,315,228
128,9,294,225
135,9,255,220
154,13,243,223
163,10,222,221
164,29,217,206
164,17,207,221
164,10,203,233
165,16,205,221
160,16,213,223
181,4,192,229
174,14,191,214
176,7,191,228
179,3,186,234
180,0,190,234
183,4,190,231
186,18,191,216
197,62,186,169
182,62,189,161
186,65,184,157
192,70,181,153
192,64,183,161
202,71,176,152
201,72,172,155
206,78,168,147
211,75,162,151
224,77,154,150
226,75,149,147
233,77,136,144
237,83,135,131
229,79,142,139
235,81,141,138
241,83,135,130
234,84,143,130
246,86,130,125
233,87,143,123
229,88,151,128
229,89,152,128
236,88,144,132
240,88,139,127
243,89,137,126
239,90,143,127
241,91,144,127
236,92,151,130
240,93,144,131
249,93,137,130
242,97,145,135
244,96,145,141
238,98,146,141
245,100,144,140
240,98,144,144
247,101,139,136
239,96,144,145
238,96,142,139
256,105,125,137
245,100,135,136
243,102,137,138
241,96,139,135
236,99,142,135
233,95,145,135
239,94,137,138
233,95,137,137
236,91,127,143
237,92,127,140
236,89,131,144
243,87,121,145
239,82,123,141
238,83,124,144
233,81,128,151
235,84,130,135
229,83,132,135
229,84,134,134
226,85,139,139
222,89,142,132
221,90,145,139
218,95,146,142
218,92,145,148
220,94,142,134
216,96,148,141
221,95,142,141
222,98,141,142
223,99,142,139
228,101,137,135
232,105,134,137
232,98,132,140
234,119,133,124
231,96,139,143
238,92,132,146
233,90,141,153
237,93,137,144
237,93,140,147
237,91,142,151
236,93,146,149
228,91,160,146
228,91,164,149
229,88,157,154
230,92,160,148
227,92,159,133
222,91,163,124
228,89,149,140
222,91,129,143
223,88,151,140
223,90,127,143
226,90,142,144
225,89,155,145
226,87,162,142
222,95,162,132
223,90,168,143
218,88,179,148
215,89,173,136
213,90,162,147
223,93,130,146
222,87,146,149
226,93,128,145
223,95,132,145
221,93,134,147
222,91,135,147
226,89,137,135
217,91,142,146
219,89,138,148
220,91,139,147
221,92,139,146
221,87,139,149
224,87,135,152
222,87,137,153
223,90,136,147
228,88,132,153
228,84,138,153
224,90,133,150
226,89,135,151
225,87,128,151
225,88,132,153
225,85,150,153
224,90,133,151
219,87,148,150
221,87,135,151
221,84,132,152
216,86,147,153
215,85,135,154
219,88,137,149
219,91,132,146
217,86,141,152
220,89,132,148
220,85,141,153
219,88,145,150
221,84,134,154
219,86,144,136
224,87,136,140
219,87,147,139
219,89,141,134
221,87,138,124
224,88,133,110
219,90,133,108
216,92,130,104
217,87,136,108
217,87,150,119
216,96,172,144
204,103,186,145
205,102,189,143
211,101,171,143
215,101,169,146
222,99,157,153
219,95,160,155
228,90,150,162
230,96,146,149
237,93,140,151
226,93,149,147
238,92,138,135
230,97,147,129
224,95,147,130
230,97,140,131
251,95,121,114
252,94,118,113
245,95,125,120
240,94,127,118
249,95,118,125
251,94,118,124
250,96,121,131
246,95,121,129
240,95,126,125
236,91,130,142
229,95,140,139
233,93,134,141
233,96,136,135
230,102,137,129
235,96,133,133
228,100,146,130
225,96,149,135
225,96,148,131
222,95,156,138
221,94,155,140
224,96,154,140
219,95,157,139
220,98,156,130
217,95,160,134
212,100,166,130
210,96,165,134
210,95,167,129
206,99,170,122
205,100,171,124
203,101,170,123
204,96,173,127
215,95,162,127
210,95,167,130
206,97,173,124
207,95,173,132
208,95,174,129
207,91,169,131
207,94,172,129
205,94,176,129
208,95,172,129
208,91,171,134
208,93,167,133
209,90,170,131
216,91,162,133
215,90,163,132
216,89,162,134
212,96,166,130
213,94,166,130
213,96,168,129
218,95,158,130
219,92,158,131
214,88,164,137
210,90,165,132
206,91,167,137
218,90,159,132
216,90,163,134
215,97,162,125
214,90,163,134
213,92,163,130
215,93,161,131
221,92,156,134
221,91,157,131
220,94,158,130
221,92,161,134
219,91,158,133
225,91,149,134
223,91,157,134
223,94,153,131
227,89,151,131
221,98,155,124
227,87,149,135
227,93,148,131
229,94,149,131
226,96,153,128
228,92,149,132
225,95,155,129
225,92,155,131
224,92,155,133
224,92,152,131
221,97,153,127
221,94,155,131
226,96,151,130
225,94,153,129
222,94,152,132
229,96,151,129
226,94,155,130
224,95,154,131
221,92,154,129
220,91,157,136
226,90,150,137
216,92,159,131
221,94,155,131
222,96,157,127
221,96,157,127
217,93,158,132
219,92,160,134
216,91,156,133
221,95,159,130
217,91,158,128
213,88,159,136
215,89,164,133
214,89,165,141
224,88,156,139
213,90,162,136
212,88,167,139
213,88,165,139
211,85,167,144
199,85,178,150
205,85,171,149
223,89,157,141
206,86,171,144
210,89,168,145
199,87,180,146
194,82,185,151
185,87,190,147
187,85,190,151
198,87,175,143
188,90,186,146
208,92,166,132
212,90,166,133
201,89,170,137
205,87,172,136
204,94,171,129
205,90,169,133
208,96,171,130
210,94,167,130
206,95,171,131
207,94,169,129
211,95,164,127
217,94,158,127
225,93,156,127
220,94,157,126
210,92,170,132
212,93,166,129
205,93,170,132
216,94,161,122
227,91,147,131
222,90,157,129
212,92,167,130
214,90,162,130
205,95,172,132
200,94,175,131
207,95,169,125
202,92,169,131
204,90,170,133
205,94,172,126
214,96,169,129
212,94,162,130
209,91,162,132
204,93,172,137
215,94,161,127
229,94,152,128
224,94,153,131
222,95,152,127
228,93,149,132
224,95,151,126
223,100,150,124
208,99,165,128
202,99,174,132
213,98,163,127
203,100,174,132
201,102,172,128
203,102,167,135
208,104,159,130
211,106,160,129
210,106,162,129
218,112,156,123
220,101,152,129
224,104,150,126
222,114,150,117
222,112,149,116
223,107,134,121
228,100,137,130
225,110,134,122
229,101,134,127
230,110,122,119
231,106,130,128
231,108,127,125
232,106,130,126
230,105,122,129
233,102,122,126
232,108,130,122
231,109,128,121
232,111,132,114
230,117,121,108
235,123,121,101
235,127,117,93
235,135,125,78
236,137,120,80
241,133,118,90
242,127,122,100
239,138,122,90
241,140,117,82
237,144,119,74
238,127,126,88
241,149,121,78
250,114,115,110
244,120,119,114
234,106,132,118
225,96,143,132
230,99,136,130
229,92,138,136
232,98,133,129
233,95,137,135
231,97,137,134
230,100,136,127
231,97,135,130
227,97,141,131
232,102,136,129
233,96,133,132
232,99,141,130
231,92,138,136
233,97,138,130
231,96,138,132
235,94,133,135
228,99,140,130
235,98,139,131
234,111,131,121
227,97,145,135
230,94,141,135
234,94,136,136
228,95,139,132
231,96,141,132
234,96,138,136
232,93,137,137
229,93,141,138
229,92,143,139
235,91,140,138
236,94,135,138
228,99,144,128
234,96,139,135
232,98,137,129
229,98,144,128
237,98,136,129
229,110,139,125
237,117,131,112
232,108,139,117
233,133,132,99
233,136,133,89
237,129,131,96
242,138,121,88
236,132,120,92
241,132,125,92
236,130,129,94
235,114,133,110
232,120,133,104
229,125,136,103
226,118,136,110
234,124,132,104
229,127,130,98
229,119,135,104
229,120,135,105
231,127,135,99
236,129,127,95
235,130,128,91
235,130,129,93
232,131,132,95
231,134,134,91
235,136,129,91
238,136,127,90
234,140,129,86
238,141,127,86
239,144,118,80
260,146,104,76
258,144,106,76
243,143,113,80
246,143,121,80
243,146,120,87
233,144,128,87
239,150,121,79
236,154,120,76
239,155,124,71
241,154,122,73
238,157,121,70
239,157,115,71
240,157,116,68
236,159,120,64
236,158,106,68
234,157,110,67
240,158,105,60
272,156,91,58
280,152,79,61
294,162,72,54
300,164,65,52
298,169,59,42
295,175,62,41
293,174,62,40
299,173,58,41
297,177,64,34
285,174,71,39
286,171,72,44
290,169,69,43
295,173,63,42
296,171,62,43
291,171,68,44
292,175,70,40
284,167,75,49
288,174,73,40
289,172,71,41
281,171,74,42
293,174,63,39
285,174,71,41
295,170,59,43
301,177,50,36
303,181,49,32
301,180,50,32
308,183,43,30
311,184,41,30
312,182,40,31
310,182,40,30
295,174,45,36
304,180,44,33
304,180,44,33
306,179,41,33
295,181,50,30
306,181,41,33
305,182,42,32
305,182,42,33
302,179,47,34
302,178,48,36
299,176,50,37
297,178,51,35
289,173,59,38
288,175,62,38
290,174,62,38
288,174,63,37
289,176,65,36
292,173,61,39
291,170,64,41
298,170,62,43
297,172,67,39
298,172,66,39
306,178,64,32
305,179,63,31
309,176,61,32
312,176,57,34
315,177,53,32
312,172,55,39
319,170,50,40
322,173,49,36
326,171,46,36
327,174,43,34
328,167,43,43
325,168,46,41
325,168,46,40
324,167,46,41
326,171,45,38
332,171,40,37
329,167,41,42
327,171,43,37
326,171,44,37
328,172,42,35
328,174,41,34
334,172,36,38
332,173,38,36
333,175,36,34
334,173,37,37
332,175,37,35
333,174,37,34
333,174,37,32
334,176,37,33
334,179,36,29
336,177,35,32
336,179,35,30
335,179,36,32
338,180,33,28
340,180,32,31
339,178,33,31
338,182,35,27
338,182,35,27
338,184,36,25
338,182,34,28
338,185,34,24
338,185,34,25
337,186,36,24
334,183,37,27
334,183,36,28
335,184,36,27
333,188,35,25
336,185,34,27
335,181,36,30
335,180,38,31
336,182,38,27
334,174,42,34
336,169,42,39
337,167,42,42
336,164,47,46
339,157,43,49
340,158,45,46
341,155,44,47
344,153,46,49
341,148,47,51
341,141,50,54
342,139,50,55
342,132,50,60
345,133,48,57
346,130,48,58
346,126,50,60
344,124,54,62
348,124,51,60
345,120,52,65
343,119,54,66
345,123,53,64
341,120,53,70
343,125,51,66
344,125,48,70
346,133,46,65
342,130,47,71
344,141,43,63
344,147,40,58
348,152,35,53
350,152,32,54
327,140,39,42
350,169,31,38
356,166,26,41
354,164,29,44
326,146,35,44
327,147,44,43
351,164,34,42
356,161,28,44
315,169,26,34
361,167,25,35
359,166,30,37
360,169,30,32
360,170,29,30
360,173,30,27
358,168,33,31
361,168,36,30
364,168,34,32
364,168,34,32
364,168,34,32
364,168,34,32
364,168,34,32
334,152,31,25
373,158,36,29
372,153,44,32
368,152,47,33
366,152,42,31
372,152,41,31
377,152,45,30
378,150,44,29
378,147,46,32
378,144,49,36
378,146,50,31
380,149,46,26
382,145,45,29
383,147,44,28
386,144,42,28
385,143,41,28
386,142,41,27
386,139,43,28
385,140,44,27
385,138,42,28
386,136,42,28
385,133,43,28
382,133,40,28
383,132,40,30
382,128,40,31
382,128,39,32
380,129,36,29
376,129,35,26
373,127,37,28
369,126,35,25
366,127,32,23
362,126,28,20
386,145,30,25
386,145,30,25
386,145,30,25
375,148,27,22
374,150,25,18
370,150,25,17
367,147,25,18
359,143,26,18
355,143,23,19
351,140,22,20
340,134,25,21
307,142,26,18
329,143,33,17
313,135,32,20
301,118,30,23
291,110,29,28
279,105,32,29
272,103,30,33
264,93,31,39
257,91,28,39
247,91,31,41
240,92,34,43
234,97,31,43
232,102,29,48
226,112,29,45
222,125,29,44
221,145,27,39
219,157,31,39
219,169,32,38
219,169,32,38
228,195,27,38
232,204,28,37
237,213,29,37
242,213,33,41
249,216,34,44
253,220,37,43
252,217,41,46
254,215,44,48
251,215,48,49
247,214,50,53
247,216,51,51
250,216,53,52
245,215,59,55
237,220,64,55
231,217,71,56
226,219,73,55
222,214,78,59
218,216,80,58
218,217,78,57
224,215,77,62
227,215,74,61
238,211,63,64
237,213,59,62
236,218,66,57
238,217,64,57
237,217,68,57
233,218,72,57
234,216,69,60
231,218,73,55
229,217,73,60
233,216,70,56
232,217,70,57
233,219,71,56
234,217,68,57
232,215,70,59
232,214,69,59
233,219,68,56
233,217,70,58
232,215,72,60
231,216,72,60
234,218,72,58
