383,17,254,341
391,25,227,348
418,11,196,357
414,9,189,351
418,16,168,337
414,23,160,340
396,16,177,344
404,14,173,328
388,29,165,313
394,29,155,326
388,15,154,338
388,29,148,321
378,30,154,314
390,34,135,312
377,37,148,320
375,35,138,317
372,34,135,306
371,36,127,300
372,37,128,286
377,35,116,295
372,33,115,302
374,33,114,289
371,24,112,292
370,29,110,285
361,29,115,287
369,25,108,293
366,28,103,278
372,25,98,277
375,27,95,271
385,26,85,272
381,30,91,266
386,31,88,275
385,28,85,284
379,30,91,280
366,33,105,301
371,30,102,306
358,34,113,306
349,38,129,304
337,40,145,297
339,41,139,297
341,36,138,289
346,41,139,303
332,39,161,301
341,40,147,273
351,42,135,276
359,37,125,252
361,42,125,254
364,40,119,238
373,41,112,234
372,44,111,261
376,43,109,261
375,42,111,250
381,44,110,234
382,45,116,218
384,48,109,224
387,46,110,231
393,47,103,231
396,50,102,207
393,52,108,194
391,51,109,199
394,50,105,200
392,50,105,206
393,49,104,218
394,47,98,221
397,52,91,213
400,49,86,201
400,50,86,203
399,49,79,202
400,52,79,189
398,52,79,209
394,47,83,201
395,50,78,197
390,49,77,197
390,56,68,185
389,47,72,196
387,52,75,194
453,17,90,205
381,42,105,200
397,37,133,197
384,73,140,165
367,33,152,195
365,35,149,192
364,32,139,188
347,28,148,201
332,25,156,235
324,24,163,257
310,28,172,318
296,16,184,336
301,14,175,325
295,21,181,323
300,24,179,332
288,16,187,328
288,13,187,333
270,24,200,333
266,24,215,331
273,18,202,323
271,20,208,327
265,21,217,324
271,38,220,307
274,37,209,316
270,30,219,315
262,39,229,305
274,34,218,303
261,42,234,304
255,23,245,310
277,32,218,321
250,49,256,304
263,30,237,310
243,38,265,318
224,37,288,311
236,29,272,315
212,29,297,309
215,37,300,313
201,35,323,323
182,45,347,307
206,56,325,300
182,45,357,311
182,49,378,304
149,43,445,310
173,43,441,313
179,56,457,307
148,58,473,300
176,51,443,310
229,57,390,292
214,24,415,330
198,49,435,319
228,53,415,302
212,81,415,273
199,44,425,309
199,42,425,310
223,56,405,292
214,63,401,289
243,74,378,270
282,64,348,279
264,50,363,303
238,56,378,295
243,45,372,322
302,40,324,305
269,52,353,312
230,50,389,309
223,46,400,320
198,40,428,306
240,44,389,323
222,28,397,326
216,31,403,311
250,32,378,320
228,41,390,322
235,35,393,321
195,46,427,302
239,49,378,312
189,50,416,299
221,39,388,319
236,33,372,313
234,51,383,316
263,34,341,317
214,63,345,293
260,48,339,301
264,45,343,312
267,42,353,310
268,44,352,304
270,38,350,295
286,54,330,289
287,39,326,303
294,44,299,295
314,42,290,301
314,28,307,317
294,39,318,310
321,46,310,314
331,54,290,299
308,42,301,310
322,30,304,326
343,30,275,334
349,19,262,335
336,41,288,301
348,45,269,309
348,41,283,314
352,29,271,336
366,28,231,329
357,30,278,325
346,44,273,313
362,40,265,318
370,39,251,312
354,45,278,314
375,32,257,337
370,44,262,310
372,49,260,330
366,50,260,304
365,46,256,313
376,24,209,325
375,41,190,309
377,41,194,312
379,40,183,301
365,44,196,310
381,42,181,315
382,37,177,319
380,40,183,308
384,34,182,301
388,39,177,310
394,41,172,296
395,42,173,301
395,47,187,303
386,39,195,313
395,41,194,307
395,39,208,316
388,40,230,319
403,51,218,304
389,46,221,307
406,40,206,318
405,37,209,318
404,35,209,323
397,45,194,308
392,50,185,309
398,45,184,302
397,45,175,314
405,41,164,310
407,37,166,312
411,41,158,270
412,42,159,277
419,45,147,288
426,40,135,306
419,41,144,304
418,49,147,306
418,45,142,310
412,44,145,311
410,48,147,305
418,42,132,311
416,47,134,304
409,41,142,311
414,45,137,306
417,46,134,309
415,44,142,308
413,47,149,306
416,45,139,314
419,49,138,311
413,45,146,306
415,47,148,307
416,50,142,305
415,49,147,293
418,46,151,305
410,48,159,309
418,40,161,315
410,48,155,302
413,51,169,305
413,47,160,313
411,56,171,305
411,47,167,307
411,50,165,307
420,47,152,304
417,39,152,308
417,47,180,308
409,51,180,298
412,43,174,303
413,44,179,306
413,42,185,272
416,45,147,303
419,47,160,308
417,43,182,306
419,52,163,303
422,48,183,304
419,42,162,296
424,48,164,271
422,50,172,297
418,53,185,296
423,48,142,304
427,47,158,304
424,54,154,296
424,48,132,306
429,51,129,299
432,56,132,289
427,47,138,303
428,44,146,306
426,45,142,304
429,47,140,304
432,63,196,296
427,66,202,288
418,67,216,292
418,63,213,296
416,53,215,310
420,51,183,306
429,46,142,298
428,48,146,300
426,51,153,304
427,44,163,311
431,52,176,311
434,73,205,279
428,71,210,289
420,52,211,313
427,51,200,298
432,52,202,302
424,56,185,307
425,61,206,297
433,57,195,292
435,51,190,298
427,44,211,299
435,55,199,289
426,53,208,297
435,48,164,301
432,58,157,295
430,53,206,298
432,51,185,298
429,58,202,296
429,50,189,297
430,50,192,305
432,47,184,305
433,43,171,310
434,51,177,309
435,49,150,299
436,47,151,270
434,51,147,239
433,53,148,229
428,50,141,223
431,50,141,232
424,50,145,229
426,53,151,212
436,48,134,236
422,51,151,244
420,53,152,274
421,49,153,297
425,44,150,304
424,44,147,304
426,58,148,291
426,49,144,311
427,46,148,293
429,42,148,286
422,55,159,279
434,45,143,256
428,47,137,261
424,53,149,290
419,49,161,305
418,45,158,313
412,43,167,320
416,45,159,305
405,45,170,309
400,45,180,311
386,43,194,305
383,44,203,305
387,46,199,301
379,40,204,305
376,43,213,308
363,41,212,304
373,37,200,314
378,38,197,313
386,42,183,290
384,49,186,307
367,34,229,323
358,47,238,316
356,46,245,311
359,38,225,318
353,42,225,312
343,39,244,311
354,36,235,315
353,43,240,310
341,43,263,309
359,38,239,316
378,40,194,312
390,38,182,295
386,46,202,312
377,40,200,313
388,37,187,315
398,41,169,322
410,40,155,306
413,40,149,315
410,35,154,318
409,37,168,316
410,43,170,321
414,38,168,312
413,40,174,301
411,46,176,312
416,33,207,322
398,39,221,318
418,42,202,311
414,33,213,325
403,33,210,325
427,23,201,328
420,38,207,311
414,43,218,313
411,32,221,323
422,38,211,321
419,33,213,320
420,38,210,310
417,35,220,307
414,33,217,315
418,31,210,318
428,22,202,323
414,40,214,304
423,28,198,329
412,28,211,326
421,30,202,319
417,35,201,316
413,33,208,311
415,41,212,306
416,35,186,306
414,37,171,303
419,39,153,303
421,45,150,302
415,37,155,304
414,42,154,303
417,42,153,302
419,46,143,297
411,43,156,301
415,41,148,302
415,48,147,295
420,42,142,295
413,42,148,313
412,38,141,298
422,40,134,302
423,43,131,291
418,44,139,305
417,46,138,293
420,41,136,294
421,46,126,256
414,48,142,279
413,44,144,274
411,47,140,284
413,47,138,296
411,45,133,301
413,46,138,288
413,49,134,276
417,50,130,281
416,47,125,292
420,44,129,296
421,50,124,282
418,47,130,289
421,51,121,278
415,49,124,292
421,49,125,271
415,49,125,289
417,54,123,299
413,45,129,283
416,51,120,300
415,50,120,290
414,53,122,298
413,55,121,294
410,47,127,303
413,52,116,288
417,50,117,285
418,57,114,286
417,49,117,289
421,50,110,297
417,50,111,294
418,50,114,282
418,48,115,298
420,51,106,287
422,49,110,295
421,54,109,292
421,47,108,275
419,54,106,276
424,50,104,274
420,53,109,284
422,50,111,264
419,49,108,263
420,47,104,277
415,48,114,293
420,44,109,277
417,45,111,299
423,50,110,272
416,44,109,297
423,43,110,270
420,44,113,268
422,45,111,287
418,44,116,290
423,44,111,278
422,49,111,303
422,45,116,301
419,40,116,310
423,44,113,310
422,39,111,297
421,47,113,297
423,41,112,309
422,39,114,293
417,39,119,307
421,43,119,312
413,37,126,311
420,43,119,313
419,40,114,313
417,43,122,310
415,41,127,305
419,46,127,300
419,42,118,309
417,45,126,310
420,41,121,290
415,42,128,308
422,42,116,313
416,43,128,315
416,45,121,299
419,50,122,301
418,44,126,303
415,45,129,308
413,38,131,308
422,44,125,304
416,45,128,308
416,43,130,308
420,41,132,306
424,47,129,305
423,43,134,302
426,47,135,295
425,44,142,304
423,45,151,304
424,43,148,312
423,44,150,313
423,43,137,302
418,48,146,269
421,52,142,226
416,47,152,242
422,42,133,241
417,50,151,277
406,45,166,306
411,39,157,306
409,39,162,306
412,44,157,296
417,41,158,301
415,44,156,288
417,44,153,294
417,45,159,304
415,42,158,296
419,47,158,305
416,47,161,298
417,43,178,305
422,51,170,297
424,44,171,309
421,44,171,312
419,40,176,314
417,47,181,307
416,50,200,307
420,44,192,308
423,43,199,307
411,43,189,308
419,43,177,300
420,37,169,310
422,51,161,291
425,46,155,293
425,48,143,296
425,51,146,293
423,48,149,297
426,62,133,288
426,56,133,293
421,51,142,294
427,50,124,302
424,56,134,306
429,49,131,309
429,55,120,301
430,52,120,305
434,47,119,310
433,50,119,309
435,49,119,305
430,51,122,303
432,42,115,313
432,51,116,306
432,43,124,314
432,46,119,301
434,48,124,307
436,46,116,310
434,49,125,303
435,45,120,308
434,40,123,310
435,42,122,307
428,46,132,312
433,46,130,299
435,49,130,298
435,52,131,299
433,54,132,297
432,53,132,304
436,57,133,298
437,55,134,304
440,61,131,296
435,55,139,303
436,48,138,304
434,54,135,292
436,59,136,295
433,54,142,296
432,57,141,297
435,47,137,291
438,53,128,293
435,52,140,295
436,54,136,292
438,54,136,293
433,49,139,303
436,56,141,292
435,53,143,296
438,50,139,302
433,42,144,315
429,48,149,303
428,52,154,302
406,41,181,292
402,44,178,298
425,38,158,308
402,39,190,297
395,24,190,316
367,21,222,316
334,17,244,344
343,7,240,349
360,5,211,343
380,13,198,342
383,5,214,352
370,5,230,338
383,7,231,348
411,16,218,341
401,15,216,346
426,8,201,347
433,3,202,353
442,9,191,344
453,14,176,340
461,11,176,346
455,15,183,346
451,23,192,340
435,10,208,336
457,28,184,329
413,16,226,348
394,35,191,312
411,23,173,296
404,40,151,269
417,39,147,266
413,39,149,244
412,42,150,217
415,43,147,220
394,45,171,244
391,39,173,268
367,40,205,309
359,44,214,302
362,31,209,310
357,34,218,311
352,37,222,304
358,41,210,297
360,36,207,304
361,37,215,296
356,33,224,315
358,19,212,321
353,33,215,334
355,22,214,324
359,39,199,309
368,31,177,311
360,29,178,313
367,31,160,309
369,33,158,314
372,32,155,313
371,30,159,312
373,32,153,313
370,33,163,315
373,30,154,317
375,32,151,315
384,33,149,317
385,29,152,317
374,31,165,311
367,22,170,322
372,28,174,313
373,24,170,317
372,19,174,321
369,21,185,331
375,22,180,324
386,19,168,324
376,23,187,328
363,24,200,322
367,18,197,323
377,21,184,320
367,19,185,326
364,20,195,334
360,19,200,325
359,21,204,329
357,14,204,331
358,20,204,336
351,19,207,324
343,14,217,328
348,23,206,327
347,21,207,329
344,23,208,330
348,32,191,317
355,28,174,326
347,22,178,326
346,23,178,301
342,28,180,314
334,23,175,314
330,27,181,302
329,28,172,307
326,27,176,309
324,34,179,314
320,36,167,332
311,39,179,302
310,37,183,313
306,36,183,296
323,48,171,303
313,47,170,290
314,54,170,295
311,48,165,299
310,58,178,294
293,59,183,281
292,62,181,291
272,63,204,289
271,61,207,293
264,69,204,285
273,61,207,289
267,60,206,292
269,59,209,289
291,58,178,295
290,55,176,292
289,48,183,303
288,55,193,289
290,43,188,302
291,44,184,304
289,32,194,311
299,28,185,328
293,23,190,321
300,22,183,318
301,18,179,313
310,18,174,311
304,21,183,318
301,17,187,319
304,14,183,322
308,12,186,329
310,19,185,318
324,19,170,324
328,19,163,322
329,18,170,335
342,19,156,326
344,12,158,326
354,10,148,329
358,10,148,325
358,8,147,339
353,14,155,334
353,7,153,330
355,13,155,342
342,16,174,334
376,14,139,333
368,11,151,337
354,10,169,332
354,15,176,340
358,14,177,338
376,18,158,321
381,11,153,306
383,20,152,319
384,15,147,316
389,19,150,299
391,11,150,307
388,19,149,315
394,16,142,314
401,29,129,293
405,23,128,291
405,24,125,295
406,24,122,295
405,31,124,292
390,33,140,315
362,31,162,317
368,38,161,299
366,37,161,305
379,41,148,299
377,36,149,306
379,44,147,301
388,41,141,305
384,42,151,307
389,42,146,303
372,49,169,298
387,43,152,297
375,44,168,293
370,44,174,295
382,45,159,298
386,48,152,302
385,49,154,302
398,46,146,304
396,45,143,298
403,44,137,300
401,48,145,293
406,52,137,296
405,49,146,296
400,51,147,294
405,45,144,297
402,49,152,290
416,53,132,287
418,55,130,280
418,56,136,279
414,58,139,290
416,48,139,296
420,49,145,295
419,52,141,283
418,51,140,281
416,56,144,285
418,56,146,287
421,55,149,292
424,59,151,291
429,59,144,287
430,61,143,298
428,57,144,274
431,53,142,251
434,59,139,248
434,56,137,292
433,61,141,287
431,59,143,289
436,61,141,287
437,60,138,279
439,59,136,267
440,58,132,242
443,59,134,230
437,60,138,216
444,59,132,215
443,55,129,217
441,59,137,217
441,57,133,224
429,52,144,237
429,55,138,287
422,55,148,293
417,52,150,294
412,52,160,299
397,51,178,299
390,47,180,302
391,59,181,292
383,52,189,298
379,49,195,305
382,47,193,301
384,52,183,298
391,48,175,306
390,46,175,300
385,56,178,298
386,58,181,299
397,46,164,304
394,50,162,317
405,49,150,304
415,53,149,307
413,61,142,300
410,49,142,304
418,45,136,290
418,41,149,310
423,50,169,316
419,45,188,310
415,24,206,324
410,15,224,343
404,30,222,329
405,18,227,337
404,28,236,331
412,26,221,327
421,28,215,328
401,26,228,336
397,26,230,333
396,19,228,333
407,32,212,319
407,45,211,304
415,30,201,320
406,27,217,323
410,26,208,317
404,17,220,329
410,22,213,323
405,19,219,335
396,16,231,338
400,27,229,318
385,26,252,326
385,23,253,321
365,24,267,326
355,17,281,326
357,20,270,335
354,25,278,331
348,20,283,323
353,20,281,319
342,20,292,316
347,23,283,320
326,12,304,334
334,17,304,338
360,27,287,334
359,25,271,348
341,20,283,334
334,18,285,342
286,23,313,333
247,22,347,330
264,27,344,325
287,27,326,329
255,42,361,305
257,40,370,312
272,41,350,311
275,39,339,311
279,34,350,321
263,47,355,308
259,24,366,320
267,46,350,305
259,32,365,325
249,34,368,318
246,31,376,325
244,38,385,323
228,24,397,327
252,32,384,316
254,42,370,297
267,38,365,309
246,61,380,294
271,40,358,333
244,38,380,310
264,58,362,306
257,45,376,328
246,45,378,320
256,40,365,307
260,50,363,311
259,47,363,304
260,54,359,304
248,48,369,315
261,50,373,314
250,42,369,315
262,53,373,296
238,48,368,310
248,19,374,347
285,24,342,329
263,30,341,310
283,48,340,312
249,36,355,323
306,35,324,322
274,46,349,307
254,46,352,310
264,62,357,310
281,57,337,306
258,51,361,307
254,63,369,296
280,73,351,288
285,58,337,304
292,60,329,308
258,59,358,296
261,70,361,301
291,53,336,302
276,59,349,306
252,66,358,297
278,57,344,310
246,59,362,291
268,55,345,291
279,58,348,298
232,64,365,286
244,70,356,292
269,58,326,298
283,45,327,291
283,73,346,286
270,63,350,300
260,45,344,320
324,49,299,310
321,60,292,294
303,50,321,304
334,55,293,302
320,47,298,300
312,57,314,305
319,48,305,305
314,70,302,294
354,52,263,302
346,51,272,311
349,67,274,290
327,63,295,295
345,53,277,292
337,64,282,296
344,58,267,277
343,64,281,298
368,58,242,290
368,65,241,290
349,60,267,295
368,66,245,283
362,52,248,301
361,69,259,291
398,58,214,295
381,50,233,314
412,51,209,308
430,51,181,300
440,57,177,301
421,49,199,310
411,45,208,310
418,46,210,307
426,41,176,285
436,52,168,277
418,50,191,280
397,59,220,295
406,58,219,300
400,54,217,299
409,57,211,302
404,50,216,299
405,68,217,285
411,52,206,299
421,57,196,296
407,49,214,305
419,54,202,297
409,45,209,307
411,57,222,299
419,48,211,301
412,59,213,293
416,59,211,294
418,48,210,293
414,54,205,300
426,53,204,296
418,52,194,297
420,50,200,293
418,54,201,305
417,57,200,294
420,54,200,297
419,55,201,299
418,58,181,287
425,60,178,292
422,57,179,292
420,52,172,284
430,50,168,303
421,50,178,301
427,56,166,295
430,49,159,306
428,52,160,301
428,51,159,302
424,52,164,308
425,46,161,308
424,52,159,297
424,45,156,306
421,51,166,288
423,48,157,292
420,54,159,291
413,52,169,298
424,54,155,290
426,51,153,303
419,51,163,302
420,47,158,295
427,56,156,297
422,52,159,300
420,61,160,284
420,53,160,304
418,50,164,300
418,48,165,300
419,56,167,295
424,51,163,297
419,49,164,305
421,51,167,302
429,48,154,307
425,55,159,296
419,52,167,297
424,58,155,290
421,54,158,299
423,48,160,303
424,50,162,300
425,54,157,300
428,57,153,300
424,52,158,304
419,55,163,298
419,51,164,308
421,57,162,303
415,52,167,302
426,48,157,305
421,53,166,302
430,60,155,296
426,52,158,308
426,45,160,305
428,53,150,302
422,50,159,306
417,46,170,315
413,57,169,308
408,48,176,304
403,57,189,289
410,54,177,294
412,58,173,292
413,46,169,306
416,51,171,303
416,54,168,304
406,44,184,313
401,49,191,297
401,50,187,289
413,56,176,297
401,54,192,298
395,50,193,292
410,51,179,304
401,56,188,290
397,57,194,282
398,52,214,294
390,55,224,289
400,60,215,289
397,63,221,282
399,58,219,290
404,55,219,294
408,60,219,294
387,52,229,306
425,61,187,282
445,62,177,299
446,55,143,296
444,56,142,302
446,53,131,297
445,53,131,298
443,54,138,297
441,58,152,300
444,55,156,303
449,51,175,303
439,56,186,306
433,45,191,316
437,38,191,322
440,52,182,302
441,59,191,295
426,67,196,292
439,63,193,290
441,56,186,301
441,56,189,305
443,43,186,314
451,51,181,306
444,56,181,297
444,58,165,295
449,51,176,304
440,48,179,303
456,60,174,299
454,58,170,298
449,48,178,311
449,60,177,297
443,47,182,311
448,57,177,297
449,46,175,313
447,57,173,300
456,59,168,297
455,75,180,281
451,65,178,293
454,65,177,294
455,56,175,300
446,52,179,306
461,69,169,283
452,62,177,298
457,68,173,286
450,54,179,303
454,58,176,295
458,55,169,306
455,58,174,298
449,54,173,300
457,47,162,304
465,44,154,309
451,57,172,302
458,44,163,307
458,61,155,297
448,49,165,310
454,56,164,300
448,49,172,308
455,55,161,302
450,55,157,302
453,54,166,302
453,52,151,298
456,51,143,293
453,50,147,305
455,53,137,293
454,49,153,297
449,59,170,302
452,42,167,309
449,48,164,302
443,54,176,300
437,51,185,308
441,47,182,307
436,40,166,303
432,50,167,308
428,44,163,309
423,41,157,292
417,47,159,247
411,41,166,245
419,47,159,246
422,50,148,271
428,50,147,244
431,74,142,260
429,41,143,257
430,57,140,232
436,47,129,243
430,49,129,249
426,45,134,256
427,48,134,249
419,41,139,258
420,44,136,242
428,49,125,253
420,47,136,249
422,46,138,280
423,45,140,296
414,46,149,258
425,49,133,266
426,49,125,255
424,48,128,267
424,49,131,262
423,50,137,270
427,48,129,256
426,51,124,255
427,52,122,275
422,44,128,302
432,46,117,269
430,52,122,222
432,50,114,229
428,48,115,233
424,48,117,225
431,51,102,199
430,56,113,218
434,55,111,215
430,56,114,208
428,57,116,212
429,52,112,218
430,53,96,185
429,61,105,192
425,55,122,216
422,52,102,193
422,53,98,184
420,56,107,178
418,54,104,182
412,55,118,200
419,55,105,196
416,54,105,190
414,55,113,188
410,54,112,192
419,52,109,193
414,54,115,189
402,56,129,178
428,56,101,180
431,58,97,181
430,56,100,185
427,59,104,173
426,59,107,168
427,62,106,171
430,59,112,178
432,58,112,172
430,58,115,180
433,60,113,181
430,62,116,174
431,58,122,184
440,60,115,182
431,58,129,179
443,56,117,188
438,59,123,183
438,55,123,190
434,58,134,186
428,52,147,189
432,52,145,181
430,53,149,178
425,88,158,147
430,62,149,169
435,80,145,150
441,73,143,163
441,66,147,167
454,83,126,155
447,61,139,171
451,58,138,174
446,57,137,173
445,54,139,180
448,56,130,175
450,55,127,177
449,55,127,181
454,54,123,172
446,55,120,180
443,54,122,190
446,51,119,178
445,55,122,177
446,55,118,171
447,57,121,175
451,55,112,179
443,54,122,194
444,55,120,184
436,56,130,187
444,55,123,192
440,57,127,187
439,58,132,190
437,51,131,199
444,53,123,198
434,55,133,197
441,50,127,198
437,50,127,196
436,54,126,199
435,55,119,200
434,56,110,196
431,54,110,196
424,53,115,194
428,57,109,191
424,53,101,190
422,58,100,191
421,54,99,187
419,53,96,193
421,55,89,183
414,53,93,186
415,46,90,202
409,47,90,195
403,42,96,187
396,49,94,182
386,51,101,179
372,54,122,207
373,47,135,215
356,88,164,212
360,60,175,261
352,44,194,312
363,46,151,299
365,47,133,310
360,61,181,296
319,37,206,314
310,27,252,323
281,20,227,321
302,32,206,323
304,39,190,314
308,26,180,330
299,28,161,317
305,26,152,320
301,31,145,316
303,21,134,328
295,23,142,322
272,16,162,344
299,11,159,339
289,7,185,341
288,4,202,342
269,8,228,337
262,11,248,325
244,-1,279,332
241,27,254,318
242,12,250,322
258,-1,274,331
251,6,289,338
251,22,294,329
265,23,262,337
282,42,272,309
260,44,304,301
245,50,323,301
277,49,277,299
314,50,244,305
338,49,223,310
347,30,227,333
358,46,203,298
370,45,200,323
367,34,213,324
375,31,207,321
385,53,193,300
391,48,186,309
395,53,181,302
402,45,182,311
391,48,195,309
403,38,182,320
403,38,187,322
404,38,198,319
407,51,202,313
366,30,234,325
360,60,263,304
377,50,245,302
376,53,240,298
397,58,218,309
421,47,207,308
407,51,219,306
422,46,210,306
425,45,205,314
415,52,213,306
426,72,207,286
415,54,226,302
417,57,214,303
398,61,239,300
418,51,210,303
413,50,221,306
421,53,204,291
418,63,215,291
388,60,236,292
379,59,245,291
381,59,242,291
386,56,232,295
394,58,223,295
399,52,218,304
403,56,214,294
401,56,213,298
403,58,207,298
396,62,224,297
399,65,211,299
410,58,196,299
396,68,209,287
407,61,197,294
402,54,215,302
405,67,215,302
409,61,200,297
419,63,194,298
414,65,190,285
424,65,173,290
413,57,180,294
408,59,185,294
409,67,186,285
402,64,191,290
396,75,195,286
393,66,202,281
388,60,204,285
380,71,210,276
386,70,198,280
386,76,207,287
395,62,207,286
396,71,197,280
403,72,189,293
412,62,182,286
415,61,191,297
412,67,208,283
414,62,207,293
420,66,198,287
419,55,206,303
415,36,211,316
418,48,202,299
422,68,204,286
421,73,201,281
427,71,196,283
435,77,193,277
439,74,189,274
444,85,178,272
455,84,178,275
455,88,179,267
466,90,169,271
455,91,169,261
457,92,178,265
469,86,167,268
474,85,162,263
479,92,154,257
481,86,152,262
475,88,161,266
480,85,157,263
476,77,153,276
486,75,145,274
490,80,148,271
490,81,139,271
496,85,134,267
494,86,132,266
496,80,135,269
498,84,132,262
501,86,127,265
493,84,128,274
496,78,129,275
494,87,131,265
490,77,139,276
499,87,121,268
500,84,125,275
496,80,130,271
489,81,143,270
485,79,144,278
486,86,144,267
488,92,140,262
486,79,138,274
472,91,162,268
482,88,136,263
474,83,144,276
469,84,157,276
473,82,149,275
465,78,159,283
460,78,162,277
459,74,152,274
465,78,145,275
469,69,135,275
463,71,132,279
465,65,124,270
459,74,136,282
461,71,149,282
463,71,119,279
459,62,110,282
458,72,119,282
450,70,132,282
456,66,120,283
455,67,120,288
451,72,139,282
453,68,130,293
455,67,122,285
451,69,122,280
451,68,122,287
452,65,115,282
451,65,118,287
449,67,108,283
453,61,102,288
456,65,95,289
455,67,95,276
451,68,104,283
449,64,104,280
451,70,102,282
450,64,102,285
450,66,98,278
451,63,106,280
450,67,97,288
451,61,104,282
451,66,94,283
450,61,97,287
448,65,99,286
449,64,97,289
449,65,104,283
446,57,95,287
447,55,104,298
446,62,105,285
446,55,103,288
441,63,112,286
441,53,112,297
445,58,114,285
439,64,121,280
436,57,119,270
433,55,128,291
435,61,126,285
434,55,125,279
432,54,123,277
429,52,129,295
427,52,134,291
426,57,140,291
423,50,140,300
426,48,140,302
431,51,118,293
431,60,121,298
427,57,126,293
424,56,133,292
424,50,125,301
426,54,131,295
423,57,129,290
428,51,120,297
420,52,127,296
420,58,132,295
419,52,126,292
416,55,128,292
417,50,133,298
415,51,121,292
417,58,126,292
418,52,117,305
412,45,128,312
407,42,136,301
405,56,136,301
404,56,148,294
407,55,130,300
408,52,125,302
403,49,134,308
407,49,131,305
405,47,144,306
402,48,151,314
408,42,133,309
412,47,126,308
409,47,136,311
412,35,144,310
409,48,142,303
409,47,134,303
406,41,155,315
414,40,156,315
423,40,131,314
424,45,145,307
424,32,144,318
428,34,139,316
424,35,140,320
427,35,135,318
426,36,135,320
434,34,131,315
438,42,129,316
445,35,126,318
446,34,132,316
442,44,136,307
445,43,127,308
443,40,131,313
447,38,124,307
444,40,130,297
443,47,124,292
445,51,135,304
443,50,134,301
449,48,128,284
449,47,127,283
450,47,128,265
453,52,126,243
454,51,130,240
458,53,119,242
454,50,120,240
447,55,130,253
447,58,128,242
446,61,133,224
449,60,125,218
453,63,124,232
454,66,118,231
457,69,117,226
454,77,119,216
459,72,113,214
450,77,123,213
451,80,119,213
441,78,133,211
442,75,128,216
446,82,123,204
450,89,113,195
450,92,113,195
444,82,118,204
449,77,112,210
441,75,122,207
436,84,125,195
427,85,149,186
427,75,146,192
426,82,145,177
436,86,144,166
435,77,150,162
439,92,140,146
443,100,137,135
438,100,143,138
436,90,148,148
434,95,149,145
446,102,123,163
436,79,125,180
427,67,145,185
400,83,156,220
398,65,161,257
398,57,156,295
393,57,173,302
394,56,150,294
396,50,156,301
389,49,160,310
390,51,146,310
384,52,156,310
387,53,139,311
384,53,142,301
389,63,127,294
387,65,124,293
380,59,127,298
380,45,128,313
370,52,138,300
361,45,153,309
360,47,155,303
353,40,162,289
350,42,165,263
341,41,172,248
334,46,177,247
325,38,191,268
330,38,182,284
330,40,183,280
329,39,183,289
330,40,183,246
333,39,172,240
331,42,163,244
325,38,166,254
330,41,148,267
324,38,149,253
322,45,135,249
324,45,133,250
317,45,138,256
318,43,135,251
315,42,135,262
317,43,133,260
311,38,138,262
309,39,142,263
311,36,136,269
299,43,151,271
298,40,153,276
294,40,144,289
295,44,141,278
292,47,140,287
275,46,143,319
275,48,173,300
262,46,178,288
267,44,176,295
270,45,169,299
270,49,184,298
254,47,187,297
265,39,192,311
239,46,209,301
259,42,198,301
245,46,205,301
257,45,206,300
256,53,201,288
243,46,215,293
241,46,222,292
253,51,223,287
249,50,217,295
229,44,244,305
242,49,230,305
246,48,232,306
227,47,242,310
220,46,264,311
220,51,263,301
225,55,263,295
229,77,259,268
278,57,241,284
297,49,242,306
201,62,250,295
377,42,243,313
190,67,260,294
344,33,265,318
371,44,265,311
289,43,269,305
349,42,288,308
361,42,274,319
376,43,255,318
357,27,265,330
375,29,238,330
346,42,208,299
358,42,139,301
381,45,104,300
392,48,97,301
389,44,100,303
385,44,108,304
384,45,106,299
385,47,112,300
385,45,104,301
383,44,108,306
382,45,107,307
386,45,104,298
388,43,103,307
386,50,112,299
386,44,108,299
385,41,106,312
381,43,113,307
377,36,121,321
381,36,120,318
375,37,130,317
368,32,135,317
371,34,136,318
372,30,137,315
375,30,135,322
372,30,132,317
370,29,136,320
366,32,142,319
363,31,143,297
361,31,148,295
367,33,146,262
358,25,145,275
361,27,139,299
353,29,145,303
355,30,139,297
340,28,150,267
344,30,147,254
354,25,129,267
346,22,133,279
340,22,135,286
338,20,133,305
331,18,141,326
322,12,142,324
320,14,144,321
324,13,139,308
324,15,132,301
319,12,141,297
311,19,148,297
317,19,146,304
307,8,150,313
313,15,153,295
304,15,157,312
308,15,153,328
309,14,148,327
313,14,151,309
314,15,154,321
308,10,163,322
312,10,157,309
310,13,163,315
313,13,164,300
321,13,166,300
325,12,158,300
321,12,166,306
327,10,166,296
326,21,177,291
325,19,180,296
329,18,176,294
330,12,179,316
330,9,183,319
333,9,188,315
334,13,183,305
333,15,184,303
334,4,182,313
342,14,192,319
331,8,199,331
337,5,203,319
332,16,203,318
337,9,221,327
347,17,202,328
339,15,204,321
345,15,208,322
334,12,220,330
349,16,196,318
351,12,205,321
337,20,225,320
341,11,209,328
351,11,210,330
343,12,211,328
351,22,200,327
341,23,211,315
346,20,206,324
345,23,207,314
344,21,205,316
337,20,215,319
345,20,202,316
344,20,207,319
345,17,202,321
