300,209,43,74
297,208,42,73
299,206,43,76
301,204,42,78
302,203,46,77
302,203,50,78
304,202,57,78
309,204,56,78
315,203,56,78
322,205,54,73
330,201,50,76
340,201,45,75
345,200,47,83
355,198,45,81
365,197,43,81
371,196,47,78
380,193,46,81
388,190,44,83
395,184,44,86
401,179,49,89
405,175,53,92
411,172,56,88
414,167,57,88
418,164,58,87
421,164,57,85
426,161,55,83
430,157,53,81
430,156,56,83
431,155,54,82
431,152,57,84
429,154,58,81
429,155,59,80
428,156,56,80
429,160,55,78
433,163,47,75
431,169,46,72
432,167,46,74
430,173,46,69
428,173,51,71
426,175,55,68
423,171,60,70
428,171,56,73
429,173,51,73
432,172,50,70
438,173,43,72
440,174,43,67
442,175,45,67
446,176,46,65
444,176,51,66
448,178,52,67
451,177,55,69
456,179,52,71
459,180,55,72
465,178,50,73
470,180,50,71
475,180,51,75
478,183,54,71
478,184,55,73
481,188,58,69
481,189,61,66
480,190,60,66
480,188,56,68
482,189,59,68
482,183,53,69
481,185,52,73
479,187,48,70
475,185,45,69
471,185,46,70
464,187,48,63
460,189,42,62
453,187,39,61
448,189,37,61
442,192,36,60
435,193,33,62
426,196,36,58
420,198,34,57
416,201,33,54
411,203,34,53
403,207,38,52
397,211,38,51
394,213,39,48
395,214,41,47
393,212,39,47
396,215,37,45
398,212,39,45
401,214,40,44
404,216,41,45
408,216,41,46
415,219,40,46
418,223,45,44
424,224,47,43
434,226,47,48
445,227,43,48
454,231,47,48
466,232,45,52
478,235,40,57
489,239,40,55
501,240,41,55
516,241,39,50
526,239,39,56
536,239,38,56
546,241,37,54
555,240,36,60
560,239,36,62
564,239,37,62
566,240,40,62
567,241,41,63
563,242,41,67
559,244,40,67
551,244,41,67
541,248,40,66
534,251,35,64
522,249,35,64
505,251,39,63
492,257,37,59
479,258,39,59
465,261,40,58
454,267,39,55
441,268,38,54
432,266,37,54
422,266,35,52
415,265,35,50
411,261,30,50
407,257,29,49
402,255,27,44
401,251,27,46
400,247,27,45
400,243,26,43
400,241,27,45
404,240,37,45
403,237,42,46
405,237,41,46
407,237,40,46
409,238,37,47
411,238,39,49
414,240,36,47
415,240,38,48
415,241,40,48
417,243,41,47
418,242,36,49
422,244,45,47
423,242,43,48
430,242,33,50
436,241,32,49
440,240,31,48
445,239,31,52
451,239,32,51
456,236,29,50
460,234,30,52
464,232,32,51
468,231,31,49
472,227,30,51
475,224,33,51
478,225,31,49
480,223,31,49
481,220,31,52
480,221,32,50
479,220,33,49
476,220,34,50
473,218,39,51
470,219,40,52
466,222,48,50
464,223,48,49
460,223,47,49
456,224,47,46
452,224,45,45
449,224,45,46
448,223,43,48
445,223,46,48
444,223,47,47
442,224,50,46
442,223,50,47
442,222,53,47
443,223,50,47
444,223,50,47
446,221,48,48
450,223,47,48
452,222,46,45
454,223,45,45
455,222,46,47
456,222,46,47
459,222,45,46
461,222,44,46
461,220,43,48
461,220,45,49
462,222,44,48
464,221,43,47
465,221,43,48
465,220,44,49
466,221,43,50
467,221,42,48
468,221,41,50
467,219,42,51
466,220,43,51
466,219,44,51
465,221,43,50
464,220,43,49
463,219,44,49
462,219,44,49
460,220,44,48
460,221,44,48
458,221,43,48
458,222,45,47
457,223,44,47
455,225,44,45
454,225,46,45
454,226,45,45
454,225,45,45
452,226,47,45
453,224,45,45
453,225,46,46
453,225,46,44
453,226,46,45
453,226,45,45
453,225,46,45
453,225,45,45
454,226,46,45
455,225,45,46
456,225,45,45
458,225,43,46
458,225,45,45
460,225,43,45
460,226,43,45
461,224,42,48
463,225,42,47
463,225,42,49
464,225,41,47
465,225,40,49
465,225,41,48
465,225,41,48
464,225,41,48
463,224,42,48
463,221,39,50
461,222,40,48
456,220,43,49
453,219,44,50
450,218,44,49
445,217,46,48
439,215,49,50
433,213,52,51
425,210,53,53
417,207,56,56
415,209,51,53
409,206,53,54
401,204,55,57
395,204,54,57
388,207,54,51
377,208,48,46
376,205,41,47
372,210,39,41
369,210,39,39
366,209,39,40
362,207,41,42
361,206,42,42
360,204,41,45
361,204,42,42
363,202,41,42
364,203,44,41
368,203,41,42
371,203,40,43
375,202,40,45
382,201,40,45
385,203,41,46
393,202,40,46
399,203,41,48
408,203,39,47
415,203,37,49
419,201,39,51
428,203,38,50
436,202,36,49
443,202,34,50
450,200,33,53
454,202,33,50
457,199,34,53
460,201,35,54
464,203,34,54
463,202,33,56
462,200,31,56
459,205,34,57
456,205,33,56
451,209,34,55
445,212,35,53
436,214,39,53
428,216,37,57
418,219,39,55
415,222,35,52
400,225,39,51
390,225,41,50
381,224,42,51
372,221,41,52
365,221,40,50
356,220,43,47
351,217,42,46
347,214,41,45
341,211,42,44
337,208,42,42
334,206,43,42
334,202,42,44
335,199,41,43
336,199,41,43
337,198,42,40
341,198,41,42
345,196,41,43
350,197,39,42
355,198,41,42
356,198,39,42
363,198,39,45
362,197,41,46
371,200,39,46
379,200,38,47
386,201,42,49
398,202,39,50
411,202,37,51
418,201,39,51
429,205,38,51
441,205,37,50
452,201,38,55
462,200,38,55
472,195,37,56
479,195,37,58
485,193,35,61
490,193,35,59
493,192,35,62
495,190,39,61
494,192,36,58
490,193,37,59
487,193,35,62
481,195,37,60
472,198,41,59
462,202,36,57
450,205,38,57
439,210,36,57
426,211,40,57
416,214,38,56
402,215,41,52
390,218,41,50
378,215,40,49
370,217,39,45
358,214,43,45
349,214,43,43
345,211,40,43
336,207,42,43
333,206,41,40
327,202,41,42
324,199,43,39
325,196,40,41
325,195,40,39
326,193,39,40
327,192,40,42
329,193,40,41
333,194,41,41
339,196,39,41
344,198,39,43
351,200,39,43
359,202,38,44
366,204,41,45
377,206,37,47
386,206,42,49
398,206,41,51
415,205,38,56
421,204,42,58
436,205,42,55
450,202,43,56
465,200,37,55
476,194,38,57
485,190,38,59
495,186,37,60
503,183,39,60
508,179,40,65
513,177,40,65
516,176,43,66
513,176,42,64
511,175,41,63
506,181,41,62
498,183,39,64
488,187,39,62
478,191,42,62
465,196,46,60
451,203,46,60
436,204,46,58
419,205,48,59
415,206,40,56
397,207,45,55
385,207,44,51
376,205,42,49
365,203,44,47
356,201,47,45
352,196,43,45
345,194,43,40
342,188,43,41
340,184,42,39
339,180,42,37
341,176,42,38
342,172,42,38
344,170,41,38
347,168,42,38
351,167,42,39
355,167,42,41
363,168,41,42
367,171,43,42
375,171,43,45
384,175,42,44
392,177,42,46
400,178,43,49
412,179,41,48
420,174,45,51
431,177,44,53
442,177,44,54
453,177,45,54
464,174,44,56
476,175,44,60
488,178,42,61
496,181,46,62
508,180,41,62
512,183,44,66
518,182,45,67
522,181,41,67
524,182,44,69
524,183,41,67
519,182,45,68
516,185,43,69
510,186,48,69
499,185,51,67
489,187,56,66
480,186,55,69
467,182,59,70
465,185,60,67
457,183,59,68
455,186,57,66
447,186,53,66
434,189,57,63
427,189,52,65
417,191,54,62
413,194,49,58
403,194,52,55
398,196,52,56
394,195,49,55
392,196,47,54
391,198,46,52
390,198,44,52
391,197,43,49
391,201,40,47
392,198,43,46
393,200,42,45
396,199,40,43
399,197,37,42
400,196,39,44
406,193,37,45
406,195,35,44
409,194,35,44
412,195,36,44
413,197,36,43
415,198,38,45
417,200,40,45
417,202,41,46
419,205,41,50
423,205,40,54
423,209,41,54
425,211,41,56
426,214,41,59
427,213,41,60
427,214,46,62
427,217,47,65
426,216,49,70
425,215,49,72
424,217,49,70
424,214,52,70
424,211,48,73
420,208,49,72
420,205,50,74
415,205,52,74
416,205,47,73
415,206,46,77
413,211,46,73
411,216,47,71
408,221,50,68
407,227,47,68
405,233,46,66
405,234,43,66
404,235,42,66
405,238,41,65
405,238,39,59
406,240,40,57
406,238,36,57
410,238,34,56
412,238,30,50
412,236,33,51
413,234,31,51
414,233,33,46
415,230,31,45
418,228,30,42
418,227,29,39
419,223,32,42
418,223,30,40
419,221,31,42
421,221,32,43
419,223,32,42
421,224,33,44
421,227,29,44
423,227,32,47
423,229,30,48
419,233,34,51
418,235,34,54
418,236,33,57
416,237,34,61
415,240,37,58
414,239,38,62
416,234,39,65
413,235,39,68
415,232,36,64
409,232,39,65
411,225,41,68
408,222,44,65
408,216,41,68
407,211,39,71
407,207,42,72
404,205,41,69
405,203,42,69
405,203,40,70
403,200,42,74
405,204,38,71
403,207,42,68
403,209,43,65
401,211,44,68
404,212,37,69
407,212,39,68
405,216,41,70
409,216,35,70
410,218,40,64
411,218,38,65
412,216,37,64
416,217,37,61
418,213,36,60
419,213,37,56
422,213,38,56
423,212,39,53
427,210,37,51
430,207,36,52
432,207,37,52
434,205,38,51
435,207,39,52
436,208,39,50
438,207,39,51
439,207,41,51
439,207,40,53
440,207,42,52
440,209,41,53
441,205,42,54
440,207,40,56
441,206,40,58
438,208,43,59
436,207,46,60
434,210,46,59
433,207,45,62
431,206,46,65
429,207,45,62
426,206,45,63
423,206,45,63
420,202,45,64
416,201,46,62
414,198,44,62
416,195,42,63
411,195,41,66
411,194,41,65
407,192,43,68
407,192,45,65
405,193,43,66
406,197,43,64
407,196,40,65
407,199,43,63
409,199,42,65
411,201,40,63
411,201,43,64
413,205,43,61
416,205,43,62
418,204,44,62
417,204,47,62
422,202,46,63
425,204,45,59
426,202,48,56
430,204,45,57
429,203,47,57
432,203,48,54
434,203,47,55
436,204,46,57
436,202,46,54
435,202,47,59
440,200,41,61
441,202,42,58
439,201,43,57
440,201,45,57
437,199,46,59
440,199,45,59
439,198,46,59
436,197,48,59
437,195,48,59
435,195,47,59
435,193,48,60
433,191,48,63
430,190,49,62
429,190,48,62
426,189,50,63
424,189,48,61
422,187,48,62
421,185,46,63
419,184,46,62
418,183,46,61
415,179,45,63
414,174,44,66
411,172,45,61
409,170,46,63
407,169,45,62
406,166,44,62
406,166,42,60
406,167,42,58
405,166,39,60
404,168,40,56
403,166,38,59
406,168,39,56
406,169,38,56
406,171,37,54
407,170,39,52
410,172,35,53
412,170,36,53
416,170,38,54
417,172,37,52
419,174,39,49
422,173,38,53
424,173,39,53
428,174,40,53
430,174,41,53
433,175,40,55
436,177,42,52
438,175,44,55
440,177,44,55
443,178,44,57
443,178,46,58
444,179,49,58
444,179,49,60
445,179,49,61
443,178,49,64
442,180,49,64
444,181,47,65
442,182,46,64
440,179,49,68
437,180,50,65
436,177,46,66
434,176,48,66
431,174,48,65
431,169,48,64
428,169,46,64
429,165,45,63
426,162,45,64
429,159,42,65
428,162,40,65
427,161,43,65
427,163,45,61
429,158,45,65
433,158,42,65
436,159,43,62
440,159,42,61
444,159,41,60
448,160,42,60
453,162,41,59
456,164,41,59
461,165,41,59
465,168,44,59
470,168,45,60
475,170,46,59
474,170,45,60
479,171,47,59
480,170,45,62
485,172,47,60
486,171,45,60
491,171,45,60
496,171,46,57
500,171,46,58
502,171,49,58
505,170,50,61
509,171,48,60
510,172,51,62
512,176,51,62
513,177,52,63
512,183,52,63
514,185,50,65
513,189,51,63
508,191,54,64
503,193,56,65
499,192,56,65
495,190,54,65
491,188,53,63
487,184,50,67
479,181,49,66
472,178,48,67
466,177,45,67
460,171,44,66
454,167,45,67
450,163,40,67
444,162,41,65
438,159,43,64
435,157,42,64
431,158,41,63
429,159,36,63
429,161,35,64
429,163,36,62
427,164,39,62
430,166,38,62
431,168,37,63
434,167,39,63
436,170,40,58
440,170,39,61
446,170,39,61
449,171,40,60
453,171,39,59
458,172,41,61
462,174,40,60
464,176,44,58
467,176,46,59
471,179,44,60
476,181,41,57
477,183,43,59
479,186,44,57
482,187,43,59
481,190,47,58
480,193,48,59
481,193,46,60
482,196,48,59
480,197,45,60
478,198,45,60
476,196,45,61
476,197,43,63
474,200,43,59
470,198,45,62
468,197,44,64
466,194,44,64
463,194,45,64
459,190,44,66
456,186,43,67
454,188,42,65
452,185,41,65
448,182,41,67
444,181,42,69
443,182,40,68
440,181,42,67
439,180,41,68
436,180,42,68
436,179,42,65
435,179,42,65
435,179,41,65
434,180,40,67
435,179,42,65
436,181,42,64
437,180,40,64
437,183,42,64
438,182,42,65
437,187,41,63
439,187,41,63
440,191,41,64
441,193,41,63
442,196,40,63
442,203,44,60
441,204,42,63
442,210,45,60
442,215,43,59
441,217,43,61
440,221,43,60
439,226,42,60
440,229,40,60
437,230,39,61
436,233,38,58
434,235,37,58
432,233,38,60
431,235,36,57
427,235,37,60
427,234,36,58
427,234,36,58
425,236,36,57
425,233,34,62
424,234,36,59
424,234,34,58
425,234,34,59
426,233,33,60
426,234,37,53
427,232,45,59
426,231,49,59
428,231,44,54
432,229,44,53
430,227,46,56
431,227,46,54
430,226,48,55
430,227,50,55
429,225,52,59
429,224,52,59
430,223,51,62
430,224,51,60
431,224,46,58
431,222,45,58
430,222,34,54
432,220,33,54
430,218,33,56
431,215,35,57
430,216,34,54
430,215,32,57
432,215,33,56
429,212,34,55
429,213,33,57
428,211,32,57
426,211,31,59
425,212,33,56
424,212,32,58
422,213,34,56
422,212,33,59
418,212,32,61
419,211,36,60
415,212,36,61
410,213,37,61
410,216,33,60
411,212,36,59
408,214,36,60
405,215,31,60
402,215,32,59
397,215,34,60
392,216,34,58
390,217,35,58
385,216,35,59
382,216,35,58
376,215,37,60
372,215,37,57
366,215,41,60
362,214,41,56
359,215,41,59
357,214,41,57
354,214,43,57
354,214,41,55
352,217,45,55
352,216,46,52
353,218,48,49
357,217,48,50
360,215,45,53
367,214,44,53
371,215,47,54
380,215,43,53
384,216,47,53
395,218,44,54
407,219,41,55
413,218,43,54
424,218,43,55
435,218,41,54
447,219,42,56
460,218,38,58
471,215,38,60
481,214,39,60
490,211,38,63
495,211,40,61
503,207,36,65
508,209,40,62
512,208,40,63
515,209,38,61
512,205,39,64
508,207,39,65
504,210,39,65
497,212,40,64
488,214,41,64
481,215,41,67
468,224,44,63
453,226,47,63
439,229,49,62
423,233,50,61
411,238,48,58
404,239,41,57
385,240,45,55
372,241,42,52
359,239,44,50
348,239,46,44
339,237,46,42
332,233,44,43
324,231,44,41
320,226,42,40
315,222,46,40
311,218,48,41
312,214,49,42
314,210,46,41
317,207,47,40
318,205,48,39
323,203,49,41
331,203,46,42
339,202,45,43
347,204,44,43
357,205,42,46
365,206,43,48
376,207,44,51
388,210,44,51
402,211,44,55
411,211,46,56
425,215,45,56
439,217,51,60
458,214,43,61
473,214,44,64
485,212,41,62
500,212,41,64
512,208,43,64
524,203,42,65
532,203,42,63
537,198,43,67
538,197,45,68
539,197,47,67
535,197,46,69
532,199,45,66
528,199,42,69
517,202,42,67
505,205,42,68
491,210,48,65
480,212,44,64
466,213,45,65
460,217,44,65
449,217,49,64
444,217,46,64
428,222,46,64
414,219,43,62
403,221,41,61
390,220,41,57
378,217,40,57
369,217,37,51
361,214,36,51
353,213,37,46
345,209,40,46
342,206,38,47
338,205,38,46
335,200,39,46
336,199,38,43
339,199,36,43
343,198,35,41
346,197,33,42
350,198,34,42
357,199,33,43
363,200,34,45
371,202,34,48
382,204,33,49
394,206,33,52
407,210,31,53
416,217,35,49
429,217,38,54
446,220,37,55
458,224,40,53
474,222,41,57
486,221,41,58
499,219,43,59
512,213,45,61
525,209,44,62
535,204,44,65
540,203,49,66
542,200,55,65
546,195,57,68
546,195,58,65
543,191,59,67
539,192,56,70
534,191,54,73
526,195,52,71
513,196,54,72
499,200,52,70
481,203,53,68
466,207,56,70
452,215,46,66
435,215,45,65
419,215,42,67
406,218,37,66
390,218,36,61
378,217,30,57
366,213,30,55
356,211,29,54
347,205,29,52
338,202,31,50
334,197,31,50
328,194,30,50
327,191,29,49
327,187,27,47
328,183,28,47
328,179,27,47
331,178,24,47
333,177,26,48
338,179,24,47
343,181,25,47
348,185,25,47
355,187,25,51
361,191,28,51
369,195,29,52
377,200,30,51
389,204,33,55
401,211,34,53
411,213,38,57
422,216,42,58
436,218,47,60
450,217,48,61
464,219,53,61
474,218,57,60
486,218,62,58
500,214,60,59
509,209,63,64
516,205,63,66
522,201,66,68
524,200,64,67
526,201,68,68
521,200,69,68
523,202,64,66
514,203,68,66
509,205,65,68
499,207,61,68
485,211,61,67
470,216,58,68
459,219,61,65
444,223,57,64
430,223,53,62
417,222,45,64
407,223,41,60
388,221,41,58
376,218,34,55
366,216,32,53
357,212,29,50
346,208,30,51
340,204,28,48
335,197,29,52
329,193,30,51
328,189,28,51
326,186,29,48
328,183,27,48
329,178,27,49
331,175,27,49
334,173,29,50
338,173,29,49
344,175,29,48
349,175,29,50
355,178,31,50
363,182,33,51
370,182,35,55
379,185,36,55
380,186,40,56
388,187,40,55
390,187,42,56
401,187,45,59
414,186,45,60
422,186,52,59
431,183,59,63
443,182,61,64
454,178,66,64
465,174,66,66
475,170,68,67
484,166,72,69
491,161,72,71
497,158,76,71
496,154,79,70
500,152,84,71
499,149,82,71
496,146,80,69
488,141,81,73
483,140,76,71
477,139,73,73
466,135,68,77
454,133,66,76
442,128,62,73
429,126,61,72
420,123,54,74
408,120,53,67
396,117,50,66
388,111,43,66
379,109,42,65
370,107,40,64
365,104,37,61
360,102,36,58
354,100,33,57
351,97,31,58
350,95,32,57
349,98,33,57
348,97,31,55
347,102,31,55
349,105,33,53
350,110,32,50
352,114,31,49
358,118,29,50
363,121,28,48
367,125,30,48
372,130,29,48
377,136,30,48
384,140,26,46
390,146,28,46
397,150,26,45
402,155,28,42
407,160,28,39
414,163,28,36
419,167,29,33
425,172,29,31
430,178,29,26
436,180,25,24
441,188,25,18
441,188,25,18
441,188,25,18
441,188,25,18
441,188,25,18
441,188,25,18
441,188,25,18
441,188,25,18
441,188,25,18
441,188,25,18
441,188,25,18
441,188,25,18
441,188,25,18
441,188,25,18
441,188,25,18
441,188,25,18
441,188,25,18
441,188,25,18
441,188,25,18
441,188,25,18
441,188,25,18
441,188,25,18
441,188,25,18
441,188,25,18
441,188,25,18
441,188,25,18
441,188,25,18
441,188,25,18
441,188,25,18
431,188,23,16
431,185,24,17
431,178,25,24
432,172,28,29
433,166,28,34
433,159,29,41
437,152,28,42
438,149,30,43
440,144,29,43
443,140,27,45
445,138,27,43
447,136,27,45
446,133,29,47
447,133,29,47
449,131,30,49
447,130,30,50
448,129,31,51
447,128,32,53
447,126,34,53
445,123,36,54
444,121,37,54
443,120,40,54
442,117,40,55
439,115,43,52
440,110,43,52
439,109,43,54
438,106,46,53
436,106,47,56
437,106,47,56
435,111,49,55
436,116,49,54
436,123,51,56
437,128,51,60
439,130,51,65
442,133,50,64
442,133,50,66
445,133,46,67
445,136,47,65
447,134,48,61
449,138,48,62
448,140,50,61
451,143,48,63
453,146,51,64
454,149,46,63
454,153,42,65
456,159,41,61
454,161,39,62
454,165,40,60
451,170,42,58
449,174,39,57
447,176,39,58
443,176,39,57
440,180,36,54
434,179,35,51
429,178,35,52
420,175,36,51
410,171,40,52
404,173,39,50
393,172,43,51
385,170,43,51
379,171,40,48
369,173,40,48
361,170,40,48
353,171,39,50
345,168,41,51
338,167,41,49
330,166,44,46
324,164,46,44
316,160,50,46
313,156,50,46
309,152,51,47
308,146,51,50
309,144,51,51
311,141,52,52
312,138,55,51
315,138,54,48
319,138,57,50
327,138,57,51
333,139,60,54
342,139,62,58
357,141,53,59
368,138,56,62
384,142,53,66
397,142,52,70
411,143,53,71
426,144,54,72
438,146,58,70
455,149,53,70
469,151,52,73
482,157,52,73
493,159,52,74
503,159,45,76
509,166,45,74
512,166,46,74
516,168,46,72
514,172,44,73
511,174,47,71
506,173,48,71
502,177,47,67
492,180,47,64
485,183,41,64
474,183,44,65
461,184,47,61
449,184,47,63
432,187,54,59
419,185,58,60
408,186,56,54
400,187,52,53
392,189,46,49
383,186,47,52
376,185,46,52
368,183,47,50
362,184,46,49
356,183,48,47
352,185,49,44
350,184,50,41
348,185,51,43
350,186,51,43
352,185,49,44
355,188,47,48
360,189,47,48
366,192,47,51
371,198,50,49
379,201,53,50
388,207,54,51
403,212,51,51
409,215,55,56
424,217,55,62
442,220,53,64
460,222,51,66
476,226,51,65
494,224,56,68
518,224,53,69
536,221,52,72
550,219,51,70
566,221,48,70
577,217,49,76
586,214,50,75
591,212,49,80
596,209,41,79
597,207,41,81
593,209,46,77
590,209,47,79
584,213,46,81
571,213,48,74
557,219,48,69
545,220,43,72
532,227,38,68
506,229,48,67
489,231,48,70
471,231,52,69
451,234,56,66
432,236,60,62
415,235,54,61
408,236,47,59
393,235,44,58
380,232,41,54
378,232,41,51
368,229,43,52
366,229,43,49
357,225,45,48
350,221,43,48
342,217,44,43
337,216,45,38
333,212,43,39
330,210,43,39
327,207,43,39
328,204,42,40
330,204,40,39
330,204,41,39
331,206,42,37
336,208,42,37
340,209,41,38
346,210,42,39
354,213,40,41
362,214,38,46
371,216,37,49
382,221,39,49
393,225,41,50
408,225,41,52
422,225,37,56
434,226,41,61
451,224,42,62
464,224,43,61
478,224,42,63
491,219,40,62
503,216,41,61
517,208,41,64
528,205,40,66
536,198,42,70
540,196,45,70
547,194,44,68
546,195,46,68
545,194,48,71
541,194,47,69
535,193,48,67
525,190,43,67
514,187,43,67
500,182,42,68
486,182,44,67
471,182,47,64
457,185,48,64
443,184,46,61
430,186,45,65
417,185,42,60
408,190,39,58
396,192,41,56
388,193,40,52
380,193,41,49
376,193,39,48
369,190,41,48
368,186,39,48
367,187,37,45
366,186,38,44
367,185,36,44
368,186,36,44
372,187,35,43
373,186,36,46
377,188,34,46
381,190,35,48
387,193,39,49
394,196,45,54
399,199,53,54
404,200,58,55
409,201,60,55
417,203,60,56
424,205,64,55
431,206,63,56
438,205,60,58
443,205,57,59
447,204,44,57
452,202,40,54
457,201,37,55
459,199,35,56
462,196,33,58
462,198,35,55
464,197,35,55
463,197,32,58
462,198,34,57
458,202,36,55
457,201,34,59
454,203,34,56
452,201,35,57
448,203,35,54
445,202,35,56
444,202,35,55
440,203,35,54
437,201,43,59
434,204,50,57
430,203,54,56
426,203,54,51
426,203,50,51
425,202,49,51
423,200,48,53
424,196,46,51
424,196,45,56
424,196,44,51
424,196,48,51
424,195,47,52
425,195,48,50
425,195,49,50
425,190,50,54
428,194,44,51
430,191,45,54
431,189,47,55
432,190,49,56
435,190,47,53
436,190,49,55
437,189,49,56
438,191,51,54
440,191,51,55
442,189,50,56
445,189,47,56
446,186,46,58
446,187,47,57
446,185,45,57
447,183,45,54
447,180,46,55
446,182,47,54
447,180,48,55
447,177,38,53
446,177,41,55
446,176,43,56
445,175,47,56
444,175,40,56
442,174,44,58
440,174,41,55
437,176,36,52
435,175,35,54
432,176,34,52
429,176,34,51
427,177,35,50
425,176,35,53
424,174,34,50
422,174,33,50
419,173,33,50
419,169,34,51
416,168,35,50
414,168,36,50
414,166,36,51
415,169,35,46
415,170,34,46
414,170,35,46
416,171,35,46
416,171,36,48
417,172,38,49
419,172,37,50
420,173,38,49
422,173,42,53
424,173,43,56
426,172,43,53
427,172,44,55
429,169,40,52
429,167,41,53
429,170,38,49
429,168,41,50
427,168,41,51
427,168,41,50
427,169,42,51
425,170,42,53
425,172,40,50
425,172,41,50
425,173,41,54
424,171,41,51
423,172,43,54
422,175,44,51
421,174,45,51
420,172,47,53
420,173,42,51
420,174,42,53
421,172,37,51
420,173,36,52
418,171,41,53
420,171,36,53
419,173,38,51
417,173,42,51
418,171,39,52
417,173,39,52
418,172,33,54
417,174,38,54
417,172,37,52
416,175,38,53
418,173,38,53
417,174,37,56
418,172,38,52
417,174,41,54
418,172,40,52
418,175,41,53
420,173,41,55
418,176,44,53
420,175,43,53
422,177,42,53
422,178,44,53
422,180,47,55
424,181,44,53
425,182,45,55
426,184,47,55
426,185,51,56
428,187,51,56
428,188,55,57
430,190,55,59
431,192,58,61
432,193,60,61
433,193,62,61
433,194,62,60
435,194,61,64
435,192,63,64
435,192,58,58
435,190,58,58
434,188,56,55
435,187,44,53
435,185,39,54
435,183,40,51
433,180,40,52
433,177,36,53
429,176,40,54
427,175,42,52
425,172,42,54
421,172,40,52
418,170,38,52
415,169,36,51
409,169,38,51
405,168,36,52
400,169,35,52
395,169,33,51
389,170,31,51
383,170,30,52
378,173,28,52
373,173,27,50
366,174,26,51
359,173,30,53
354,174,30,52
347,171,33,53
343,170,36,53
342,167,37,53
340,164,39,53
342,160,39,56
343,156,41,55
345,152,44,55
347,149,45,58
354,145,45,58
356,146,43,59
360,145,47,60
362,145,44,59
369,143,45,61
379,143,45,63
387,142,45,64
397,142,45,65
409,142,45,70
417,143,47,69
427,143,47,70
438,147,46,66
447,146,43,68
454,144,42,67
463,144,40,68
464,145,43,67
468,147,43,69
466,143,42,71
463,147,45,71
457,149,48,70
449,152,52,72
442,151,53,71
431,153,56,73
424,150,57,73
407,148,63,75
404,146,59,73
391,148,61,70
382,146,63,72
376,145,62,69
372,145,65,71
367,144,68,67
361,146,69,68
360,144,67,68
365,147,64,65
373,145,64,65
378,146,63,68
390,146,62,69
404,146,59,69
418,148,56,73
435,151,54,78
455,158,50,77
471,160,52,79
487,165,54,79
505,167,54,78
519,173,59,75
533,170,61,81
543,169,65,79
554,169,68,77
558,166,69,75
561,160,69,77
567,158,70,75
567,158,69,73
564,153,68,73
562,153,68,72
558,151,65,74
554,154,65,72
548,155,64,72
540,154,62,73
532,160,60,73
521,159,59,75
512,163,57,76
500,164,56,77
490,168,55,74
478,169,57,78
466,171,54,80
453,174,56,79
443,176,55,77
431,176,54,79
417,174,58,82
408,177,58,80
398,176,57,84
393,176,51,83
379,173,55,85
371,175,55,87
364,176,53,85
358,178,51,88
352,182,52,88
347,183,50,86
340,185,54,91
334,181,53,96
333,186,55,98
332,188,56,97
331,190,53,98
330,193,60,101
332,194,60,105
330,196,63,104
332,196,60,104
333,197,65,101
332,199,64,101
336,197,65,104
331,193,67,109
337,192,64,106
331,192,66,107
333,188,62,110
328,187,63,112
326,188,57,111
320,186,62,110
314,186,64,116
311,189,64,118
300,191,65,116
297,194,66,120
289,194,64,119
286,193,63,120
280,195,63,116
273,194,67,116
272,196,68,114
271,194,67,115
270,194,71,109
272,198,73,109
271,196,76,114
271,198,83,108
267,199,90,112
268,202,94,104
271,203,97,100
270,203,99,100
273,204,103,102
271,198,102,108
274,202,100,102
276,199,95,106
277,199,91,106
285,197,82,105
288,199,75,108
293,198,74,104
292,203,68,104
292,197,69,106
297,197,61,103
299,199,54,109
299,198,56,106
299,197,55,110
298,197,58,109
295,197,62,109
293,197,67,107
291,199,70,105
287,199,74,105
282,199,79,104
284,198,76,109
287,200,69,102
290,200,67,104
299,201,57,100
303,202,59,103
308,204,61,95
305,206,79,97
305,207,89,98
309,209,92,92
309,209,99,94
314,211,95,94
318,210,91,95
321,209,90,95
319,210,83,93
331,205,76,94
331,206,66,103
330,204,58,100
327,205,63,99
321,205,69,97
315,205,76,95
310,205,78,97
304,205,79,94
301,205,74,95
302,205,70,93
303,208,59,90
309,211,54,86
309,213,60,84
306,215,69,80
293,218,89,80
284,216,101,84
280,219,100,82
280,220,102,84
276,216,100,86
278,216,94,87
279,214,86,90
281,213,77,94
283,213,66,97
285,208,55,104
282,206,57,103
275,202,63,105
268,201,70,107
264,199,74,105
258,196,77,107
254,196,82,109
251,194,84,113
251,193,79,112
251,195,78,113
257,198,75,111
265,196,63,107
270,198,68,106
274,198,72,104
278,203,82,105
276,207,99,102
276,209,107,99
282,212,107,100
296,210,100,102
309,209,86,111
314,211,72,113
319,214,60,102
321,214,62,94
316,212,69,97
312,212,77,98
305,210,85,93
303,212,87,91
298,210,84,92
300,207,76,91
301,207,64,95
304,204,56,92
308,208,60,89
306,204,62,87
301,204,70,91
299,201,74,93
290,203,86,95
287,202,85,95
284,205,87,95
283,207,87,94
285,202,84,91
287,207,75,96
287,206,70,102
290,203,61,96
289,204,57,101
286,202,54,104
285,201,58,103
277,200,67,104
272,198,71,107
267,195,75,111
263,195,79,106
260,196,81,108
257,195,80,108
265,194,75,107
266,193,67,106
273,187,59,107
276,186,59,105
280,181,59,105
284,171,59,107
283,167,67,107
287,160,71,110
289,162,78,108
288,165,86,106
290,167,90,103
295,172,90,105
297,174,88,100
302,176,79,105
310,178,77,108
313,175,71,102
319,179,64,106
324,181,58,101
326,179,56,96
327,176,55,100
327,177,59,99
324,174,65,96
322,174,66,97
324,170,68,93
324,170,66,94
326,164,65,91
328,159,63,96
332,152,62,99
334,146,59,97
333,146,65,96
339,140,56,98
343,141,59,97
346,138,62,101
344,137,73,101
341,136,85,106
342,137,90,109
344,135,91,112
351,135,93,113
354,138,97,118
361,136,101,109
371,136,97,117
384,141,88,117
395,148,82,117
405,149,79,122
417,151,81,121
421,161,95,124
430,168,99,128
434,178,99,128
441,182,97,133
447,199,98,124
451,209,99,119
451,220,98,118
458,236,87,120
463,250,78,110
467,272,71,89
465,293,74,70
469,315,68,63
470,319,65,52
470,319,65,52
470,319,65,52
351,301,72,47
351,301,72,47
351,301,72,47
351,301,72,47
351,301,72,47
351,301,72,47
351,301,72,47
351,301,72,47
351,301,72,47
351,301,72,47
351,301,72,47
351,301,72,47
351,301,72,47
351,301,72,47
351,301,72,47
351,301,72,47
351,301,72,47
351,301,72,47
351,301,72,47
351,301,72,47
351,301,72,47
351,301,72,47
351,301,72,47
402,286,60,57
416,277,58,70
427,271,59,83
434,265,60,88
442,255,64,87
447,247,72,86
453,234,70,83
457,233,71,78
461,227,71,76
461,216,72,85
462,211,70,84
466,207,68,86
465,201,65,88
463,193,62,87
460,187,62,90
456,182,58,92
450,176,61,90
447,167,59,88
441,159,60,87
435,151,61,88
430,142,58,92
424,133,51,92
421,125,50,91
413,120,52,87
407,118,48,85
401,118,53,87
395,118,51,87
388,118,50,89
384,119,51,91
382,119,50,95
382,123,52,92
385,125,49,92
386,130,51,94
390,131,51,94
394,136,51,91
394,143,55,92
400,149,58,92
407,158,54,90
413,165,56,98
417,172,57,99
421,186,60,95
426,202,65,100
432,210,64,102
438,228,67,93
437,240,69,95
453,251,59,97
458,267,62,89
460,280,64,78
463,290,62,70
470,297,57,63
473,303,57,53
471,314,57,45
474,319,53,40
472,326,53,34
471,332,56,28
382,306,56,36
382,306,56,36
442,289,48,40
442,289,48,40
454,288,38,41
454,288,38,41
454,288,38,41
454,288,38,41
454,288,38,41
454,288,38,41
458,325,29,35
462,324,24,34
462,324,24,34
464,328,21,28
464,328,21,28
464,328,21,28
464,328,21,28
464,328,21,28
464,328,21,28
464,328,21,28
422,303,27,31
412,283,34,37
410,270,41,42
409,254,46,54
408,236,54,64
410,217,58,85
414,199,57,90
418,186,59,91
424,175,58,92
429,166,55,93
436,159,55,95
438,154,54,94
441,150,58,97
447,148,54,95
452,145,54,91
453,144,56,93
458,140,54,95
457,140,55,97
460,138,53,97
463,137,54,94
465,135,55,90
462,130,55,87
464,133,56,91
463,133,56,88
461,129,54,88
462,134,56,89
460,132,57,86
461,135,53,92
460,138,54,91
457,140,57,84
454,141,56,84
454,141,56,95
451,149,56,88
451,151,54,85
449,157,55,86
446,161,54,81
447,166,52,78
447,165,52,80
444,170,52,75
443,175,53,78
443,178,53,73
443,182,52,70
443,188,49,68
446,188,44,71
443,193,50,67
443,193,52,65
445,192,46,63
445,192,48,60
447,192,46,60
449,190,44,58
448,191,47,58
450,190,42,57
451,190,38,55
449,188,41,51
452,188,38,52
451,188,38,49
449,185,39,48
448,182,42,50
445,180,42,53
445,176,40,55
443,173,39,58
441,167,42,59
437,167,43,63
434,164,46,61
432,161,47,65
428,162,49,66
423,160,51,69
422,157,53,72
418,153,54,73
417,149,57,72
417,141,59,74
416,133,60,75
417,127,62,76
417,115,65,80
419,108,66,82
419,107,69,85
422,107,66,90
422,107,64,89
425,105,66,88
426,107,65,92
427,108,69,92
429,116,73,94
430,123,74,101
434,130,74,100
433,138,73,98
437,157,73,95
441,168,72,101
441,187,69,99
445,212,64,102
448,243,61,98
453,276,58,86
459,294,54,66
466,313,51,50
466,313,51,50
466,313,51,50
466,313,51,50
466,313,51,50
466,313,51,50
466,313,51,50
466,313,51,50
466,313,51,50
466,313,51,50
466,313,51,50
466,313,51,50
466,313,51,50
466,313,51,50
466,313,51,50
466,313,51,50
466,313,51,50
434,316,49,39
432,306,46,44
428,292,51,51
421,276,57,60
412,260,65,68
406,244,66,71
405,223,64,74
406,210,61,76
409,189,59,83
406,178,62,78
406,165,62,82
404,157,62,80
404,151,67,78
399,149,71,79
399,149,71,75
400,145,71,77
402,147,71,80
402,152,66,83
407,157,62,83
406,164,60,82
407,172,59,87
406,186,60,82
405,202,60,81
402,216,64,76
403,227,66,79
402,243,66,72
407,254,62,70
408,268,57,67
411,276,57,65
418,287,48,54
420,296,47,49
425,303,45,46
429,311,43,40
431,317,45,36
434,319,42,36
435,320,39,33
432,320,40,31
430,319,40,28
429,315,43,34
428,311,46,37
426,304,49,43
425,291,50,51
419,280,57,57
409,262,65,67
411,246,62,71
412,232,60,75
415,218,58,75
415,208,57,73
417,191,60,74
418,176,61,76
414,164,66,75
414,157,65,73
411,150,69,73
411,137,70,77
409,135,68,73
410,126,70,78
415,129,66,77
413,130,66,71
415,130,67,72
415,127,66,79
413,137,65,73
414,140,64,75
418,140,65,79
415,142,68,79
416,143,66,77
417,145,67,75
417,152,64,70
415,156,61,72
416,157,63,74
418,161,57,72
419,168,55,66
416,171,54,66
417,176,53,65
415,176,50,63
412,179,53,63
412,180,49,61
410,183,48,58
410,186,45,59
406,185,46,55
405,183,47,55
404,187,49,53
403,185,46,53
401,187,47,53
400,188,48,52
400,188,47,52
400,190,45,52
400,193,45,49
400,194,43,51
401,196,44,51
400,198,47,51
404,200,45,52
405,203,44,52
408,204,45,53
411,207,43,52
412,211,45,50
416,211,45,53
420,212,45,54
424,210,46,53
429,211,43,51
435,210,44,52
438,208,47,53
444,210,46,54
449,205,45,57
455,210,41,54
457,208,44,57
460,209,45,60
464,210,42,61
466,209,41,58
466,213,41,60
466,214,39,59
465,220,37,54
461,218,36,56
457,219,36,56
451,221,35,54
441,222,40,53
431,224,42,52
421,221,44,52
419,221,44,52
412,221,44,51
412,221,45,49
402,215,44,52
396,212,45,54
385,207,50,53
381,205,50,49
376,202,47,49
373,197,49,47
370,192,49,47
368,191,49,41
370,188,49,42
371,187,50,41
374,185,50,43
377,185,49,43
383,186,49,43
389,186,48,46
402,187,44,46
412,187,42,49
422,188,43,53
436,189,41,53
449,190,42,53
461,187,40,57
474,183,37,55
484,181,37,55
492,177,37,59
500,172,40,58
507,166,38,62
509,161,42,65
511,158,45,65
512,156,46,68
509,151,42,70
504,151,44,69
498,149,42,70
486,147,49,68
468,149,58,69
456,146,58,69
441,143,63,68
426,140,66,67
414,141,65,64
400,141,68,62
388,140,67,64
377,139,67,65
367,141,66,65
358,141,67,62
353,139,62,65
347,141,62,64
339,143,63,63
337,143,64,69
334,147,63,68
335,147,62,66
332,150,63,69
334,152,60,71
333,153,62,75
335,156,61,78
335,162,63,78
338,165,62,76
340,165,65,79
342,167,65,79
346,166,64,77
349,169,62,81
353,172,59,80
355,169,60,79
358,168,61,83
358,169,58,81
357,170,61,83
357,171,63,82
357,173,62,85
355,178,65,83
354,178,63,85
352,185,64,82
351,190,62,82
350,195,63,81
348,198,62,84
343,203,63,82
343,206,64,83
340,204,65,85
336,203,67,85
335,205,67,84
334,205,65,82
333,204,63,85
333,205,60,85
331,202,58,86
326,203,57,84
326,206,53,85
323,207,49,84
321,201,51,84
318,203,50,82
314,206,50,79
309,202,52,80
306,204,50,84
304,203,46,81
304,206,45,80
303,205,43,82
304,208,41,78
301,210,43,74
302,207,44,76
303,209,41,75
303,205,44,77
302,207,44,79
303,205,43,78
305,207,39,75
301,209,46,74
302,208,45,74
303,210,43,77
303,207,42,75
