341,162,29,86
341,159,28,90
337,155,30,89
333,155,34,89
329,148,39,92
323,143,42,89
323,144,40,85
320,138,43,86
313,135,42,89
308,135,40,86
304,131,40,83
290,129,47,87
290,129,41,88
290,128,37,82
284,128,43,78
278,128,46,79
281,128,46,73
276,130,52,74
275,131,57,73
278,135,56,74
287,139,57,55
297,145,50,52
293,148,56,52
297,154,54,50
301,157,47,47
309,159,46,54
330,187,45,56
321,175,46,69
321,175,46,69
331,173,45,69
340,173,46,69
342,174,47,68
333,166,36,80
349,164,47,79
344,157,59,57
344,154,61,56
327,162,64,52
344,143,63,44
354,140,59,45
356,138,56,41
361,139,54,45
368,143,46,41
372,144,43,44
374,142,39,48
373,137,37,48
366,130,37,46
361,118,32,45
340,145,37,50
326,108,34,50
304,112,37,47
343,153,40,44
347,148,38,42
349,141,34,37
350,137,32,36
349,133,30,33
352,128,28,35
351,123,27,40
347,121,30,39
336,121,40,44
331,132,44,40
328,139,50,39
330,141,49,40
327,144,55,46
323,137,55,57
315,141,61,64
310,137,65,70
313,133,65,78
304,137,68,77
307,143,67,67
313,148,63,58
322,159,54,47
327,171,45,43
322,174,42,39
333,189,43,44
313,156,36,55
316,158,34,61
323,142,28,67
330,115,33,64
327,112,37,59
335,105,36,58
345,106,31,48
345,108,35,48
345,116,37,50
346,112,36,44
351,111,32,49
358,108,28,53
362,111,33,50
367,113,34,51
364,121,39,51
361,126,43,58
356,130,47,51
356,137,46,65
356,142,48,71
351,151,48,64
346,153,57,69
350,151,56,69
351,151,53,63
344,154,62,70
345,157,63,79
350,154,56,72
348,158,62,69
346,156,61,69
350,158,59,70
347,156,62,70
354,155,55,73
356,157,56,68
357,156,52,72
360,157,50,68
363,157,50,66
359,157,55,68
365,158,53,67
366,160,52,70
365,160,53,71
370,159,46,78
366,159,52,76
370,160,45,75
368,159,45,77
370,161,43,76
369,160,43,76
366,159,47,80
358,158,53,85
354,163,55,88
353,167,55,82
352,167,57,83
351,165,58,87
351,166,59,89
353,166,54,87
355,166,57,89
350,167,61,88
356,168,56,88
358,172,57,87
351,169,64,91
355,174,61,86
354,174,61,89
352,176,63,85
351,176,67,86
349,177,71,87
347,179,71,82
344,177,75,86
345,177,74,85
342,177,77,87
344,177,73,84
344,177,74,89
343,180,79,84
343,178,77,84
340,176,82,87
340,178,81,81
337,178,85,90
337,182,85,83
341,191,83,76
343,190,75,79
345,195,70,76
346,193,76,75
340,192,85,80
344,190,85,73
361,189,71,67
356,190,72,71
372,184,59,78
373,189,58,70
373,187,57,69
379,183,58,73
375,188,62,73
370,198,67,65
374,198,67,63
377,196,71,62
383,190,65,57
380,198,63,52
382,197,62,61
390,190,57,67
388,193,57,64
392,190,55,65
394,193,52,65
391,200,53,57
391,196,52,57
395,200,45,51
401,190,41,58
399,191,41,59
402,202,37,46
404,205,28,42
405,203,31,43
404,198,29,49
403,194,25,52
403,194,24,53
399,195,27,55
396,192,29,56
394,194,29,52
392,189,34,56
388,189,36,57
376,189,37,57
376,183,39,61
368,184,41,57
372,186,35,56
373,185,33,53
380,187,23,48
389,176,32,50
384,177,37,47
382,182,39,48
379,180,41,48
373,177,46,47
370,180,50,47
366,181,55,50
368,174,56,51
361,182,61,45
363,178,61,34
367,180,59,35
372,175,59,35
378,177,57,32
379,178,57,29
382,178,56,28
383,178,51,32
380,180,53,30
379,178,49,33
380,179,45,33
381,179,41,40
371,176,44,42
366,172,43,43
372,184,37,38
376,195,29,30
377,198,26,27
384,196,22,22
389,194,19,24
386,191,22,29
381,189,23,31
382,187,19,29
383,185,18,28
386,182,17,27
382,181,18,23
382,181,18,23
382,181,18,23
382,181,18,23
382,167,18,26
384,167,19,30
390,168,19,32
391,165,19,33
396,169,16,29
397,174,15,23
397,174,15,23
397,170,13,24
402,164,12,24
401,166,14,24
400,165,15,24
403,168,15,25
405,162,12,24
407,164,10,26
406,166,12,29
403,167,13,29
402,167,12,27
400,169,12,26
399,168,12,25
396,166,14,26
398,162,12,27
398,162,13,25
392,166,16,25
389,166,19,28
394,146,18,28
391,149,21,28
395,141,20,30
400,144,21,32
404,149,22,36
406,158,24,39
407,174,27,40
412,198,24,34
361,179,26,40
360,183,23,37
359,187,20,33
359,187,20,33
359,187,20,33
359,187,20,33
359,187,20,33
359,187,20,33
369,208,18,31
376,212,17,28
380,211,15,29
382,164,17,29
388,117,22,30
388,117,22,30
388,117,22,30
388,117,22,30
388,117,22,30
415,120,18,31
414,158,14,35
415,163,19,34
422,204,18,34
426,202,16,33
429,205,16,27
431,207,16,29
436,208,14,26
436,208,14,26
436,208,14,26
436,208,14,26
436,208,14,26
436,208,14,26
436,208,14,26
436,208,14,26
436,208,14,26
436,208,14,26
436,208,14,26
436,208,14,26
474,220,18,29
474,220,18,29
474,220,18,29
503,196,20,31
493,213,20,39
486,211,21,44
485,211,17,48
492,202,21,53
524,144,27,52
515,144,29,52
509,143,27,53
499,138,29,56
486,132,35,67
473,131,40,67
463,125,43,71
456,118,42,76
455,117,39,81
448,110,38,85
443,111,40,81
436,109,41,87
430,109,39,84
420,110,38,85
410,112,40,83
399,110,42,79
400,111,39,78
394,114,43,77
389,111,37,81
382,112,40,77
378,113,41,79
376,120,37,88
370,128,43,95
371,142,42,90
368,141,44,73
368,135,42,78
364,120,45,91
357,112,46,105
359,129,41,88
361,119,36,103
358,131,39,89
360,137,39,85
363,110,35,96
362,135,40,92
360,143,41,89
360,142,43,91
361,139,43,97
359,138,46,97
362,138,45,98
367,132,42,98
367,132,40,100
365,131,38,97
365,132,37,92
357,128,42,95
354,129,42,92
355,129,43,89
357,130,39,87
356,130,39,85
360,133,38,85
358,134,42,87
360,135,41,88
369,135,36,89
371,139,37,83
374,140,38,83
377,140,41,86
382,141,45,84
384,141,54,82
392,146,56,79
392,147,63,79
396,145,65,83
398,147,69,83
406,149,73,87
403,153,78,82
403,160,79,77
405,162,78,86
398,176,83,81
411,166,76,90
408,179,75,82
405,180,77,79
425,170,62,79
412,166,69,95
430,150,58,104
415,151,73,110
390,173,83,86
389,171,91,90
384,175,88,85
386,173,88,89
387,168,96,93
379,175,98,83
388,191,72,73
410,191,77,67
419,197,75,61
419,193,74,66
423,192,71,68
422,199,66,61
424,199,67,59
425,205,68,54
422,197,63,61
428,207,68,52
418,197,78,60
425,205,68,55
428,198,66,59
430,207,65,51
427,200,65,56
429,208,51,52
439,196,45,61
436,209,34,52
443,210,28,50
443,209,26,49
448,208,20,53
448,208,20,53
452,185,16,60
455,185,15,59
454,187,17,59
453,187,16,59
452,186,18,61
454,185,16,60
452,187,16,61
453,186,15,62
453,187,16,63
453,186,15,62
452,186,16,63
452,186,20,73
449,186,19,76
448,185,20,75
445,186,24,74
444,189,24,72
442,189,27,72
445,186,23,73
442,189,26,72
442,191,25,71
441,193,26,66
445,190,27,67
442,196,27,62
443,190,26,67
442,190,26,70
445,186,24,70
445,187,21,72
440,188,27,69
442,189,28,70
442,191,27,68
443,188,27,68
444,193,24,67
443,186,25,71
442,189,28,71
441,189,27,70
445,189,22,70
443,191,24,67
441,191,28,69
440,195,27,64
440,194,27,65
441,194,27,65
441,195,28,65
440,191,28,68
441,190,27,68
441,198,27,63
442,190,27,72
449,187,20,72
447,189,22,73
443,191,26,71
442,192,26,68
443,189,28,71
444,187,23,72
443,191,27,68
441,191,25,68
441,195,28,67
441,199,25,63
442,192,26,69
441,193,27,67
441,193,27,66
442,192,27,68
443,188,25,69
442,192,26,68
442,189,24,69
441,195,27,67
440,190,29,70
442,188,25,70
443,192,25,69
441,189,27,70
444,187,25,72
444,185,23,73
443,188,26,71
445,191,24,68
444,188,25,72
445,186,22,73
446,186,23,72
446,186,25,74
449,185,19,73
448,185,20,75
451,185,18,76
447,186,21,73
450,186,17,74
451,186,17,74
453,187,18,74
453,186,16,75
451,187,16,75
453,186,17,75
450,187,19,74
451,186,18,71
447,187,21,72
451,185,18,74
448,187,19,74
450,184,18,75
449,187,19,73
451,185,18,75
449,186,19,75
450,186,18,74
449,186,18,74
452,185,16,76
449,186,19,75
451,185,19,74
447,188,20,73
446,186,23,74
445,187,24,75
447,186,22,73
445,188,25,73
446,191,22,69
446,190,22,70
445,189,25,72
446,187,23,73
446,189,23,72
448,186,19,73
446,188,22,72
445,187,23,72
447,188,23,73
447,187,20,74
445,188,24,73
445,187,22,73
451,186,17,74
445,186,24,74
445,187,25,72
449,186,20,74
451,185,16,75
453,186,16,74
445,188,22,74
445,187,24,73
444,187,25,73
447,186,22,72
445,187,24,73
448,187,21,74
446,188,23,73
448,187,20,75
446,186,22,74
445,189,24,72
445,189,23,72
449,187,19,76
447,187,21,73
445,187,23,72
444,187,24,72
445,187,24,72
445,187,24,73
445,187,24,73
448,188,20,73
449,186,19,73
450,187,19,75
442,189,24,71
443,189,27,73
440,189,31,71
441,191,29,70
441,192,28,67
444,195,25,65
441,199,26,61
441,192,27,68
445,192,24,67
443,194,25,68
443,189,27,71
444,186,25,73
444,187,26,74
444,184,25,72
445,187,22,71
444,189,24,71
444,186,23,72
444,188,25,72
444,187,25,74
443,187,24,72
446,187,24,73
444,187,23,73
446,187,22,74
448,184,20,76
450,185,18,73
452,184,16,74
451,187,16,73
448,191,19,70
453,187,15,75
454,187,15,74
447,187,19,74
452,188,17,74
451,189,17,72
442,194,24,68
443,203,21,58
439,200,24,63
437,201,26,59
435,207,30,55
435,204,29,54
435,207,26,53
433,210,26,46
433,206,25,40
433,211,23,36
433,217,25,30
433,217,25,30
433,217,25,30
431,218,28,29
430,216,27,30
430,216,27,30
430,216,27,30
430,216,27,30
430,216,27,30
430,216,27,30
424,215,26,31
421,213,26,33
419,213,29,34
414,212,32,36
411,212,31,36
411,214,30,33
411,212,30,36
405,212,31,33
405,212,31,33
405,211,30,32
404,211,31,38
399,211,35,41
398,210,34,45
396,209,37,49
399,207,33,52
399,206,32,51
397,207,33,50
399,204,33,54
398,205,33,52
395,203,35,53
399,197,30,59
406,206,28,54
402,183,25,64
408,197,21,63
408,188,22,65
403,196,27,63
405,199,25,61
407,188,24,67
404,196,27,65
405,188,26,72
404,186,25,71
404,186,26,72
403,194,28,68
404,193,28,69
404,192,27,71
404,194,29,68
404,197,28,65
406,191,25,70
405,191,27,69
407,193,25,67
406,193,24,66
405,192,25,67
405,191,24,68
404,192,25,67
405,195,26,66
406,194,26,65
405,195,26,65
403,197,29,65
404,197,27,66
404,196,28,64
403,196,27,65
405,192,25,67
403,192,30,67
405,201,27,62
404,198,27,62
404,200,27,62
403,202,28,57
404,199,26,59
404,202,28,56
404,200,30,60
404,201,30,55
404,202,29,56
405,204,28,55
405,206,28,51
406,204,26,54
402,205,30,55
403,206,29,52
405,206,27,52
402,209,29,49
404,211,28,48
404,207,28,52
399,204,33,55
398,201,32,57
407,204,27,57
411,204,26,54
411,205,27,54
409,205,30,55
411,205,28,53
405,207,33,50
406,207,31,52
409,208,29,49
409,205,26,52
409,203,23,53
411,205,22,54
409,207,27,51
412,209,25,49
409,208,25,50
411,206,24,52
412,206,23,51
410,206,22,53
412,205,23,53
413,205,22,54
411,202,24,56
410,198,30,62
408,194,32,62
407,193,34,64
408,194,34,62
407,200,38,55
404,200,44,57
403,199,47,58
408,192,42,65
410,186,43,73
419,179,32,79
420,179,35,77
415,161,38,89
410,151,43,92
411,139,40,95
407,130,41,94
411,122,34,94
407,113,39,96
400,108,44,92
396,107,47,83
390,100,50,87
393,99,43,84
389,95,48,88
381,95,54,86
377,89,54,91
374,84,50,93
371,84,49,93
371,83,50,99
362,82,56,101
358,83,57,89
357,81,54,86
354,81,55,86
351,82,56,88
348,81,56,86
345,81,58,85
341,84,62,83
341,85,61,85
334,91,67,89
329,93,70,104
330,96,73,105
333,100,70,103
331,102,73,102
331,103,76,104
334,103,75,106
332,104,76,104
337,103,73,101
335,103,79,97
339,102,75,92
335,98,78,102
345,97,70,100
339,95,75,105
341,93,70,123
347,88,63,114
351,87,58,123
353,84,55,131
360,85,48,133
364,83,48,139
369,82,45,138
375,78,47,142
377,79,48,143
377,75,56,143
382,80,53,141
379,76,59,146
385,79,55,142
383,76,58,148
382,76,57,147
387,75,49,145
389,75,48,141
383,80,57,138
380,83,59,138
371,84,69,133
369,92,75,130
359,100,88,117
360,101,82,115
357,104,87,109
354,114,91,98
351,118,92,90
348,123,91,83
349,123,87,82
353,128,79,76
347,127,84,76
350,127,78,76
355,126,69,77
340,128,83,75
335,130,88,74
331,132,83,76
329,134,83,72
332,138,78,62
330,141,78,67
336,142,69,68
329,149,75,65
336,151,67,65
336,153,60,63
339,158,62,57
341,160,61,54
341,162,61,45
351,162,53,41
362,158,46,45
370,157,39,47
370,150,42,55
374,149,41,58
371,144,43,63
378,141,40,68
383,139,40,74
385,138,37,76
389,136,35,81
390,136,34,79
391,137,34,74
393,139,36,69
395,139,36,70
394,140,36,68
394,143,38,68
399,149,37,63
397,148,37,68
400,154,35,65
397,152,36,65
397,159,34,61
399,157,32,64
399,159,33,63
400,162,32,61
399,161,36,61
400,160,38,62
403,160,38,63
400,161,41,62
401,162,38,61
404,163,33,62
401,164,33,62
403,165,32,63
405,166,32,61
404,164,36,68
405,166,39,65
403,165,39,64
402,167,38,63
400,166,35,66
401,166,34,67
402,168,33,66
402,168,36,66
402,172,40,67
399,174,41,65
400,175,37,62
397,177,36,58
397,178,34,63
395,177,35,69
393,176,37,74
394,179,39,73
392,181,44,74
383,178,48,61
381,182,49,60
378,177,49,73
374,175,55,78
374,175,55,78
374,175,55,78
374,175,55,78
374,175,55,78
368,168,51,87
372,170,49,87
373,169,47,79
379,173,43,68
381,174,46,70
382,173,45,66
376,172,45,65
375,171,46,65
373,169,46,63
373,167,45,63
379,169,42,68
376,172,49,82
380,171,46,72
379,172,45,65
379,172,44,60
374,172,45,60
371,173,49,65
371,169,49,68
371,169,47,66
373,167,45,62
367,169,50,61
359,172,57,54
354,173,60,48
351,174,64,46
354,176,61,43
359,178,56,42
361,173,55,45
365,164,50,54
358,160,56,62
356,146,58,68
353,136,56,74
362,127,46,83
360,120,45,87
356,114,48,90
353,110,50,90
355,107,50,86
355,104,50,77
356,102,51,74
358,99,48,75
359,101,49,72
362,100,48,70
358,100,51,73
357,98,52,74
355,96,54,78
355,97,53,79
349,97,55,82
348,98,60,88
346,102,63,80
339,105,71,76
338,106,71,79
335,109,71,79
332,111,73,81
328,112,78,82
323,116,80,82
323,122,82,79
319,124,81,80
319,129,84,76
316,131,82,85
315,136,83,87
314,141,84,96
311,138,83,105
312,142,82,102
310,140,87,110
305,138,86,110
308,137,80,112
313,131,68,117
307,134,71,121
284,130,88,122
283,127,84,123
281,130,86,123
277,126,87,119
285,127,83,121
279,127,86,122
298,126,72,125
295,128,78,120
305,128,68,125
301,120,74,130
302,122,77,129
310,124,71,125
303,126,79,124
312,130,72,122
310,128,75,128
310,126,76,125
308,126,80,128
309,122,78,129
307,121,82,132
306,122,87,132
312,118,79,132
306,117,83,137
306,115,80,137
306,116,79,139
310,116,78,140
305,114,79,139
308,117,74,139
310,116,70,138
304,114,73,141
307,117,68,137
305,118,69,134
306,118,66,133
304,119,67,134
302,117,67,133
305,117,61,137
301,121,68,131
304,120,64,131
306,122,61,125
304,120,60,131
302,120,65,134
301,120,65,133
301,125,67,132
310,124,57,129
307,124,63,130
306,122,64,129
307,119,66,134
308,115,66,140
310,110,67,141
310,114,68,140
309,108,74,144
314,112,70,144
316,110,72,147
320,110,72,146
321,107,78,147
321,105,78,146
317,107,84,148
323,104,79,156
321,104,84,155
332,104,69,154
328,105,74,142
338,102,69,130
339,106,68,107
343,104,66,102
342,106,67,85
343,103,66,86
344,101,66,89
337,101,72,94
345,99,65,91
344,100,63,91
343,99,66,92
347,105,57,89
346,96,61,99
343,122,56,98
351,115,53,96
353,106,54,111
351,108,56,113
348,112,58,115
347,117,59,104
352,111,58,103
354,113,53,107
357,112,55,99
355,118,54,99
352,116,55,102
353,116,56,98
357,114,52,89
357,118,53,102
353,128,54,103
355,123,54,93
357,135,53,80
356,126,58,90
358,134,54,82
359,133,57,82
358,148,54,70
357,153,54,67
355,151,61,71
351,159,65,71
349,155,71,77
349,156,74,74
347,158,81,71
352,144,81,83
358,147,75,87
360,150,71,75
364,154,65,65
362,168,69,68
363,166,70,72
361,163,73,74
362,167,73,74
364,180,74,61
363,187,79,56
366,189,72,52
370,192,73,45
372,195,72,41
370,182,73,52
379,181,66,51
391,178,55,55
398,176,49,55
401,173,47,60
403,171,45,63
406,171,41,63
408,171,40,65
408,172,39,62
410,170,38,65
410,169,38,69
413,170,38,66
415,170,39,71
421,167,36,70
421,167,38,70
422,166,37,71
420,164,37,72
418,163,39,73
417,166,39,69
415,166,38,66
415,167,36,66
415,168,36,67
416,166,37,69
416,167,37,69
417,167,41,66
422,165,37,70
418,164,40,69
416,165,38,67
411,164,40,66
408,166,39,68
407,168,38,66
408,170,38,67
410,168,36,67
414,168,39,70
417,165,38,68
417,163,37,69
415,162,39,67
410,162,39,67
408,161,40,71
406,151,40,81
404,160,40,74
406,163,39,70
412,164,37,69
414,163,38,71
413,162,39,71
416,154,38,76
414,148,39,77
410,147,40,76
404,149,42,78
406,154,39,73
404,158,38,72
402,159,35,71
400,162,39,65
399,161,36,72
398,162,36,70
399,165,37,68
398,167,36,66
401,165,37,69
405,164,34,68
410,164,35,64
411,161,38,68
411,158,38,72
414,157,38,70
416,152,37,73
420,154,36,68
419,150,35,70
420,152,35,66
419,144,34,70
418,143,34,68
418,141,33,65
419,140,32,65
417,145,33,54
418,131,32,65
418,129,32,68
415,129,35,70
416,132,32,62
413,131,35,64
415,137,29,55
413,145,32,51
415,145,29,49
411,152,30,45
411,149,28,47
407,150,31,46
404,151,31,47
404,156,31,42
405,154,30,45
401,158,31,44
399,154,32,48
397,154,31,51
395,150,32,54
394,147,31,59
396,147,31,61
394,146,31,65
393,148,30,63
394,149,32,62
394,147,29,64
393,150,32,63
391,148,34,62
396,148,31,60
397,146,33,63
398,146,35,64
400,147,33,60
402,144,35,62
405,138,35,67
411,140,29,68
414,134,30,68
414,131,32,66
418,131,31,67
419,129,31,67
416,128,35,67
421,127,32,65
418,128,34,66
422,127,33,65
421,127,32,66
420,128,35,66
420,131,32,61
417,126,35,62
418,126,34,62
416,131,33,58
415,127,33,61
416,132,32,57
413,128,33,61
411,128,32,61
409,129,34,60
408,130,34,60
408,132,32,61
408,131,31,64
406,138,32,55
405,141,32,56
404,137,33,60
403,135,33,61
405,137,29,59
406,143,31,56
405,140,31,58
405,139,31,61
406,142,32,61
407,143,30,64
406,143,30,62
407,144,33,62
410,143,32,65
412,145,33,64
415,144,31,65
416,146,34,64
418,145,33,67
421,144,31,64
422,145,33,64
424,145,34,63
425,143,34,63
424,141,36,66
423,139,37,65
422,139,38,65
422,134,38,64
422,134,40,61
422,133,37,64
422,128,36,63
421,127,37,63
421,125,38,63
418,125,38,63
419,122,35,62
419,118,35,62
418,117,36,66
418,117,35,60
418,117,37,62
417,114,38,62
416,111,38,64
417,110,36,67
416,110,36,62
417,106,33,64
413,107,36,62
412,104,35,61
413,102,34,68
414,101,34,64
411,100,34,64
410,100,33,61
406,100,36,61
406,101,33,61
404,102,35,64
402,106,37,70
399,106,35,67
401,116,33,81
403,116,29,95
398,124,32,94
396,131,34,99
396,137,33,96
393,145,36,90
398,150,35,88
401,151,34,97
402,152,34,93
401,150,37,92
406,148,34,88
407,145,35,88
406,141,37,94
411,140,34,90
409,141,37,92
406,144,42,86
405,148,39,87
403,150,39,87
404,157,37,81
398,158,40,85
395,160,41,75
394,164,42,68
390,166,46,58
385,165,48,50
387,162,45,53
385,157,47,56
388,154,45,62
391,148,41,70
394,141,39,77
393,135,40,83
399,131,37,82
401,131,34,78
402,120,35,81
401,115,36,88
400,111,37,87
397,114,41,82
397,111,38,89
399,113,38,89
397,116,35,91
399,119,35,89
399,115,33,91
397,114,34,92
397,120,36,94
399,124,33,92
402,122,36,91
401,118,36,96
397,124,39,95
396,130,40,90
397,138,37,86
395,140,39,89
389,139,42,93
386,136,45,90
382,124,41,91
379,128,40,94
379,131,41,97
382,125,39,103
386,134,41,101
384,129,41,106
383,134,41,96
378,127,44,95
380,130,41,99
380,127,43,100
387,132,42,102
386,141,42,104
383,134,41,102
382,136,43,96
382,134,41,97
381,139,38,87
381,147,43,81
385,147,42,83
383,144,42,81
381,143,43,79
379,136,44,77
379,135,44,80
383,143,43,75
388,147,41,73
391,142,41,85
391,140,40,83
386,135,41,88
385,135,40,82
383,130,41,85
383,135,41,76
388,138,44,79
390,139,41,81
389,140,44,79
386,141,45,75
386,137,45,73
379,135,49,74
378,136,46,67
371,140,47,58
366,144,48,54
362,149,54,48
358,154,57,45
352,156,59,43
353,160,58,43
349,162,62,43
346,161,59,47
345,154,57,55
338,162,48,49
340,161,45,47
344,154,42,42
349,148,43,39
356,135,39,41
356,125,41,47
356,116,42,40
359,108,39,42
360,105,37,39
357,106,38,33
355,105,38,34
354,103,36,38
350,102,36,41
352,101,34,49
348,101,37,47
350,101,36,52
350,102,32,56
349,104,32,54
348,104,32,52
348,105,32,45
347,106,30,46
347,106,30,51
343,105,31,46
340,106,33,39
340,106,34,33
341,107,32,32
339,108,33,32
339,110,34,30
343,110,33,31
344,113,35,32
345,114,35,31
346,113,36,32
347,112,36,34
348,111,37,32
347,111,40,33
346,111,41,34
352,111,39,35
350,109,40,34
344,108,44,36
355,110,37,32
359,110,35,31
362,113,34,30
364,113,37,31
368,113,35,35
369,109,36,38
369,105,39,42
372,103,39,46
374,106,41,45
375,108,38,44
375,105,39,40
376,104,41,38
380,105,40,42
382,103,40,40
384,104,41,43
384,104,42,34
386,107,42,31
389,110,43,32
392,111,42,34
388,111,43,33
392,116,41,31
389,116,42,31
389,119,40,31
387,120,41,31
385,125,41,30
386,126,38,29
383,128,38,29
381,129,37,32
379,131,39,31
378,134,40,30
377,135,39,32
377,134,39,35
375,134,39,37
372,132,40,37
374,129,38,35
378,125,32,39
375,123,33,45
374,119,30,53
377,116,29,53
375,117,32,49
377,118,31,52
376,122,32,55
375,124,34,57
368,129,42,57
361,132,49,56
356,137,50,57
357,142,50,54
353,146,52,53
349,151,54,49
346,155,58,46
349,156,53,49
347,157,54,50
346,159,54,47
345,159,55,47
348,159,52,48
350,161,54,45
353,161,53,45
351,159,55,47
350,158,56,47
352,160,59,46
350,159,60,48
353,159,60,47
350,160,61,46
355,161,58,45
351,161,60,46
355,162,56,44
352,162,59,44
351,162,57,48
352,164,60,43
352,161,59,48
355,163,55,45
354,163,57,45
356,165,56,43
356,164,57,46
354,166,57,42
355,166,54,43
355,166,55,44
354,164,54,44
355,164,57,44
355,164,55,44
354,165,58,47
352,168,60,41
355,166,55,45
357,166,56,46
354,167,56,47
356,173,56,39
354,171,55,39
354,170,58,40
357,168,55,41
358,169,55,41
358,167,51,43
358,167,53,40
358,165,52,41
360,163,52,42
356,162,53,43
357,162,51,44
358,161,49,42
352,160,52,46
353,161,52,44
354,162,52,43
351,162,55,45
349,164,60,42
349,164,60,44
355,167,56,42
349,167,57,43
352,167,54,42
351,166,54,42
350,167,57,43
352,166,59,44
349,168,57,43
347,167,60,45
350,169,57,43
348,169,57,44
349,169,56,45
350,170,59,42
350,170,59,43
354,175,55,39
353,170,58,44
355,173,58,40
358,169,55,47
360,170,55,43
360,169,55,45
363,168,57,45
368,166,57,46
371,165,55,50
376,167,59,51
380,168,61,50
384,167,61,52
388,170,61,54
387,173,69,54
389,173,67,52
393,174,70,55
394,176,68,55
400,180,66,52
398,185,70,50
398,185,72,49
400,191,74,46
402,192,71,45
407,195,70,45
403,196,73,45
404,203,72,41
399,208,77,37
398,210,78,36
396,212,78,41
392,212,79,42
387,214,80,40
383,214,80,41
372,213,83,42
365,212,84,44
359,210,80,44
351,209,79,41
347,211,74,41
333,207,82,50
324,209,78,40
314,209,82,39
305,209,83,42
304,210,74,42
295,211,74,40
292,213,74,42
288,214,69,44
286,216,69,43
284,216,68,43
343,208,77,33
285,224,65,40
286,226,66,38
338,179,52,43
346,171,46,51
352,163,35,54
352,159,37,58
304,222,47,54
354,156,40,58
358,155,39,56
316,221,42,41
317,222,53,40
315,222,47,38
318,221,56,39
314,219,62,39
304,219,71,38
302,217,74,39
300,216,75,39
297,214,74,42
295,210,77,42
294,211,75,41
297,205,74,46
294,205,75,44
291,198,81,49
288,193,75,53
287,193,67,46
292,166,70,55
284,156,75,59
288,142,67,62
281,130,75,66
285,119,67,65
289,114,62,69
289,115,60,65
299,115,50,62
297,120,50,60
308,126,45,54
303,134,45,45
335,204,42,52
333,202,41,56
331,205,38,55
326,191,40,65
319,184,46,78
319,184,46,78
306,170,52,97
303,170,56,103
304,166,53,103
303,160,55,113
303,160,55,113
301,159,58,115
300,163,62,110
299,171,58,102
302,176,57,97
302,170,58,105
304,165,56,109
303,170,53,102
308,167,51,105
306,164,55,107
307,163,52,108
309,171,48,97
308,167,52,100
311,169,51,99
309,168,55,98
313,171,54,97
314,167,53,100
312,167,54,99
312,162,54,107
313,163,52,110
313,155,50,116
313,152,52,121
312,152,52,120
312,153,50,120
315,154,50,120
313,150,53,125
311,165,55,108
315,166,52,106
318,163,54,110
320,160,52,115
322,164,51,111
325,174,55,102
326,176,51,97
326,165,56,107
328,172,56,98
331,176,56,91
332,177,57,88
333,173,57,92
338,173,53,92
341,169,54,93
343,171,55,90
342,171,57,93
344,175,56,88
349,172,53,88
348,168,58,92
349,168,58,95
347,171,61,87
352,168,55,93
351,172,56,89
353,173,55,90
349,173,58,89
355,160,52,98
352,164,57,100
353,167,56,95
354,161,55,101
356,166,52,97
356,166,53,95
358,169,53,96
357,162,57,100
360,163,52,99
362,166,53,97
361,159,55,101
364,165,55,95
366,160,55,97
363,161,54,92
367,158,52,95
366,152,50,100
364,150,51,102
361,145,53,105
360,149,49,99
355,153,51,98
353,152,51,98
348,148,53,97
347,155,51,96
347,153,50,94
344,159,49,90
341,160,48,91
341,162,45,87
340,161,47,90
340,162,42,86
330,168,53,83
324,168,55,83
324,170,53,81
323,172,49,81
323,173,49,80
324,167,45,86
322,168,46,83
323,176,40,74
320,169,40,80
321,176,39,75
315,179,42,73
312,179,45,74
311,182,43,71
305,177,49,76
310,180,44,72
311,182,44,69
313,182,42,72
315,180,42,74
319,184,39,68
322,182,40,70
320,183,45,69
331,183,39,67
330,186,45,64
337,190,46,61
343,184,44,66
348,185,45,67
354,185,41,67
361,184,35,65
367,186,33,65
370,182,33,70
375,180,35,72
379,178,31,75
386,179,30,73
393,177,25,74
393,177,25,74
393,177,25,74
393,177,25,74
393,177,25,74
393,177,25,74
486,125,24,70
500,127,23,68
500,127,23,68
500,127,23,68
500,127,23,68
500,127,23,68
560,121,23,73
575,119,21,68
588,120,19,60
600,120,21,57
598,120,32,61
598,120,32,61
598,120,32,61
598,120,32,61
598,120,32,61
598,120,32,61
598,120,32,61
598,120,32,61
598,120,32,61
598,120,32,61
598,120,32,61
598,120,32,61
598,120,32,61
598,120,32,61
598,120,32,61
598,120,32,61
598,120,32,61
598,120,32,61
598,120,32,61
598,120,32,61
598,120,32,61
598,120,32,61
598,120,32,61
598,120,32,61
598,120,32,61
598,120,32,61
598,120,32,61
598,120,32,61
598,120,32,61
598,120,32,61
598,120,32,61
598,120,32,61
598,120,32,61
598,120,32,61
598,120,32,61
598,120,32,61
598,120,32,61
598,120,32,61
598,120,32,61
598,120,32,61
598,120,32,61
598,120,32,61
598,120,32,61
598,120,32,61
598,120,32,61
598,120,32,61
598,120,32,61
598,120,32,61
598,120,32,61
607,119,29,67
601,109,33,73
601,109,33,73
601,109,33,73
601,109,33,73
601,109,33,73
601,109,33,73
601,109,33,73
601,109,33,73
601,109,33,73
601,109,33,73
601,109,33,73
601,109,33,73
601,109,33,73
601,109,33,73
601,109,33,73
601,109,33,73
601,109,33,73
601,109,33,73
601,109,33,73
601,109,33,73
601,109,33,73
601,109,33,73
601,109,33,73
601,109,33,73
601,109,33,73
591,78,39,77
589,160,46,80
486,214,45,85
472,216,55,88
451,197,69,106
450,187,59,117
445,192,55,109
442,196,54,106
441,195,50,110
434,190,48,116
425,188,45,115
427,195,43,110
410,202,53,103
404,190,47,112
390,193,53,110
376,193,59,107
367,189,54,112
359,197,52,110
352,196,48,110
333,197,58,112
326,195,53,114
316,202,54,108
308,200,56,110
298,197,57,112
296,194,53,113
289,193,55,112
286,189,55,116
284,189,49,111
277,186,54,110
278,183,48,113
272,177,48,115
264,177,54,114
264,178,48,110
254,181,53,110
253,180,48,107
250,177,45,108
245,179,45,106
239,185,45,100
237,180,43,105
228,186,45,96
226,189,41,102
223,184,38,96
223,186,37,99
218,177,42,109
211,171,46,111
202,175,57,109
200,167,55,115
197,157,61,126
194,157,61,128
189,155,60,131
185,156,60,134
184,157,56,133
179,159,55,128
176,157,63,132
170,159,63,129
167,161,59,133
162,162,60,132
158,168,56,123
156,175,49,117
147,166,50,127
147,166,50,127
313,145,45,108
322,148,34,105
324,145,32,104
330,153,27,104
328,154,29,98
335,153,21,99
340,168,17,90
341,175,21,89
340,166,17,83
338,173,20,84
338,178,20,72
331,186,25,68
334,187,23,65
327,188,28,61
330,187,27,65
328,190,31,61
331,189,25,60
329,190,26,59
335,190,21,60
332,192,25,55
325,191,31,57
326,193,31,54
323,192,33,54
321,191,34,55
320,192,36,54
323,192,33,55
324,193,33,52
321,192,36,56
324,192,33,55
322,191,34,56
319,193,37,54
321,192,35,56
321,194,36,54
325,192,33,55
321,193,35,53
322,193,35,54
320,192,38,54
321,192,37,54
321,192,37,55
322,193,36,56
320,194,36,54
319,192,37,54
320,192,36,54
320,192,37,54
319,193,38,54
321,192,35,55
319,192,37,55
321,192,36,56
321,193,36,55
321,191,37,57
322,191,36,56
320,191,37,52
321,194,36,55
322,192,37,56
321,193,35,53
323,192,35,57
322,192,35,55
321,192,34,53
322,191,35,55
320,193,36,53
322,192,36,56
321,193,38,53
319,194,38,52
322,192,34,54
322,193,35,52
322,194,36,55
322,192,35,54
321,192,35,54
324,192,34,53
322,193,36,56
322,193,35,53
321,193,37,54
321,191,36,54
321,191,37,55
319,192,37,53
325,192,33,56
322,192,35,54
321,193,35,53
320,193,36,52
321,192,37,55
321,191,35,54
323,193,35,54
321,193,36,54
321,193,35,54
324,192,34,55
322,193,34,53
323,191,34,54
322,192,35,54
320,193,37,53
323,191,34,49
324,192,33,54
322,193,36,53
322,193,36,53
321,193,36,54
320,193,36,54
322,191,34,55
320,194,36,54
322,192,36,55
322,193,36,53
320,194,35,53
320,191,36,56
320,190,36,56
321,192,36,52
320,194,36,52
322,193,34,55
319,193,37,55
322,194,35,56
321,194,37,55
322,193,35,55
322,193,34,53
321,193,36,54
319,192,37,56
323,194,34,53
321,193,35,54
322,193,36,56
320,194,36,53
322,193,35,56
321,193,36,55
323,193,34,53
320,190,36,57
322,193,36,55
321,194,35,55
322,192,36,56
322,192,36,56
321,192,37,58
323,193,35,56
322,192,35,55
321,191,36,59
323,192,35,56
321,194,35,55
323,192,34,55
320,192,36,53
324,192,33,56
320,195,37,53
322,191,35,56
325,193,31,56
333,190,24,56
327,189,30,60
333,189,26,63
340,188,22,60
340,188,22,60
340,188,22,60
355,193,23,57
359,192,26,55
366,193,26,55
366,193,26,55
366,193,26,55
279,203,32,52
279,203,32,52
279,203,32,52
279,203,32,52
279,203,32,52
279,203,32,52
279,203,32,52
279,203,32,52
317,199,23,45
321,192,26,51
320,195,33,46
317,194,44,48
318,193,38,50
321,193,36,55
321,193,36,52
320,192,38,52
319,193,38,52
323,191,34,54
321,192,35,56
321,191,35,55
321,192,36,54
320,192,38,54
322,192,36,54
320,192,37,53
321,192,36,55
321,193,37,54
321,193,38,54
320,193,36,53
323,192,34,54
321,194,35,53
320,192,37,54
323,191,34,56
321,193,35,54
321,192,36,54
320,192,37,52
319,193,38,54
323,192,36,54
321,192,35,53
322,190,35,57
320,193,38,53
322,191,36,55
321,192,35,55
322,192,35,53
322,193,36,55
322,191,35,56
321,191,37,53
320,192,37,53
322,192,36,54
320,192,36,54
320,193,37,54
322,192,37,53
322,192,34,53
324,192,33,51
323,193,34,54
322,192,35,54
321,192,36,55
320,192,35,52
320,193,36,51
323,192,35,53
321,191,35,54
320,192,37,53
321,193,38,53
321,193,36,53
321,192,37,54
320,191,37,55
321,192,35,53
319,192,37,54
323,193,36,55
323,191,35,56
319,193,36,52
321,193,35,51
322,194,35,52
320,192,35,53
320,192,36,52
322,192,35,53
319,191,37,54
323,193,34,55
320,193,35,52
321,193,35,53
320,192,36,53
320,192,37,54
323,192,36,54
320,193,37,54
317,192,38,51
321,192,35,47
320,194,32,50
320,194,32,50
320,194,32,50
320,194,32,50
320,194,32,50
320,194,32,50
320,194,32,50
338,193,28,49
336,192,26,52
336,189,20,52
331,192,19,47
321,193,20,51
321,193,20,51
308,192,21,47
303,193,22,47
289,196,20,46
289,196,20,46
289,196,20,46
289,196,20,46
289,196,20,46
289,196,20,46
289,196,20,46
289,196,20,46
289,196,20,46
345,192,16,45
341,192,16,43
336,193,19,44
332,194,24,48
326,195,29,51
325,193,33,59
324,192,34,57
321,192,35,54
322,192,34,56
320,193,37,55
323,193,33,55
322,193,34,54
321,193,36,57
321,193,36,57
321,194,37,54
319,192,37,56
322,191,35,55
322,193,34,54
321,191,36,54
319,194,37,53
323,193,35,52
322,193,34,53
321,191,37,54
321,193,37,54
321,193,36,55
322,192,36,55
322,194,35,53
322,192,36,54
321,194,36,53
323,192,36,56
320,192,37,54
321,192,35,56
323,191,35,56
323,193,34,53
323,192,34,54
321,192,35,55
321,192,35,53
322,193,36,53
323,191,35,55
321,192,36,54
321,193,36,53
322,194,35,52
321,191,37,55
325,193,33,54
321,191,35,55
322,193,35,55
321,192,36,55
319,192,38,55
323,192,33,53
323,192,35,52
322,194,33,51
321,194,37,54
321,193,35,54
325,191,33,59
323,194,35,52
321,192,35,54
323,192,34,54
322,193,35,53
322,192,34,54
322,193,35,53
322,193,36,54
320,192,36,55
319,191,37,56
323,192,35,53
322,194,34,52
321,192,36,55
320,193,38,54
322,190,34,53
325,183,31,62
326,198,31,53
321,200,35,47
321,195,36,49
320,196,37,49
323,194,33,53
320,192,37,54
321,193,36,54
319,193,36,53
323,193,35,53
322,194,35,52
321,194,35,50
320,192,37,56
323,193,34,56
321,194,37,53
321,194,37,52
322,193,35,52
320,193,36,54
321,193,36,58
321,194,35,54
322,194,36,51
321,195,36,51
319,194,37,54
323,191,34,59
320,195,37,54
322,193,35,58
320,194,38,56
319,193,37,55
321,191,36,59
319,193,37,56
321,192,36,56
323,193,35,57
322,193,35,56
322,194,35,58
321,193,35,54
321,195,34,54
320,191,35,55
323,193,34,56
321,194,36,56
323,193,35,58
326,193,32,56
324,193,37,65
326,192,46,57
326,192,46,57
326,192,46,57
310,208,47,49
318,205,42,47
321,202,37,46
320,199,36,48
320,195,36,51
318,196,39,52
320,199,35,48
321,202,36,44
321,205,35,43
321,207,35,39
319,209,35,36
320,211,36,36
319,212,39,35
317,213,40,32
318,214,41,32
318,213,37,32
320,214,38,34
317,213,40,32
317,213,40,32
315,213,45,34
315,212,46,36
318,208,48,38
318,203,54,43
317,199,62,48
314,196,65,51
315,197,61,52
315,194,58,57
321,194,52,57
321,196,46,55
318,195,44,54
318,198,40,54
318,201,40,49
319,202,37,45
319,208,41,41
318,211,38,36
316,212,42,33
319,206,42,39
318,203,40,44
319,200,38,47
320,199,37,49
320,202,36,48
320,201,36,45
320,202,35,45
320,201,38,45
321,203,38,45
321,202,38,46
322,202,35,47
322,204,36,44
324,206,35,46
325,204,34,47
327,206,33,42
328,209,28,43
330,208,28,42
332,210,27,42
333,212,25,39
332,215,26,33
334,217,27,33
333,218,29,31
333,219,29,29
333,220,25,30
332,222,25,29
331,228,28,24
331,228,28,24
331,228,28,24
332,208,26,25
333,209,24,29
335,216,25,34
330,194,25,41
333,195,22,45
332,193,25,50
331,192,24,50
330,194,26,54
332,193,25,55
332,193,25,57
329,193,27,58
330,189,29,63
331,191,26,58
328,192,26,51
327,193,29,53
327,191,30,59
328,190,29,57
327,191,29,56
325,192,30,56
326,193,30,57
324,190,32,57
325,192,30,56
322,190,34,60
324,193,30,55
326,194,31,54
324,193,33,55
324,188,33,62
324,193,32,60
325,189,33,62
325,191,33,59
324,193,37,56
323,196,41,53
323,196,41,53
323,196,41,53
