469,181,54,28
471,179,53,31
472,179,53,34
476,179,53,34
476,179,54,35
477,179,55,38
479,180,52,33
478,179,54,33
481,179,53,32
482,179,52,33
484,179,52,31
485,178,52,31
489,177,51,32
493,177,48,30
497,176,47,30
494,176,51,31
496,175,51,34
499,173,52,35
501,173,52,35
502,172,54,39
505,172,53,39
505,174,55,37
506,174,56,36
505,175,58,36
504,175,58,37
504,175,57,38
502,175,57,39
501,174,57,39
499,173,57,40
499,171,56,40
498,171,54,41
496,173,54,37
495,174,55,37
493,175,56,36
491,176,56,37
490,178,56,39
490,181,57,39
490,189,57,35
489,200,58,30
489,203,59,32
489,207,58,33
488,211,57,34
488,212,58,34
486,213,58,34
483,214,57,34
478,213,59,33
473,210,56,31
467,204,54,29
460,195,51,31
452,185,53,31
446,173,43,29
435,161,48,24
430,143,46,30
420,130,48,28
416,118,46,29
410,108,46,29
404,100,44,28
397,93,45,29
391,89,44,29
386,87,42,30
380,85,41,33
374,86,40,33
369,89,38,34
363,93,37,34
358,99,35,35
353,106,34,36
347,115,32,37
341,126,31,37
335,138,30,38
329,153,29,38
323,170,28,37
313,186,32,37
311,203,28,42
305,219,26,39
298,239,25,35
290,243,26,41
275,242,36,50
265,174,50,34
265,174,47,33
266,174,43,34
267,174,32,36
266,177,39,35
267,178,34,38
268,182,31,34
268,184,38,33
299,171,35,29
301,177,32,26
269,190,39,32
268,191,39,34
264,193,45,36
264,193,47,36
263,194,48,36
263,193,48,35
262,193,51,36
263,193,45,35
265,191,42,34
264,190,41,32
267,188,40,32
268,184,36,32
267,179,38,33
265,175,43,42
265,174,42,35
294,230,35,23
297,223,33,20
298,215,33,21
301,207,31,21
301,195,32,29
300,191,33,30
304,190,29,29
305,189,28,30
307,191,25,27
309,190,24,27
308,192,22,27
305,191,26,28
298,193,33,26
298,191,30,29
299,191,27,30
297,190,27,32
296,191,27,29
298,190,25,27
300,188,22,23
301,182,20,25
300,174,20,25
296,169,23,23
292,164,25,27
289,159,25,30
285,156,25,28
282,153,27,37
278,153,21,33
275,154,21,32
266,159,24,36
263,159,25,38
259,160,28,41
233,160,52,52
229,161,53,52
232,162,50,49
228,161,55,51
229,161,56,50
228,162,56,47
235,165,50,44
226,161,59,45
235,161,53,49
227,163,59,47
225,162,61,49
225,163,58,49
226,168,58,45
227,165,61,49
228,169,57,45
232,164,64,48
229,170,62,44
268,170,28,35
271,165,26,36
273,163,24,32
272,158,26,32
271,156,27,29
271,155,27,29
272,156,24,30
271,157,26,28
271,159,26,30
271,161,25,27
271,162,25,28
271,162,25,27
270,162,26,27
271,161,25,26
271,159,25,26
270,156,25,26
268,153,24,25
266,149,25,35
263,147,26,36
261,145,26,37
260,143,25,34
258,143,25,31
255,141,26,33
249,139,28,33
245,138,30,32
235,138,44,40
232,131,50,53
226,120,39,63
223,122,40,50
219,123,44,51
214,127,45,56
210,137,32,38
209,140,30,28
208,140,25,23
207,140,23,23
206,140,23,24
207,140,22,24
207,139,21,25
209,139,21,24
210,138,20,25
213,137,20,23
215,135,20,24
218,132,20,26
221,128,20,26
225,123,21,26
230,115,21,27
235,105,22,27
242,93,22,28
249,80,22,29
257,66,23,31
265,55,22,31
274,45,21,32
281,36,22,33
289,29,23,32
297,23,24,32
305,19,23,31
313,17,23,29
322,16,23,28
330,16,24,28
338,18,25,28
346,22,25,27
355,27,25,28
363,34,25,27
373,43,25,28
380,53,27,29
389,66,28,29
397,80,29,31
405,98,31,32
414,118,33,32
424,141,33,35
432,167,37,34
442,193,38,37
458,214,38,39
473,230,39,46
494,243,38,44
512,254,32,42
523,260,28,33
525,263,31,32
526,263,33,36
526,260,32,35
522,255,37,42
518,255,38,43
510,259,41,39
506,255,47,48
499,252,49,47
491,248,44,46
481,243,41,44
469,228,44,45
457,216,45,41
445,195,41,40
432,180,45,41
427,164,41,39
417,160,44,29
409,136,38,39
400,125,39,38
390,115,40,40
379,107,43,39
374,102,38,38
366,98,36,38
357,95,36,38
349,95,36,37
341,96,35,37
333,98,33,37
325,102,34,36
317,108,32,35
309,115,32,36
301,123,32,35
293,133,32,36
285,145,30,36
272,159,36,33
274,167,30,37
275,175,28,32
274,177,28,34
273,175,29,34
272,172,30,33
273,166,31,35
273,163,34,34
275,159,33,33
276,157,35,36
279,159,34,36
281,162,35,38
284,170,36,35
289,181,35,35
294,192,34,35
299,212,32,36
301,237,33,36
305,263,32,36
307,290,32,40
309,321,33,38
313,317,32,35
314,299,32,34
317,283,31,33
319,269,32,34
318,269,31,34
321,257,31,32
322,245,32,31
325,234,31,32
327,225,30,33
329,219,31,32
330,212,31,32
331,208,32,33
334,208,31,33
337,213,31,34
342,228,33,35
347,246,32,36
353,268,32,36
358,290,33,37
364,314,31,38
368,321,32,34
370,305,32,34
372,290,31,34
374,277,31,31
376,264,31,34
379,254,30,32
381,246,30,32
383,238,28,32
385,232,27,32
385,229,30,31
387,225,30,31
388,223,29,33
389,225,31,33
392,237,30,34
396,254,30,33
398,274,32,34
402,293,32,36
406,317,31,36
407,315,30,32
408,301,31,31
409,287,30,31
409,275,30,32
410,265,30,32
410,255,30,33
411,247,30,31
411,241,30,32
411,235,31,32
411,231,31,33
411,229,31,34
414,236,31,34
415,250,30,33
417,267,30,34
416,285,30,35
416,306,30,35
415,319,31,34
415,306,29,31
413,290,30,33
413,281,29,30
413,272,28,29
411,263,29,29
410,255,28,29
409,250,28,29
408,244,27,30
407,240,28,30
404,236,29,32
404,240,30,32
406,252,31,31
412,268,28,30
414,284,29,32
415,303,29,33
417,318,28,32
416,305,29,29
415,292,30,32
416,282,28,30
415,274,28,29
414,265,29,28
413,259,29,29
412,252,30,29
412,244,29,34
411,244,30,30
412,244,30,31
416,251,29,30
419,263,30,30
424,279,30,32
429,298,31,34
435,320,29,36
437,313,30,32
440,302,31,31
443,292,33,32
447,282,31,32
450,275,32,32
453,267,33,34
458,265,31,31
461,259,32,33
465,257,32,34
468,256,34,34
471,256,34,35
474,259,34,38
475,275,35,36
474,295,36,40
474,320,33,38
470,335,36,23
465,318,36,37
462,305,36,37
459,293,34,35
454,283,35,34
449,274,35,34
440,270,45,34
497,224,36,35
500,226,35,35
503,228,35,35
503,227,34,35
501,225,36,36
499,222,35,34
496,219,36,34
492,215,36,32
487,211,38,31
484,207,40,30
481,202,39,30
477,199,41,29
474,197,42,29
470,197,42,30
465,199,44,30
428,178,32,31
426,180,31,28
428,180,28,27
456,209,60,33
459,218,36,33
460,219,47,39
464,226,45,43
471,232,43,45
482,238,42,47
494,247,42,47
511,253,40,49
528,258,40,51
546,265,47,52
567,262,39,54
590,257,39,62
606,261,34,54
615,228,24,82
408,174,32,36
348,245,34,34
345,250,34,37
341,264,36,38
341,283,34,39
340,306,34,40
337,332,36,27
340,322,34,37
340,306,38,38
343,292,36,36
345,279,34,35
347,268,35,36
348,259,34,36
350,251,35,35
353,245,32,35
354,240,30,35
352,237,30,34
346,233,32,35
341,229,35,35
335,226,35,34
330,222,35,34
324,218,39,35
318,215,41,35
313,212,40,36
308,210,34,36
304,211,34,34
302,210,34,36
299,209,34,36
299,209,34,37
300,207,36,41
300,206,36,41
303,204,34,43
304,203,36,43
306,202,37,41
306,197,39,43
311,193,38,39
310,179,40,47
311,173,43,46
315,168,39,45
293,158,62,51
312,159,40,44
317,155,39,40
317,151,36,43
318,149,36,45
313,148,40,44
311,149,44,43
311,151,43,43
317,157,35,41
315,161,38,39
319,168,34,40
319,177,34,41
317,187,34,37
314,195,37,37
312,201,35,36
311,203,32,37
307,205,31,35
305,208,30,35
302,209,29,35
294,209,32,38
290,205,36,47
288,211,36,43
290,219,31,35
291,222,29,32
293,219,30,32
295,215,31,31
300,208,32,33
304,192,33,36
313,181,30,33
319,161,33,32
326,139,32,32
332,118,33,33
337,98,33,33
343,78,35,36
349,60,35,36
354,43,37,37
360,28,37,38
367,14,38,39
373,2,38,38
380,0,38,29
387,0,36,20
400,0,27,11
409,0,22,10
427,16,23,15
427,16,23,15
481,107,17,11
486,93,26,31
503,80,20,40
512,66,22,70
599,80,33,39
604,79,29,42
605,79,28,41
605,80,29,41
480,17,46,20
485,6,46,45
494,21,47,46
501,36,46,43
504,46,48,45
506,59,46,47
505,74,46,54
505,89,48,47
508,106,45,48
511,124,46,45
517,138,44,47
522,150,45,50
528,161,46,48
532,171,44,45
531,171,47,45
531,177,45,43
531,181,46,42
530,182,45,43
529,181,44,42
529,180,44,42
529,177,43,43
528,173,45,42
528,169,45,44
528,165,45,46
527,163,46,43
526,160,45,44
525,158,45,45
524,155,47,47
524,155,45,43
526,153,41,44
525,152,44,46
525,152,44,45
525,153,43,46
525,154,42,45
525,155,43,46
524,158,44,44
524,160,46,42
524,164,47,39
524,166,44,41
523,170,42,44
522,173,42,44
522,177,41,44
523,180,41,43
523,183,42,43
524,185,44,44
525,186,43,45
526,187,42,45
527,188,39,45
529,190,37,44
531,195,36,39
533,197,37,44
536,201,35,43
537,203,34,44
539,206,32,45
538,209,32,43
538,210,33,45
536,210,35,44
533,209,37,46
529,208,40,45
525,206,42,45
521,204,43,44
516,200,44,44
510,193,47,44
507,184,48,46
505,179,47,44
503,172,47,46
504,166,48,46
504,162,48,47
505,160,47,47
504,159,48,46
504,158,49,43
505,157,49,47
505,159,51,45
505,161,51,45
505,163,51,46
506,166,53,47
507,169,52,48
507,171,51,47
510,172,48,46
512,173,47,44
513,174,46,43
516,174,43,44
516,176,44,44
515,177,45,44
513,178,47,46
514,181,44,42
513,182,46,43
511,185,52,39
508,177,44,42
505,175,49,43
505,170,43,43
503,167,42,43
501,166,47,43
502,164,41,43
502,163,41,44
502,162,41,44
502,163,41,43
503,163,43,45
504,165,42,42
505,166,43,43
507,168,44,43
509,169,44,44
510,170,47,45
512,172,42,43
514,174,45,45
515,175,46,45
517,176,47,46
518,176,44,45
520,177,46,45
521,177,44,45
522,178,43,45
522,178,43,42
520,178,44,42
521,179,45,44
522,181,44,42
520,184,45,39
522,186,43,38
522,188,42,36
518,184,46,43
519,183,45,42
508,179,57,48
514,181,49,47
513,185,54,43
515,185,49,44
517,185,44,43
518,185,44,43
519,187,44,42
520,186,44,43
521,185,43,42
522,185,44,43
523,185,43,43
524,185,43,44
524,184,44,45
526,184,43,46
525,184,43,45
526,184,43,47
527,185,42,44
527,185,42,46
528,184,41,47
529,186,40,46
530,186,39,44
530,187,41,35
532,187,40,36
532,188,42,32
530,191,46,35
531,200,40,27
531,194,42,29
532,197,37,24
531,193,38,22
531,188,29,21
530,179,28,20
533,169,23,18
577,168,28,26
531,148,25,19
531,138,22,21
531,138,22,21
534,125,19,16
536,118,19,16
564,85,42,25
542,116,38,38
547,184,28,42
546,185,27,43
545,184,28,45
543,184,28,44
542,184,30,44
542,184,32,44
540,184,34,44
539,185,35,44
537,185,36,45
536,186,36,45
534,187,38,45
532,188,39,45
531,189,42,46
529,190,43,46
527,192,44,44
524,189,46,49
526,195,42,45
524,200,43,44
520,204,46,44
520,208,44,45
518,212,46,45
518,215,46,45
517,217,47,44
514,214,48,46
509,211,48,45
502,205,49,45
494,195,49,44
486,181,48,42
481,162,45,41
479,140,45,41
481,114,45,44
483,88,45,43
484,65,47,43
486,42,49,45
488,22,50,47
491,5,51,46
493,0,50,34
504,1,39,18
517,98,35,29
518,92,29,25
521,86,28,21
528,79,26,24
538,70,24,45
604,83,28,38
595,83,35,36
599,84,30,34
604,83,25,33
605,86,24,27
610,87,18,26
609,88,19,23
609,85,19,26
605,89,21,20
611,90,15,22
611,90,15,22
576,93,18,27
614,106,19,37
572,95,31,34
551,60,61,58
606,134,34,54
542,113,53,54
534,141,52,55
526,170,51,52
521,190,51,52
517,206,53,49
513,217,57,50
516,227,49,48
517,229,52,47
522,228,51,50
525,229,49,47
526,227,48,47
527,226,46,44
525,221,45,43
524,213,44,46
522,208,43,44
518,203,42,42
513,196,44,42
507,189,46,41
502,182,44,40
497,174,45,41
494,166,45,40
490,158,44,40
487,149,44,40
483,141,46,40
480,134,44,42
477,130,43,41
475,128,44,42
474,127,42,41
471,127,44,43
470,129,45,44
468,131,46,47
468,135,47,49
469,140,47,52
469,145,48,53
472,152,49,50
474,158,50,51
476,163,48,49
476,165,50,48
478,167,50,48
478,168,51,47
481,169,50,47
484,169,48,45
487,171,48,43
489,173,47,45
490,176,47,46
492,179,47,46
494,181,47,47
495,183,46,48
497,185,45,48
498,186,43,47
496,189,45,45
496,190,45,44
498,190,43,44
500,190,43,44
500,191,44,42
501,190,43,45
501,188,43,45
502,188,43,46
502,188,45,45
503,187,45,45
504,187,44,46
505,187,44,45
506,188,44,45
507,189,43,44
508,188,43,45
509,188,43,47
510,189,42,46
511,190,42,47
512,191,40,48
513,192,39,48
513,193,38,48
512,194,38,48
511,196,38,46
510,197,38,47
509,198,39,48
507,200,39,46
507,201,39,45
506,202,39,46
506,204,38,47
506,204,37,48
506,206,37,47
505,207,36,46
505,208,37,47
505,207,40,47
502,208,43,47
486,178,45,34
487,198,50,31
490,208,52,37
493,212,39,34
499,214,34,32
504,215,28,32
507,216,24,32
510,215,20,33
507,216,23,33
505,217,26,34
504,217,26,36
503,216,26,35
503,216,27,32
503,215,27,30
502,213,29,30
502,211,28,29
502,208,29,29
501,204,29,28
501,200,30,28
502,195,32,28
503,191,31,28
504,187,34,27
506,183,33,26
509,179,34,25
512,177,35,23
515,176,41,21
519,166,63,33
460,221,43,43
528,155,63,45
531,159,65,44
427,175,38,37
421,160,36,32
411,141,39,39
404,129,39,39
397,117,39,39
389,108,39,40
381,99,40,39
374,94,38,39
366,89,37,39
359,85,38,38
352,84,37,39
343,84,38,39
336,86,37,40
329,90,36,39
321,95,36,38
314,101,35,39
307,111,34,38
299,122,33,38
291,134,35,37
288,148,37,37
290,163,34,40
289,182,37,38
293,207,34,37
292,237,38,29
294,263,38,48
297,305,37,44
299,338,37,20
299,317,35,35
299,297,34,36
298,278,36,35
298,263,34,35
297,249,35,34
297,235,34,35
297,225,33,33
296,216,33,32
297,207,32,34
294,194,34,41
295,193,32,36
293,194,34,32
294,195,33,33
295,196,33,36
295,202,32,37
295,204,32,35
294,208,32,34
294,209,33,34
293,208,34,37
295,210,35,35
299,209,35,35
303,206,34,34
306,199,36,37
308,195,39,35
312,191,38,33
320,184,32,35
324,180,31,36
327,179,31,36
329,180,32,37
333,186,30,35
335,192,32,38
339,205,33,36
341,221,33,37
345,240,34,38
348,261,34,38
351,283,34,39
354,307,35,40
355,335,36,23
356,320,34,36
356,304,35,36
358,290,33,36
358,278,32,33
359,267,31,36
359,257,30,35
357,248,33,37
353,244,37,36
342,225,48,49
347,222,43,49
350,225,41,42
342,213,44,53
349,225,32,28
349,225,32,28
439,250,47,23
503,216,33,38
508,216,33,47
512,216,32,55
513,219,37,56
514,220,36,55
514,218,34,55
509,218,34,54
504,216,36,52
495,214,38,47
487,210,41,39
480,204,43,30
477,188,43,33
484,169,34,47
487,156,33,49
482,150,45,37
485,144,48,33
489,134,44,43
496,124,33,53
496,124,39,45
494,132,48,33
498,131,43,39
506,129,33,51
510,135,34,51
506,151,44,36
508,161,47,32
514,162,39,38
518,164,36,41
522,166,35,46
523,169,35,45
522,172,37,46
519,175,36,46
516,179,38,46
510,185,38,41
506,189,38,39
502,194,39,36
498,199,41,32
495,204,44,29
495,207,42,28
496,211,41,29
496,216,41,31
496,222,42,32
497,228,41,34
500,234,41,37
502,240,40,40
503,244,38,41
504,248,37,40
502,248,37,42
498,247,38,41
493,242,41,40
485,234,42,36
476,222,46,32
469,205,47,31
466,185,47,30
467,164,45,35
469,145,41,34
469,127,44,38
471,109,42,37
472,94,40,37
473,81,41,41
475,71,40,44
477,61,37,46
479,55,36,48
480,50,35,50
481,47,35,52
482,46,34,53
483,48,34,55
483,51,34,54
484,57,35,56
485,66,35,54
486,77,34,53
487,90,33,52
488,107,35,48
488,125,37,46
486,147,43,48
484,166,49,40
483,178,54,36
483,189,48,35
485,200,46,33
491,210,42,37
496,219,46,39
502,230,40,36
511,238,36,38
519,242,32,40
522,244,30,42
524,248,29,37
525,250,28,35
524,243,25,41
518,238,30,39
510,233,36,36
499,223,43,36
488,210,51,33
479,195,64,29
479,179,63,27
479,159,48,35
479,139,39,42
482,124,31,44
482,112,29,46
477,104,32,41
469,100,41,34
464,96,47,30
461,92,47,31
461,86,43,37
462,82,36,45
462,81,32,50
460,84,33,51
455,94,38,43
448,106,46,37
444,119,49,31
442,131,49,32
443,141,41,38
444,145,36,42
444,150,37,42
445,155,42,40
447,162,44,42
450,170,46,39
454,181,53,37
459,193,48,34
464,204,47,32
471,216,47,31
477,225,44,31
482,231,43,31
488,234,43,32
494,234,41,32
500,231,40,32
508,226,42,32
517,216,36,35
521,209,36,34
526,202,41,32
531,194,46,32
539,188,49,32
546,183,52,35
553,181,51,34
561,177,55,38
565,178,54,39
566,180,56,39
566,182,56,40
562,188,61,39
560,194,53,38
548,200,54,37
539,208,53,35
525,214,54,34
513,221,49,30
506,221,43,33
501,222,51,32
499,223,44,31
497,222,43,33
497,220,46,34
496,222,44,33
495,222,45,32
495,223,48,31
495,222,44,30
494,222,38,29
492,219,43,29
491,216,43,27
489,212,44,27
487,206,46,27
486,200,47,27
487,192,47,28
489,183,47,29
494,177,43,30
499,171,43,30
505,168,43,31
511,165,40,31
518,164,38,32
525,165,39,34
530,168,40,31
533,172,39,30
534,178,41,31
535,184,44,31
536,189,45,31
535,194,45,31
535,198,45,31
535,201,46,30
534,202,43,28
532,202,44,28
532,201,41,29
530,201,44,29
530,202,47,30
529,204,49,30
531,207,49,28
530,207,47,31
532,209,47,33
533,211,43,37
536,218,39,37
539,229,37,30
543,237,32,27
547,242,26,26
551,246,24,26
554,247,22,28
558,252,19,26
561,253,18,26
564,253,15,28
566,256,13,26
565,220,44,29
565,254,20,28
566,255,14,28
567,255,12,27
561,222,32,25
564,256,15,25
564,253,14,28
562,252,16,29
561,251,17,30
560,250,19,30
560,249,19,31
560,250,19,31
559,250,20,30
560,250,20,30
559,252,20,28
557,251,20,29
555,255,21,25
553,249,21,29
549,254,24,24
546,246,25,31
540,243,29,33
533,240,33,33
524,237,38,32
516,232,36,31
503,225,40,31
492,214,40,28
482,200,41,27
474,184,41,28
466,171,43,32
458,159,40,28
452,149,37,28
444,139,36,32
437,132,33,32
430,127,32,32
424,123,30,32
416,121,30,33
409,121,29,34
401,123,27,34
394,127,28,33
387,131,25,33
380,138,25,34
372,146,24,34
364,156,24,34
357,167,23,34
348,182,23,35
344,192,26,31
338,197,31,29
336,197,32,28
329,196,39,28
332,194,36,26
332,189,38,26
335,183,34,25
336,176,34,27
336,170,33,27
338,166,28,28
339,163,26,27
339,162,24,28
341,162,21,27
341,165,19,29
340,170,17,30
338,173,18,30
335,181,21,27
332,190,22,23
327,196,26,21
331,198,21,22
332,202,19,19
333,201,19,21
334,202,19,20
336,199,20,22
341,193,19,25
343,189,19,26
345,185,21,26
348,180,21,28
351,177,22,28
353,175,23,27
354,174,23,25
356,176,24,26
358,178,25,23
359,181,27,21
357,178,31,28
363,186,27,25
365,190,26,25
367,193,27,26
368,192,27,28
368,196,29,24
370,197,28,21
372,196,29,19
375,194,27,20
377,193,29,25
378,192,30,20
379,189,30,28
382,188,29,23
343,160,33,45
343,159,36,54
344,159,36,47
345,160,35,56
348,160,33,52
395,199,27,25
399,202,23,22
405,202,21,25
409,200,19,26
414,200,19,23
416,197,21,25
420,195,22,23
422,192,24,24
424,188,24,25
424,184,26,26
423,183,27,23
418,182,30,22
416,181,30,22
410,179,35,23
410,177,33,27
408,177,30,30
407,183,27,26
377,164,51,47
378,168,48,46
395,190,28,31
392,196,26,23
389,197,25,23
382,197,30,24
381,193,30,29
414,167,26,31
384,166,59,55
511,168,40,36
514,160,38,42
517,155,38,42
519,150,41,40
524,147,39,40
526,146,39,42
527,147,41,43
530,149,42,46
530,152,45,45
531,157,45,45
532,158,45,43
532,164,47,42
533,166,46,41
534,172,48,46
537,180,49,46
539,186,49,45
539,191,48,45
539,194,47,44
537,195,47,45
536,193,48,43
534,192,44,41
532,192,46,42
530,193,47,42
529,194,45,42
527,197,45,42
524,200,45,42
522,203,50,42
522,206,43,41
522,209,43,40
523,211,44,42
527,213,43,42
528,216,44,43
531,221,45,43
537,229,44,42
539,234,45,44
543,240,42,44
547,246,46,42
550,247,47,46
550,251,49,43
549,251,52,43
548,250,50,43
545,248,48,44
539,245,49,45
533,241,50,45
525,234,51,46
513,221,57,47
508,204,57,49
502,184,54,47
500,162,53,47
502,142,54,45
503,124,52,49
509,108,46,46
508,92,49,47
502,79,62,50
506,73,61,53
509,64,54,47
508,56,55,49
510,52,54,49
519,49,49,50
513,50,54,51
515,52,56,50
514,55,63,55
518,61,70,60
519,74,66,49
519,83,64,53
524,96,53,55
523,113,59,61
530,129,46,50
531,140,51,51
534,148,49,50
534,158,52,48
537,164,50,44
537,166,50,46
534,169,49,47
528,171,54,47
526,176,49,43
523,179,45,43
517,183,44,42
512,186,43,40
507,187,44,42
504,189,42,43
502,191,41,43
500,190,41,43
496,189,41,42
490,185,43,42
484,178,46,43
483,170,42,41
479,162,43,41
474,146,56,47
483,135,41,38
414,212,27,25
412,203,29,22
411,188,30,25
409,173,28,21
411,153,25,22
409,131,25,25
409,111,24,28
409,91,23,31
408,72,23,34
407,55,23,37
407,40,22,38
406,27,23,38
405,17,23,35
404,9,23,32
403,2,23,28
403,0,22,22
402,1,22,15
400,0,22,11
400,0,20,10
400,0,20,10
397,0,22,10
395,0,23,11
394,1,24,14
391,0,26,17
387,0,29,22
384,2,30,27
383,11,29,26
382,22,28,26
381,34,26,29
380,46,25,32
379,60,24,37
376,76,24,41
375,96,24,42
371,119,26,36
370,138,24,31
366,149,26,29
362,160,25,25
360,164,36,29
358,171,31,29
371,158,50,37
355,157,60,45
363,158,46,38
341,169,46,41
340,182,33,30
336,183,34,32
332,191,34,28
328,195,35,28
327,200,32,26
324,203,31,26
321,204,33,26
320,205,32,25
317,204,33,26
315,204,32,27
313,203,33,27
311,202,34,26
309,202,35,27
307,202,36,27
304,202,40,28
302,203,40,29
301,204,42,31
300,209,35,31
297,217,30,29
296,222,28,28
292,226,29,28
288,230,28,27
285,231,29,27
280,233,28,27
277,233,30,30
275,234,28,28
273,236,28,27
272,234,28,29
272,238,30,25
274,236,29,28
277,235,29,30
279,233,32,29
283,230,32,31
292,227,28,28
299,220,28,29
309,209,27,31
316,200,26,26
323,187,25,26
329,170,25,24
332,151,25,25
335,132,24,26
337,113,24,27
337,95,25,28
337,80,27,30
336,68,30,29
335,56,35,29
335,47,38,27
336,40,39,26
336,34,39,25
338,28,39,26
339,23,37,30
342,20,33,34
345,18,28,37
347,19,26,39
349,21,24,39
350,28,24,36
351,36,23,32
351,46,23,29
351,57,24,27
352,68,23,25
352,81,22,26
352,94,22,28
351,109,24,29
351,126,25,29
349,144,29,30
346,161,33,32
343,173,36,30
341,183,36,28
336,189,37,29
329,195,39,29
323,199,41,28
323,204,37,26
308,202,50,31
315,203,40,30
309,203,46,31
316,203,38,30
317,203,38,26
322,199,34,26
325,196,35,24
334,190,28,26
338,187,26,24
342,181,23,23
329,177,36,24
334,173,33,27
335,171,32,27
336,170,33,30
336,172,32,28
337,175,32,28
338,179,32,29
339,184,29,28
342,187,28,21
341,189,26,21
340,190,23,20
337,190,23,21
332,189,22,24
327,187,25,26
324,188,25,28
323,190,25,27
323,191,25,26
324,193,25,26
326,195,26,25
330,196,26,25
336,196,24,26
340,196,25,27
346,196,26,25
352,195,25,26
358,196,23,24
362,198,24,23
365,200,24,23
368,203,24,25
368,205,27,26
369,208,29,29
370,212,30,29
373,215,26,29
374,219,26,28
373,222,27,28
375,225,24,27
372,226,27,28
370,226,29,29
371,226,29,28
371,226,29,29
372,226,29,29
373,225,29,30
375,224,28,30
376,222,27,32
378,221,26,32
377,221,24,33
366,221,33,32
371,216,28,37
345,217,47,34
353,218,38,30
338,148,59,47
337,152,61,33
362,157,38,68
370,169,31,66
361,147,47,28
406,139,23,20
391,146,19,21
391,146,19,21
342,144,75,34
356,146,63,36
340,151,43,34
381,140,41,31
342,144,79,33
343,152,55,45
377,139,48,31
393,141,32,26
344,152,28,27
397,140,28,30
344,148,34,30
393,138,33,33
394,138,34,36
393,139,36,34
393,138,40,36
393,138,40,33
344,215,25,34
340,215,26,37
332,219,27,35
323,223,29,33
314,225,32,33
308,227,34,31
304,227,36,31
301,225,37,31
302,225,36,30
303,222,37,30
306,218,37,32
310,215,38,31
315,210,37,32
321,203,40,35
325,198,43,38
324,196,46,39
324,197,46,38
325,199,45,35
325,200,47,35
325,201,42,36
325,205,41,35
327,211,36,33
329,216,48,36
333,225,51,34
340,225,59,43
353,223,57,54
387,128,40,44
383,124,41,46
382,127,41,44
417,236,35,29
413,232,48,55
426,225,42,57
486,188,43,42
488,190,44,42
490,189,46,41
492,189,49,41
495,189,51,42
501,187,48,43
508,186,46,43
517,185,43,44
525,184,46,47
533,186,47,47
543,188,48,48
552,191,50,49
556,194,59,50
559,197,60,51
559,199,61,52
556,204,62,49
552,207,57,48
543,207,54,49
539,209,44,46
529,209,46,45
523,206,42,44
516,203,43,43
507,199,46,42
502,197,46,40
502,194,44,41
503,193,44,40
506,192,44,41
513,191,41,43
521,199,37,34
527,196,29,38
535,200,23,36
544,207,16,26
544,207,16,26
543,278,34,37
538,280,35,30
616,261,22,39
616,271,22,28
624,228,15,28
625,215,14,43
625,219,13,37
626,213,13,38
625,211,13,35
626,210,13,36
626,207,13,46
623,203,16,36
615,196,24,45
606,195,34,47
596,197,43,48
585,195,52,49
575,196,56,50
565,198,54,46
556,198,48,45
543,197,46,45
540,197,50,48
532,197,44,46
526,196,41,46
517,195,43,43
509,196,47,41
505,194,49,42
506,192,49,43
505,192,51,41
510,192,43,39
513,191,42,38
514,189,42,39
516,188,41,40
518,187,42,42
519,186,41,41
521,185,40,41
523,186,41,41
523,181,43,46
525,184,42,43
524,184,43,42
525,184,42,43
526,183,43,44
528,182,43,44
528,182,43,45
529,182,44,44
530,182,44,44
531,182,44,44
532,182,45,44
533,182,45,44
534,183,44,44
534,183,45,44
536,184,44,44
536,184,44,44
537,184,43,44
538,185,44,45
539,186,43,44
539,186,45,45
539,186,45,44
540,186,44,46
541,187,44,44
541,187,45,45
541,188,45,44
541,187,45,45
541,188,44,44
542,189,45,44
542,189,45,44
542,188,46,45
543,188,45,44
543,188,45,45
543,187,44,45
543,187,44,44
542,187,43,44
541,187,45,46
542,186,44,46
541,186,44,45
541,187,44,45
541,186,44,45
540,186,45,46
540,187,45,45
539,187,45,47
539,189,43,44
538,189,46,46
538,189,45,46
537,190,46,46
536,178,46,58
536,191,47,47
535,193,46,42
536,192,44,42
536,191,44,42
537,189,44,42
538,188,44,39
539,186,46,41
542,185,46,42
541,184,49,44
544,184,47,45
544,183,47,45
546,183,46,47
547,184,49,45
547,184,48,44
546,184,49,45
546,184,48,45
546,185,49,44
544,184,51,46
543,185,51,46
543,181,50,51
541,186,50,47
541,186,50,48
540,188,51,50
540,190,52,49
540,192,53,50
539,194,54,50
539,197,55,50
540,201,52,48
542,206,51,47
542,209,51,48
542,212,50,48
542,216,50,48
541,219,50,47
537,219,49,48
531,216,46,48
522,212,48,47
515,206,47,46
501,197,47,44
490,185,46,44
481,172,46,41
471,158,44,44
468,143,41,39
458,129,41,41
449,116,40,42
440,107,42,44
432,100,44,42
423,93,45,43
417,89,43,43
410,87,42,41
403,87,41,40
395,89,41,42
389,92,39,41
381,96,39,41
374,103,40,41
367,112,37,42
363,122,37,41
364,123,36,40
364,134,36,41
364,135,36,40
366,150,35,40
369,173,39,40
374,196,35,42
379,222,38,43
382,252,40,47
386,284,41,47
391,322,40,37
444,254,36,19
421,238,33,18
443,255,23,17
394,288,45,38
398,268,39,40
399,252,40,40
399,238,39,40
400,225,38,39
400,214,38,36
400,203,38,38
400,195,37,40
400,186,37,41
400,185,38,40
400,188,38,39
401,195,38,39
401,206,38,38
403,223,37,40
404,243,36,40
402,263,37,42
403,286,38,42
403,310,36,43
401,338,37,20
399,328,36,32
397,310,35,37
400,294,29,37
401,282,22,32
399,270,20,34
399,270,20,34
439,251,42,23
439,251,42,23
535,198,23,27
537,197,43,29
534,198,43,28
533,199,44,29
531,200,44,28
530,201,54,29
529,202,44,30
529,200,47,32
530,197,55,35
532,197,44,37
537,193,32,41
540,186,34,44
543,182,38,48
541,182,35,49
540,184,38,47
540,190,40,43
539,195,35,36
537,200,36,34
536,204,37,31
535,207,38,30
535,210,42,31
534,211,45,31
537,212,38,33
538,213,36,35
541,214,31,36
542,216,31,36
545,216,31,36
547,217,32,35
550,218,31,32
551,216,28,32
552,213,22,26
553,211,29,23
551,206,31,30
552,203,29,19
551,201,31,22
548,201,33,21
544,201,34,23
541,203,34,27
540,206,34,29
538,210,34,28
537,210,36,29
537,213,34,29
537,209,37,34
536,207,35,38
536,206,34,39
535,203,33,39
534,201,37,38
532,196,39,35
530,192,49,32
528,187,41,29
528,180,45,27
530,169,40,32
535,158,36,42
541,150,32,48
542,147,35,47
541,150,43,39
540,156,48,31
544,159,45,33
550,159,38,41
556,162,37,47
562,167,31,44
562,169,37,45
563,174,35,41
562,177,33,43
559,179,36,43
557,180,37,41
555,182,36,38
553,182,35,39
552,180,35,37
549,175,33,34
546,170,34,33
542,167,34,32
539,166,35,33
537,166,35,33
535,168,38,34
532,171,38,34
531,175,39,34
529,180,33,32
528,187,32,31
526,194,40,33
526,203,36,33
525,212,39,35
526,213,37,34
525,222,40,35
526,231,41,37
529,238,38,40
532,245,37,41
534,250,38,40
536,251,37,41
539,251,36,42
540,251,36,44
539,252,37,42
539,251,35,41
535,249,36,41
533,246,37,42
530,242,35,39
525,237,38,36
519,230,41,33
515,222,42,30
513,211,43,28
512,198,42,28
515,185,40,32
517,173,38,38
519,164,35,43
522,157,32,48
523,153,30,47
523,153,31,49
524,156,32,44
522,162,37,38
520,169,42,33
519,178,45,31
518,185,47,30
518,187,48,30
520,191,47,31
521,194,46,30
523,196,45,30
525,199,45,30
527,202,45,30
529,204,45,30
531,206,45,29
535,208,46,28
540,209,41,28
544,209,47,30
549,208,39,31
553,207,37,31
555,205,34,34
558,203,32,35
559,201,32,36
560,199,32,36
561,198,34,34
561,197,37,33
562,197,39,32
562,197,41,31
562,197,45,31
565,199,39,29
562,199,40,32
560,202,41,32
555,204,43,35
560,211,36,36
563,215,31,38
565,222,32,38
568,226,37,40
572,228,37,43
573,232,36,40
573,236,34,35
567,232,33,37
561,225,33,41
552,219,37,39
542,212,38,34
532,201,44,30
529,186,45,30
533,166,42,40
536,151,31,47
532,144,36,38
525,141,49,31
526,132,44,32
531,122,34,43
532,117,32,45
527,120,40,36
523,124,48,29
527,123,39,36
531,122,31,47
530,128,33,44
523,143,45,32
524,155,46,31
527,158,47,41
532,162,38,43
533,164,37,43
533,168,37,43
534,173,41,41
534,176,47,42
535,181,47,40
536,185,51,39
539,190,44,35
540,194,47,35
541,198,48,33
543,202,45,32
544,204,44,31
545,206,44,30
545,209,41,30
544,211,46,28
542,212,45,29
541,214,45,28
540,216,46,29
539,217,49,28
538,217,50,32
537,222,48,29
537,226,48,28
537,229,47,28
537,231,48,29
538,234,48,28
539,234,46,30
540,235,46,29
541,236,45,29
541,236,44,30
542,237,44,30
543,237,44,30
544,237,44,30
544,238,44,30
544,238,45,30
544,237,45,29
543,236,46,29
544,235,46,29
543,236,46,29
543,234,46,29
543,234,46,29
543,234,45,28
543,234,44,27
545,235,43,27
547,236,43,27
548,238,41,27
549,241,44,27
551,246,42,28
551,251,41,28
553,258,39,30
551,268,37,27
549,273,37,29
543,276,39,31
534,276,43,31
535,204,46,44
510,267,45,29
499,253,44,29
488,236,46,29
548,194,47,50
474,197,42,35
552,189,52,50
552,186,47,48
553,184,47,46
554,184,48,47
555,185,47,44
556,186,47,45
558,187,47,44
559,189,45,43
559,191,47,45
554,194,50,44
553,196,48,44
551,199,50,44
549,202,48,43
547,204,48,42
545,205,48,42
544,206,49,42
543,207,46,43
544,211,43,41
545,211,44,41
545,206,47,47
546,210,46,44
547,210,49,44
547,209,48,44
547,209,48,43
546,208,49,42
542,206,50,42
538,202,46,43
534,196,48,42
530,189,49,40
528,179,52,39
528,169,46,39
531,157,48,41
534,147,45,41
536,139,47,42
540,131,47,42
543,125,49,44
546,121,52,45
551,119,49,45
555,118,49,45
564,119,46,48
568,123,49,48
571,128,49,47
577,136,53,44
582,141,52,48
581,151,54,47
584,162,51,47
585,171,50,47
583,181,52,48
580,189,50,48
573,199,52,42
569,206,52,43
562,210,51,46
558,216,43,43
555,218,43,43
553,219,42,41
550,217,43,41
550,216,42,40
550,213,42,40
550,211,42,40
551,210,42,40
553,209,41,41
554,209,41,41
556,210,41,40
558,213,41,40
560,216,38,40
562,221,36,38
565,223,33,39
564,224,34,39
562,225,35,38
560,225,35,39
558,225,34,38
557,223,34,39
554,223,35,39
550,222,37,39
547,222,36,39
545,221,35,40
542,220,35,39
539,219,37,40
538,218,35,38
535,217,36,40
533,215,36,40
531,215,37,40
530,214,36,40
526,213,39,41
525,213,37,40
521,212,40,41
519,211,40,42
516,211,41,41
512,211,43,43
509,211,43,43
508,212,40,43
