434,270,72,67
433,270,73,66
430,270,74,63
433,270,75,68
431,270,72,65
434,271,72,64
431,269,71,66
435,272,72,65
434,271,71,65
432,270,73,67
431,269,70,67
433,271,72,62
433,271,72,64
430,269,73,66
431,270,73,65
433,271,75,63
431,269,74,67
431,270,75,67
432,271,75,64
431,269,71,66
433,272,74,63
431,269,73,68
434,271,73,64
430,270,74,66
433,270,72,65
432,271,70,64
434,271,73,66
429,270,73,64
433,271,72,64
432,270,75,67
430,269,72,65
434,271,71,65
434,271,72,65
432,269,72,67
434,271,72,65
431,270,72,67
431,271,74,65
432,271,72,63
430,271,75,63
430,270,76,65
432,273,74,63
432,269,72,66
432,267,72,69
431,269,70,66
430,270,73,65
429,270,69,63
428,270,68,63
427,269,66,65
427,268,64,66
424,268,66,63
422,270,67,60
420,269,63,61
420,269,63,64
420,268,58,62
414,268,60,61
414,266,60,64
412,267,58,61
408,267,63,63
407,267,64,62
406,267,64,61
402,267,65,61
399,266,67,60
392,265,68,62
384,265,72,60
379,262,75,62
371,264,73,58
365,263,72,58
362,261,66,58
353,263,69,56
347,261,66,60
336,261,72,57
328,260,70,56
323,259,66,56
311,259,68,55
300,258,68,54
293,259,65,54
282,258,67,52
283,258,61,54
279,258,59,53
277,258,59,52
274,259,56,49
265,260,57,48
260,259,54,45
253,256,54,50
248,255,53,48
244,255,51,47
241,256,50,45
240,255,48,44
237,250,47,46
236,249,47,47
233,245,46,49
232,246,46,47
231,245,45,46
230,245,45,44
229,246,45,42
228,246,46,41
227,245,46,40
226,243,47,42
225,242,45,43
223,242,46,42
223,242,45,41
221,242,46,41
221,242,45,41
219,244,47,39
220,244,45,38
220,244,45,37
219,243,45,39
218,244,45,39
217,243,46,40
217,242,47,41
215,242,50,41
215,242,49,41
216,244,49,41
215,244,52,42
214,245,53,42
217,246,52,43
217,247,53,46
216,245,57,48
215,247,63,49
210,245,68,54
206,248,75,56
202,248,82,53
214,251,72,55
224,253,63,54
227,251,63,60
233,253,59,58
241,252,54,61
248,256,48,59
243,256,54,57
251,255,48,60
253,257,49,60
254,256,55,61
256,256,62,60
258,256,67,58
263,254,71,57
270,251,73,56
270,252,78,56
276,249,68,62
278,244,67,65
320,226,58,69
290,245,60,56
264,250,73,59
256,252,82,54
251,247,92,57
276,244,105,54
264,242,118,57
271,231,116,66
280,235,109,60
286,235,95,61
291,237,83,60
291,237,83,60
292,239,77,58
296,231,70,67
295,238,63,62
296,239,60,60
298,238,50,60
303,244,48,55
301,245,48,51
301,248,50,47
295,245,57,49
294,248,59,44
292,245,61,51
293,244,59,50
287,244,65,48
282,241,69,53
282,245,71,48
282,242,64,51
276,247,69,46
278,245,71,47
278,244,65,47
273,245,70,47
274,243,68,50
271,243,67,49
268,246,73,48
263,246,72,48
255,244,79,51
259,249,70,46
256,253,68,43
250,254,70,44
247,254,68,46
242,253,65,51
232,255,67,47
220,251,72,53
213,255,70,52
203,256,72,52
193,256,72,55
181,258,75,52
173,258,70,53
164,259,70,52
155,261,69,51
146,259,69,53
140,260,66,53
134,259,63,51
127,259,61,51
124,258,58,54
117,258,60,52
112,258,58,53
109,259,57,51
109,257,54,52
107,257,53,51
104,258,56,51
103,257,53,51
99,258,51,48
97,258,50,48
94,258,51,48
92,259,51,46
91,259,52,47
89,259,51,46
87,257,54,46
88,260,52,42
88,257,62,42
89,256,73,44
91,255,82,42
94,255,86,41
96,256,90,39
96,256,90,39
104,253,89,39
108,253,89,40
113,253,84,39
118,252,74,39
126,248,66,43
132,248,55,42
136,249,54,43
139,248,51,43
143,246,50,43
145,248,53,41
148,247,50,41
149,245,50,43
150,245,53,43
150,247,57,41
152,245,52,43
150,244,56,42
151,243,52,41
148,239,54,44
149,236,58,43
152,232,59,42
157,227,57,42
166,216,52,47
175,213,49,47
182,214,48,44
186,214,48,43
187,213,48,44
188,211,47,44
186,210,48,45
186,208,48,43
187,203,49,45
192,201,49,42
198,196,50,45
204,193,49,45
210,184,51,51
216,182,55,49
211,178,64,49
219,174,60,51
229,171,58,49
233,168,61,49
246,167,58,50
258,163,55,51
265,163,54,50
270,162,54,50
272,158,59,51
283,156,54,51
288,153,60,53
285,151,72,54
292,149,75,54
308,148,71,53
325,149,63,49
330,148,65,48
346,149,56,48
355,149,56,47
364,152,57,49
372,153,60,51
384,157,61,51
393,161,68,52
408,161,66,54
421,164,68,58
433,165,70,59
445,166,68,62
455,174,70,60
460,177,73,64
468,185,72,63
471,188,75,65
474,194,77,67
477,198,73,69
479,206,71,67
472,213,73,63
468,216,74,64
462,222,70,64
453,222,72,69
438,225,75,71
426,234,74,67
411,240,76,66
398,243,77,69
387,245,75,69
371,245,71,73
358,243,72,78
349,246,69,76
338,247,69,76
329,246,65,77
322,246,64,75
311,250,64,69
305,244,63,74
295,243,67,73
291,243,63,73
286,243,59,71
280,241,62,73
275,239,64,73
271,239,64,71
268,237,64,72
268,238,62,70
264,236,61,71
264,235,63,72
262,236,62,69
258,233,66,72
257,228,60,75
259,230,63,71
255,232,61,68
252,227,63,72
250,227,60,70
245,228,60,68
243,230,60,65
241,229,59,68
239,221,60,75
235,219,60,76
233,216,58,78
225,215,62,81
220,218,60,76
214,218,62,78
207,227,61,67
199,231,60,64
193,229,60,63
188,232,59,61
181,234,59,58
176,235,56,58
171,237,55,55
167,231,54,60
161,238,55,52
158,231,56,57
152,227,59,59
151,222,59,61
149,212,60,69
149,216,59,62
150,221,59,55
151,228,58,50
151,226,56,50
151,230,55,47
154,228,53,49
152,231,51,53
153,232,52,54
153,235,51,53
152,244,51,49
153,248,49,45
153,249,48,44
154,249,49,46
154,246,51,50
155,247,51,52
155,249,53,51
158,249,53,52
159,252,53,48
159,250,56,51
160,250,55,51
161,251,57,51
162,250,57,52
162,250,57,54
163,252,56,52
164,254,58,51
165,254,59,52
166,253,62,55
168,252,66,58
175,261,69,53
169,255,70,56
172,254,83,61
201,251,76,67
172,250,68,59
210,282,73,48
172,257,65,50
174,256,64,53
174,257,66,51
174,258,64,51
174,256,61,52
174,255,62,56
174,255,63,53
174,255,61,52
175,255,59,54
174,254,60,54
174,251,55,57
172,251,57,56
171,248,62,59
171,248,60,59
172,247,57,57
172,246,58,59
172,243,60,59
173,246,57,56
173,246,53,57
172,247,52,58
171,248,54,59
172,250,56,52
173,244,56,55
176,243,55,54
175,242,56,54
175,242,54,55
172,241,57,55
172,238,55,55
172,230,53,57
169,230,54,52
164,231,55,50
158,231,57,52
152,232,54,54
151,228,58,56
152,227,58,55
152,229,57,58
151,232,54,55
147,227,61,56
147,226,64,54
150,230,57,53
152,233,56,52
149,230,59,50
149,227,59,48
154,224,57,50
162,223,55,50
169,223,50,48
176,225,50,45
182,224,50,48
188,222,50,50
192,223,52,51
197,224,53,49
201,224,55,51
207,224,54,50
213,224,54,52
219,221,52,57
223,222,54,57
231,218,51,61
235,216,57,62
236,212,63,66
240,210,65,68
248,213,62,64
253,214,60,58
261,216,55,57
260,215,57,56
264,216,54,55
265,214,57,57
265,209,58,61
264,205,57,64
261,197,60,71
261,196,59,70
259,194,60,73
256,192,57,75
259,190,48,71
254,193,48,67
250,189,51,73
246,187,54,75
239,185,61,71
239,184,62,69
238,180,61,73
240,187,56,61
235,187,55,56
230,184,55,57
224,183,55,55
218,183,53,53
209,179,55,57
203,179,52,58
191,172,58,66
187,172,57,70
181,170,56,71
175,161,57,78
170,169,57,71
168,169,54,70
161,156,61,75
157,150,61,75
149,144,65,72
146,136,63,66
138,129,68,65
131,125,74,61
122,126,77,60
124,128,69,63
121,136,70,65
124,146,67,64
135,153,65,65
146,162,65,67
159,169,59,65
153,174,71,66
153,177,74,61
155,175,75,64
155,171,73,63
153,167,75,66
153,165,72,68
152,169,73,63
152,169,73,62
154,169,70,59
154,171,73,59
160,169,69,62
162,169,67,62
172,167,57,66
174,169,57,65
179,169,54,62
179,171,54,63
181,171,53,66
181,170,50,66
176,172,53,66
174,172,52,65
170,171,50,65
161,171,50,63
151,173,53,61
140,172,55,63
128,176,60,62
122,176,56,59
113,175,54,55
106,175,54,54
100,175,55,54
96,172,52,53
91,171,51,55
87,172,52,53
85,173,50,52
81,173,54,50
80,172,54,52
81,169,53,53
80,168,53,54
79,168,55,53
85,168,53,50
87,168,54,47
89,168,54,51
92,169,54,54
95,171,54,47
97,174,55,46
100,178,57,41
105,181,56,36
110,184,55,35
114,187,57,37
119,193,57,42
124,192,57,42
127,197,57,40
131,202,58,40
137,205,58,42
143,208,55,42
149,211,53,39
154,214,49,39
159,215,46,39
162,218,45,37
166,219,44,39
171,220,46,40
177,220,45,40
181,221,46,41
189,219,44,43
196,219,43,43
206,220,40,43
213,220,42,39
219,219,47,40
227,217,49,42
236,216,50,43
242,214,59,48
248,213,63,55
249,212,72,53
256,212,78,48
264,213,79,46
286,209,75,51
290,209,80,53
289,212,90,52
294,214,86,54
294,216,89,55
301,217,84,54
308,221,80,50
309,222,82,50
316,226,77,48
322,225,73,48
325,223,72,48
323,225,74,47
327,228,70,48
329,223,71,48
331,229,73,44
337,226,70,48
340,226,69,49
346,229,67,48
349,226,62,49
351,225,61,50
350,224,61,51
350,227,64,50
350,224,62,53
350,224,57,50
351,225,55,52
349,222,53,55
344,222,54,55
341,225,54,53
338,225,54,53
336,224,54,53
335,225,53,55
332,225,55,53
330,228,57,52
328,228,62,52
326,233,65,50
326,233,64,51
323,239,67,47
324,242,69,47
322,244,70,46
324,247,74,47
325,251,73,45
324,251,74,48
324,254,78,47
326,255,77,49
327,257,80,51
328,260,79,50
331,260,80,52
330,261,82,57
331,264,83,56
334,264,84,59
337,267,84,60
333,268,85,60
332,270,92,62
333,273,87,61
334,273,87,62
334,272,87,63
335,268,85,69
335,271,84,67
335,272,85,63
334,270,87,69
336,272,84,65
336,274,86,63
335,273,86,64
335,273,90,62
336,272,92,65
336,270,92,65
336,272,93,63
334,272,93,63
333,272,95,62
335,274,87,63
333,273,91,64
332,272,82,64
334,271,72,69
336,273,68,67
336,274,69,63
335,271,68,65
334,270,68,64
333,268,64,63
331,265,64,62
330,262,67,62
328,253,65,64
325,251,65,59
322,245,65,57
319,235,67,60
314,228,66,58
310,225,67,56
305,224,71,52
301,223,69,49
298,222,65,46
292,221,73,47
287,224,77,46
282,226,81,44
280,225,85,51
277,229,81,49
272,228,86,52
270,226,88,54
268,227,89,55
262,227,93,52
257,227,95,52
253,230,97,48
248,228,101,51
244,230,98,48
239,228,102,50
231,231,101,47
227,230,96,47
221,231,99,46
216,233,92,43
211,235,79,40
210,234,74,40
209,235,72,39
207,232,62,43
209,237,55,40
211,234,48,40
212,233,54,43
211,236,51,43
219,236,47,43
214,236,49,42
220,235,44,45
217,235,48,43
222,235,50,45
221,234,50,45
227,238,48,42
226,237,56,41
230,239,57,41
202,194,58,45
210,192,57,51
244,239,66,45
247,237,80,50
251,235,88,54
255,230,92,59
257,231,97,58
259,239,98,50
267,232,84,57
273,231,82,59
275,229,82,63
281,227,82,67
291,230,78,65
299,233,80,62
307,232,77,66
316,232,74,68
324,232,70,72
333,236,63,69
339,238,62,67
344,239,59,69
345,241,62,70
346,240,61,74
344,239,65,80
343,240,64,79
338,241,66,79
334,245,66,74
330,245,67,74
326,245,68,73
318,247,71,67
310,243,73,70
306,247,67,63
298,246,70,63
293,247,67,62
285,241,73,64
280,237,80,68
276,237,81,65
271,237,84,62
269,235,88,61
266,232,91,62
263,232,91,59
259,229,98,60
258,229,97,57
260,228,95,55
261,224,99,56
260,227,102,50
267,220,95,56
267,219,99,55
269,218,96,53
270,217,97,51
271,216,95,49
275,214,94,50
277,215,92,46
283,212,85,46
287,207,84,47
291,203,79,45
295,203,75,41
300,197,69,45
302,191,66,45
304,184,67,46
305,183,58,39
306,179,56,36
304,177,52,34
302,173,54,36
300,172,53,34
295,173,52,33
290,174,47,30
282,175,48,33
275,178,44,30
269,182,40,28
269,216,36,36
269,216,36,36
251,195,29,34
246,201,30,30
239,205,34,30
233,210,35,29
269,216,33,39
224,217,35,32
270,214,32,42
216,228,35,40
216,228,35,40
216,228,35,40
216,228,35,40
216,228,35,40
216,228,35,40
216,228,35,40
216,228,35,40
216,228,35,40
216,228,35,40
216,228,35,40
216,228,35,40
216,228,35,40
216,228,35,40
216,228,35,40
216,228,35,40
216,228,35,40
216,228,35,40
216,228,35,40
216,228,35,40
216,228,35,40
216,228,35,40
216,228,35,40
216,228,35,40
216,228,35,40
216,228,35,40
176,198,39,33
173,195,43,33
175,189,37,37
175,187,31,41
176,183,30,45
225,218,31,34
221,217,31,31
220,213,33,27
217,208,38,24
216,197,35,30
210,189,38,36
211,186,33,38
211,180,37,36
209,175,35,31
207,168,39,33
206,163,37,33
204,160,38,29
201,157,40,25
199,153,42,24
196,150,47,25
193,147,50,27
191,145,56,28
190,143,62,29
189,141,64,31
186,140,67,33
186,141,64,31
187,141,60,31
187,142,59,31
187,142,59,31
186,143,58,32
186,144,58,32
186,144,52,34
185,146,54,32
184,147,58,31
184,149,56,32
182,152,55,33
181,153,52,36
180,156,44,36
178,158,45,36
177,160,47,34
175,160,45,36
174,160,48,38
171,162,45,37
167,165,44,34
162,165,45,39
157,167,47,42
154,168,47,42
150,170,44,41
143,169,50,42
139,168,58,45
127,173,67,43
119,173,68,45
111,177,73,46
101,184,73,45
89,189,78,46
78,199,78,44
68,207,80,43
56,215,87,45
47,226,84,42
41,231,84,46
35,241,76,45
32,249,72,45
29,257,67,44
28,261,67,45
27,267,58,44
29,269,52,46
30,270,50,46
30,272,51,46
32,273,54,47
34,272,53,48
35,274,54,45
36,275,54,44
37,274,57,45
38,273,57,46
39,273,53,46
39,273,55,45
39,274,54,44
39,276,56,41
40,274,54,44
41,274,51,46
40,276,53,43
40,276,54,45
40,277,56,46
40,278,55,47
40,279,53,48
41,280,53,47
41,280,53,48
41,283,55,48
41,284,50,47
43,283,49,48
44,285,46,47
43,285,52,45
44,285,48,46
46,285,49,47
46,285,49,47
47,286,49,44
49,287,40,44
49,288,35,43
49,288,40,40
50,288,38,40
50,288,39,39
50,286,49,39
49,286,49,41
49,284,49,42
49,283,50,45
50,283,49,43
49,281,52,45
48,280,53,47
49,278,53,49
49,279,53,48
49,276,56,49
48,271,63,56
49,280,67,51
49,273,62,54
50,272,68,48
47,285,57,39
49,283,52,43
49,286,48,43
49,282,50,47
50,287,45,42
49,290,42,40
49,291,40,39
49,292,45,39
49,292,47,38
48,295,44,37
48,295,42,37
49,293,45,38
49,297,44,34
49,298,42,31
49,299,42,32
50,299,40,33
52,298,44,32
52,299,41,27
53,300,40,27
54,297,41,28
55,298,42,26
54,299,38,24
54,298,36,25
54,297,37,29
55,299,34,23
54,299,40,20
55,298,40,22
52,301,41,26
52,299,39,31
52,297,44,27
52,298,44,23
52,297,45,22
54,296,42,23
52,301,42,27
52,297,39,34
52,297,41,34
52,298,39,32
52,298,41,32
52,297,40,33
51,298,43,32
52,297,44,29
54,298,36,25
52,299,39,22
52,299,45,18
51,304,43,22
51,299,42,27
51,298,45,31
51,297,44,22
52,297,45,22
54,295,45,24
52,300,40,28
52,299,40,29
53,301,37,26
54,302,35,23
54,303,33,23
55,302,33,24
54,301,35,25
54,303,35,22
55,302,34,23
55,303,30,26
55,304,31,24
55,304,30,21
55,307,28,20
55,307,27,19
56,308,26,17
57,308,24,18
59,308,22,17
58,308,23,17
57,307,25,17
56,307,27,20
57,305,27,22
55,303,31,25
53,302,33,26
52,301,36,26
51,299,41,20
50,296,46,22
44,302,52,27
46,289,49,29
46,289,44,39
44,284,46,46
42,281,48,45
41,279,49,46
41,276,49,44
39,271,51,46
39,271,50,44
38,268,51,46
37,266,51,47
36,266,52,48
37,267,51,50
36,272,52,47
36,276,51,48
35,278,51,51
37,279,52,55
39,285,49,53
41,292,44,44
42,296,41,43
43,299,41,36
45,302,39,34
47,301,36,27
47,305,35,24
48,307,33,22
49,309,31,23
49,307,29,23
50,311,26,21
51,310,24,21
51,314,21,17
52,312,21,19
51,315,21,17
51,316,21,17
51,314,21,17
51,311,22,19
51,313,23,17
49,312,25,18
49,314,26,16
49,314,24,16
49,316,22,15
49,316,20,14
51,314,21,16
52,315,21,14
54,315,19,14
54,315,20,15
55,315,18,13
54,315,18,14
56,315,18,13
55,315,18,13
54,314,19,13
53,313,20,13
53,307,22,17
50,306,25,16
49,298,26,19
50,294,32,23
38,292,40,32
34,276,45,37
27,260,51,43
26,246,52,46
27,233,52,47
26,223,60,46
29,213,58,46
34,202,54,47
38,192,56,48
43,187,56,43
50,182,53,41
56,176,56,42
67,173,51,41
75,171,53,39
93,171,46,41
106,171,50,42
122,173,48,44
138,174,53,45
148,175,49,45
155,179,58,45
162,181,68,43
168,181,78,47
196,186,72,45
217,190,61,44
233,193,52,43
238,196,56,39
247,196,51,42
256,198,51,45
266,200,52,47
272,202,59,46
285,205,54,47
294,207,52,45
300,208,51,43
305,209,55,46
309,210,54,43
311,211,62,43
316,210,58,45
320,211,59,47
323,214,62,45
326,216,60,44
328,219,65,41
328,219,66,45
326,221,71,46
320,222,80,48
322,225,79,45
321,227,80,44
322,228,78,44
321,230,82,44
320,232,84,46
320,233,84,47
321,235,84,50
319,238,84,47
318,239,85,50
316,241,85,50
316,244,85,51
312,244,89,48
312,245,87,51
310,246,88,50
307,245,92,51
305,244,91,54
305,246,91,49
305,247,90,52
305,246,88,50
307,244,88,55
307,243,88,55
307,242,89,56
306,247,82,51
307,250,76,50
303,248,81,49
308,251,74,49
305,251,76,47
307,251,75,46
309,251,73,48
307,252,74,46
309,252,73,46
308,245,74,55
310,247,76,52
307,248,75,51
306,248,77,50
308,249,74,52
307,250,76,50
304,250,77,49
305,251,76,46
309,252,73,46
304,251,77,47
304,250,77,48
305,247,77,51
306,248,76,52
310,252,73,47
308,250,73,49
306,247,80,53
306,246,79,51
306,248,77,50
304,249,78,48
307,251,76,46
308,248,74,50
308,251,72,47
308,251,73,46
309,252,73,46
313,252,71,46
320,251,65,46
325,250,57,45
330,248,50,48
343,244,36,53
346,246,31,52
346,246,31,52
346,246,31,52
339,251,37,48
332,251,45,47
328,250,53,48
326,252,57,47
317,251,67,48
313,251,71,49
309,249,78,49
306,250,82,49
305,248,84,50
304,251,86,47
306,248,85,51
306,249,84,48
307,250,85,48
307,250,84,48
307,252,85,47
305,253,87,45
307,253,83,44
308,255,81,43
305,255,84,42
306,254,82,43
307,253,82,44
309,253,77,43
308,252,78,45
305,250,88,49
304,250,94,48
308,252,79,47
308,247,77,51
306,251,82,49
306,251,80,48
309,252,75,48
308,252,76,46
306,248,80,49
308,251,80,47
308,248,78,50
307,249,84,52
307,245,94,54
306,245,87,54
308,247,87,52
307,247,88,50
307,243,95,56
305,248,99,49
305,246,103,53
305,246,100,51
308,248,92,51
306,245,95,52
306,241,95,57
305,241,95,57
307,246,93,52
308,246,90,52
305,246,92,54
303,245,93,52
303,246,94,52
304,242,93,55
307,243,90,57
302,243,95,56
298,239,99,56
304,237,89,54
297,230,95,62
289,224,99,70
285,221,95,71
283,212,90,79
292,206,77,83
274,203,92,88
285,192,77,87
266,193,96,82
266,192,92,62
266,196,91,49
250,198,107,46
241,203,116,42
226,202,129,46
229,202,128,47
203,204,149,49
189,203,152,54
187,203,171,56
182,207,178,50
175,208,175,50
152,218,167,66
120,219,148,76
261,202,144,63
130,241,130,50
140,242,120,47
135,242,117,48
120,245,120,46
109,246,114,46
118,246,125,41
108,248,117,38
94,248,112,39
100,246,104,44
115,247,91,42
102,246,82,47
115,247,64,46
119,245,53,48
119,245,53,50
118,246,53,49
119,245,53,50
120,245,53,51
121,245,55,52
125,248,56,50
128,249,54,51
134,250,53,54
141,253,53,52
152,251,47,56
164,251,47,56
176,253,51,55
190,251,51,57
205,248,52,60
216,249,55,56
236,251,52,53
249,253,54,47
264,249,53,49
277,248,49,48
285,246,51,48
293,244,50,47
302,242,50,45
305,242,49,42
304,241,53,42
308,241,50,42
303,240,54,39
301,238,56,40
297,238,59,40
300,239,56,39
297,235,58,42
298,237,57,43
296,239,59,38
296,240,60,42
295,239,60,38
299,239,57,40
299,239,57,42
297,239,53,39
296,240,44,39
294,240,36,37
294,240,29,40
296,240,23,38
294,240,23,39
295,240,20,38
294,240,21,38
294,240,20,37
268,250,24,34
264,252,27,30
261,255,31,26
289,245,25,33
293,240,22,37
293,240,22,37
293,240,22,37
295,240,18,38
294,241,17,37
288,242,18,37
280,240,20,38
271,238,23,39
254,229,29,41
254,229,29,41
232,265,34,39
206,246,43,31
206,246,43,31
270,243,34,34
259,240,39,39
250,241,42,39
244,243,45,36
239,240,50,39
240,240,49,40
241,239,48,40
243,241,47,40
246,242,44,38
244,240,50,40
249,241,47,40
252,241,44,40
251,242,47,40
250,241,48,39
249,241,49,41
251,240,46,40
249,240,48,40
251,240,45,41
250,240,46,41
250,240,47,42
250,241,47,40
249,241,48,41
248,240,49,41
250,240,46,41
251,239,47,43
250,240,47,41
248,240,49,41
251,238,46,44
253,237,45,44
254,238,46,43
255,240,46,41
256,239,47,42
259,240,46,41
260,239,46,41
262,237,46,45
266,235,43,49
266,234,46,50
269,235,45,49
272,237,45,47
275,240,46,46
275,235,52,50
278,235,57,49
282,235,60,48
286,237,64,46
292,237,63,45
295,238,64,44
301,238,61,44
304,237,60,44
306,238,61,45
312,237,57,46
315,236,58,44
320,236,56,46
324,235,57,46
327,237,59,44
331,236,58,44
333,235,58,45
335,237,61,43
337,236,61,42
336,238,64,41
339,237,62,39
341,237,63,42
342,236,62,41
344,237,62,40
344,237,62,41
346,238,62,41
345,240,66,40
346,239,64,40
346,238,64,39
346,239,64,40
346,236,61,40
346,238,60,40
346,240,63,39
346,239,62,40
