113,203,181,116
111,195,181,123
109,191,182,130
103,196,185,122
106,190,179,133
103,191,187,126
106,193,183,129
104,194,180,126
104,191,183,131
107,187,177,136
108,194,182,130
109,203,189,123
105,203,185,120
106,208,185,115
110,205,183,118
109,202,185,124
110,199,191,129
107,206,183,124
108,213,185,113
112,205,182,120
112,206,184,120
111,204,183,120
108,201,184,124
106,200,181,126
108,204,185,122
111,202,185,125
113,201,185,126
108,201,186,123
107,199,180,126
103,201,179,123
102,198,182,128
108,200,180,125
112,194,175,132
108,210,182,114
106,202,183,121
110,200,186,126
113,198,181,128
109,202,179,120
106,204,182,119
109,198,181,128
111,196,184,128
107,195,183,131
99,196,184,131
100,189,185,136
102,203,186,121
106,194,185,129
107,194,181,121
113,194,183,112
110,190,182,123
117,182,178,105
121,192,180,93
129,186,172,102
148,172,163,104
171,170,155,110
186,170,143,90
208,171,134,83
231,153,128,88
247,143,119,89
269,129,112,88
290,112,100,86
304,89,99,101
318,83,84,102
318,83,84,102
318,83,84,102
318,83,84,102
318,83,84,102
318,83,84,102
318,83,84,102
310,50,87,101
285,71,103,94
260,85,119,91
244,102,118,78
224,118,125,73
207,128,136,73
183,137,142,78
167,141,150,90
155,142,157,97
149,140,157,104
136,143,163,96
143,141,165,100
136,136,169,106
135,134,172,108
137,134,169,109
138,131,173,107
143,132,171,110
157,133,170,107
164,137,160,104
180,145,160,92
195,150,146,88
219,156,137,74
230,152,120,72
239,149,105,71
247,144,85,75
253,146,75,70
254,149,60,64
255,149,56,71
258,148,53,74
256,150,56,71
255,150,59,71
253,147,60,72
252,151,59,70
253,155,60,68
253,152,59,68
254,151,60,69
255,153,58,67
255,148,59,72
255,149,60,70
259,149,58,71
260,151,59,68
261,153,61,65
262,152,57,67
266,161,53,60
265,162,54,60
268,162,54,60
266,163,54,59
267,160,52,62
268,158,51,67
267,153,53,69
269,154,51,68
270,158,54,65
268,158,51,65
270,162,51,61
270,157,51,67
271,157,53,67
273,153,47,70
273,154,50,68
274,153,51,69
272,158,50,64
273,155,50,66
271,150,48,72
270,153,51,69
269,153,50,69
267,153,52,69
261,153,56,69
255,151,63,70
247,153,74,71
238,152,78,76
234,155,81,81
236,153,81,79
233,152,79,74
232,152,81,76
233,152,80,76
236,152,78,76
236,156,78,70
237,154,76,69
240,152,77,68
247,150,79,70
250,149,80,67
257,150,77,61
258,150,77,59
263,151,74,60
267,148,69,63
273,148,66,61
275,148,64,60
279,147,64,59
280,155,62,51
283,152,64,54
288,148,64,57
290,149,64,58
292,153,64,57
292,150,64,63
296,152,60,61
299,157,57,61
298,154,56,63
299,155,54,64
298,156,55,61
300,154,54,65
298,158,53,63
300,156,54,66
298,153,54,67
300,153,55,69
301,158,53,62
299,159,57,64
300,158,55,61
300,156,54,65
298,157,56,63
298,154,56,62
301,152,53,66
300,152,56,64
297,157,55,59
298,155,56,63
299,155,55,60
299,152,55,64
297,153,57,64
295,154,56,60
294,149,56,61
291,144,54,68
286,142,58,66
284,142,58,67
283,146,59,67
282,144,58,65
284,145,58,67
284,143,61,71
287,139,60,78
286,132,64,86
285,134,65,84
287,125,66,87
290,122,65,93
295,123,60,101
306,128,60,104
313,131,65,114
313,131,65,114
313,131,65,114
313,131,65,114
313,131,65,114
313,131,65,114
313,131,65,114
313,131,65,114
313,131,65,114
313,131,65,114
313,131,65,114
313,131,65,114
313,131,65,114
313,131,65,114
313,131,65,114
313,131,65,114
313,131,65,114
370,150,85,106
370,150,85,106
341,155,109,99
326,150,129,107
312,157,126,98
305,157,119,96
303,149,114,104
300,144,104,102
312,127,92,123
319,138,79,113
332,144,73,110
335,164,81,105
339,173,83,92
347,179,90,86
514,231,114,99
536,227,104,106
321,173,126,101
309,170,135,107
307,176,137,94
291,171,139,89
294,167,139,92
286,167,141,93
272,164,142,89
275,169,142,78
269,167,139,79
267,161,138,86
265,166,139,76
265,169,139,74
261,166,141,77
262,164,140,77
265,157,137,87
267,162,140,82
265,170,145,71
267,171,144,70
269,163,143,79
264,163,145,78
264,163,147,82
266,162,148,80
260,151,140,93
263,162,140,83
258,166,146,78
259,163,142,79
256,165,141,78
258,166,141,80
261,165,145,76
258,166,144,76
258,168,141,73
155,118,126,73
150,121,119,66
152,121,119,65
151,118,120,69
152,118,120,69
155,117,120,71
155,120,117,69
156,120,121,65
156,119,120,68
159,120,119,70
161,120,119,70
164,120,117,70
161,124,117,66
164,124,116,66
165,123,120,66
165,121,116,72
166,121,116,70
168,118,114,74
169,120,118,73
169,121,116,70
169,122,116,70
170,121,115,72
172,124,116,68
171,124,116,68
169,127,120,65
170,125,121,69
172,123,117,70
174,123,117,70
176,130,115,66
181,130,117,70
185,133,117,70
185,136,119,63
182,132,118,69
186,136,117,66
184,132,115,75
186,145,116,61
185,147,119,60
185,149,121,57
188,148,117,60
187,152,116,57
187,142,119,68
190,149,115,59
190,146,120,64
189,149,119,59
186,151,117,59
187,153,115,56
186,149,120,59
184,152,119,56
183,145,121,59
187,139,117,53
186,131,120,54
185,120,119,56
181,117,122,56
182,114,119,55
178,111,120,55
181,109,122,57
184,110,121,59
181,113,124,57
181,117,129,56
183,116,129,58
184,116,125,58
185,120,128,54
186,117,126,57
185,115,127,58
186,118,124,55
186,115,135,56
183,115,126,57
184,118,124,55
182,118,122,57
181,117,125,58
183,116,126,59
184,117,127,56
186,118,127,55
182,116,126,57
183,116,127,57
184,117,127,57
180,118,123,58
182,118,122,59
181,117,122,60
183,118,122,57
184,119,123,56
182,119,125,54
179,118,121,56
185,120,119,54
185,118,120,54
187,115,119,60
185,115,124,57
184,116,123,57
185,114,120,59
188,116,120,56
183,116,126,56
176,115,128,61
175,116,130,61
167,118,137,61
165,120,141,59
157,120,144,63
158,119,141,65
147,124,148,66
137,123,151,73
133,133,158,73
123,137,166,76
112,147,171,78
103,154,186,86
96,164,200,89
94,171,194,93
93,169,206,94
88,167,208,105
87,170,207,102
83,167,213,110
86,166,221,112
90,167,211,105
86,164,221,112
82,160,212,115
84,165,210,106
87,157,220,109
85,157,214,104
98,151,209,101
104,144,212,106
116,146,202,99
120,148,193,92
113,150,192,88
124,148,189,86
127,144,195,83
127,139,183,80
129,133,180,85
125,135,178,84
129,135,177,82
126,138,173,78
134,143,171,76
133,140,170,80
134,140,174,77
137,139,177,78
132,139,171,79
138,141,169,75
137,136,176,80
136,136,170,79
136,136,173,79
139,136,169,80
134,135,169,81
135,137,171,78
133,138,171,81
134,137,178,79
133,136,173,85
127,135,175,82
136,137,178,79
137,137,172,82
136,135,177,83
132,137,176,80
146,135,176,79
144,133,168,85
141,133,173,83
143,136,171,77
144,136,169,82
142,138,173,79
143,139,171,77
135,139,173,81
141,142,171,75
137,142,175,81
131,141,176,81
136,143,174,79
129,144,173,87
128,146,182,80
132,144,173,83
127,141,176,88
132,143,176,87
132,140,175,92
126,138,183,91
129,135,174,90
125,139,176,85
131,132,175,84
131,128,175,82
133,125,171,82
134,130,166,73
136,132,165,69
134,138,161,66
132,135,165,69
126,138,164,66
126,137,158,64
125,136,159,66
127,130,165,71
122,126,165,79
123,131,157,71
123,134,154,70
127,139,157,64
128,142,163,65
135,139,159,65
136,139,161,65
134,140,165,67
131,136,170,68
133,133,172,73
134,131,168,80
125,132,167,80
128,131,167,84
135,134,172,81
130,145,176,80
129,150,179,81
124,149,177,77
126,151,184,77
113,154,185,77
113,149,181,81
101,147,183,84
105,149,176,88
109,160,169,82
110,160,160,89
104,163,163,91
114,162,158,88
104,165,155,86
115,162,156,92
111,162,151,90
104,165,148,91
109,166,151,85
113,165,148,94
108,164,154,90
107,167,147,91
114,166,151,94
110,168,146,91
116,167,150,94
109,169,152,89
113,161,168,102
55,168,151,103
189,82,139,115
65,178,109,113
49,179,123,116
30,181,141,113
16,179,154,115
7,184,163,110
13,184,167,113
10,182,169,117
11,189,175,109
8,180,168,119
4,183,171,114
5,182,172,115
5,186,168,109
8,181,173,114
14,182,173,111
20,179,175,114
21,184,175,108
21,181,167,112
18,188,168,103
21,182,171,111
19,184,171,108
17,180,169,107
16,184,173,104
15,184,173,107
18,184,171,110
17,182,169,111
21,182,172,108
22,174,167,114
18,184,171,108
16,183,171,110
21,185,176,106
21,181,169,112
23,185,175,110
24,183,173,110
26,183,171,111
21,179,168,116
18,185,170,105
23,183,171,107
21,182,167,112
21,188,170,102
20,186,171,109
20,184,172,107
23,181,174,112
21,184,173,108
20,181,177,112
20,183,172,105
15,183,173,110
19,181,171,110
17,182,176,108
16,183,171,106
17,182,174,107
17,185,171,107
17,183,170,111
24,182,168,109
18,183,163,113
24,179,170,109
26,183,171,104
23,187,167,111
27,187,168,109
24,186,168,106
26,190,169,111
27,185,166,106
31,189,168,106
36,183,170,109
35,186,167,102
32,184,166,104
40,183,170,107
41,186,164,103
45,186,169,104
51,185,167,102
51,180,163,108
57,181,160,108
51,182,157,106
61,182,161,104
64,180,156,104
66,178,157,102
73,178,156,102
82,180,143,102
85,185,125,103
92,168,117,119
97,179,114,109
187,186,134,125
106,179,164,148
103,176,200,145
99,171,210,145
99,176,206,136
108,176,207,124
119,176,196,128
134,174,197,133
140,180,195,130
148,171,198,137
163,171,194,128
164,169,193,132
177,169,195,129
175,173,194,128
175,173,191,131
186,173,190,123
182,174,198,123
187,167,190,127
182,172,195,122
180,171,186,120
183,175,186,123
181,169,188,129
184,170,184,121
184,169,189,125
186,174,191,126
176,182,188,123
180,178,188,125
174,175,191,128
177,175,196,129
171,173,191,135
179,177,185,130
170,182,189,126
177,170,188,133
175,179,186,124
172,177,187,127
175,179,195,123
176,178,191,126
178,180,188,120
181,177,195,120
191,172,200,126
201,170,191,124
213,160,192,130
225,151,190,141
238,141,181,150
260,123,165,160
260,123,165,160
260,123,165,160
260,123,165,160
260,123,165,160
260,123,165,160
260,123,165,160
260,123,165,160
260,123,165,160
260,123,165,160
260,123,165,160
260,123,165,160
260,123,165,160
260,123,165,160
260,123,165,160
260,123,165,160
260,123,165,160
260,123,165,160
260,123,165,160
260,123,165,160
260,123,165,160
260,123,165,160
260,123,165,160
260,123,165,160
260,123,165,160
260,123,165,160
260,123,165,160
260,123,165,160
260,123,165,160
260,123,165,160
260,123,165,160
260,123,165,160
260,123,165,160
260,123,165,160
260,123,165,160
260,123,165,160
260,123,165,160
260,123,165,160
260,123,165,160
260,123,165,160
260,123,165,160
260,123,165,160
260,123,165,160
260,123,165,160
260,123,165,160
260,123,165,160
260,123,165,160
260,123,165,160
260,123,165,160
260,123,165,160
260,123,165,160
260,123,165,160
260,123,165,160
260,123,165,160
260,123,165,160
260,123,165,160
260,123,165,160
260,123,165,160
260,123,165,160
260,123,165,160
260,123,165,160
260,123,165,160
260,123,165,160
260,123,165,160
260,123,165,160
283,-48,175,152
268,-30,198,134
261,-27,200,142
240,-17,219,140
262,3,226,141
239,8,207,147
271,6,172,153
260,9,175,162
260,17,170,159
253,18,175,160
267,24,149,156
246,20,168,170
219,22,192,172
208,8,191,187
198,4,213,194
199,13,207,197
193,6,217,214
180,12,226,222
188,15,214,211
182,6,214,224
179,9,215,224
179,11,218,225
172,6,225,259
172,6,225,259
173,12,224,265
177,11,222,277
166,21,231,270
178,19,214,274
172,15,210,271
179,25,209,264
176,22,203,268
175,23,207,270
172,30,214,260
174,17,208,284
160,23,225,272
158,24,217,263
221,30,179,254
164,35,207,251
161,27,218,269
164,31,212,262
167,21,215,273
167,20,209,271
170,20,216,275
170,21,218,265
172,21,212,266
167,28,211,255
169,29,209,259
175,50,207,230
172,24,207,247
176,37,197,238
169,15,212,251
171,22,208,257
169,21,237,254
174,15,243,263
174,26,255,267
164,34,247,252
170,12,238,267
172,20,211,259
172,9,216,273
177,33,192,243
171,33,209,256
177,31,217,258
174,26,182,261
175,18,186,267
176,17,177,277
180,14,182,274
176,18,180,269
175,2,175,279
174,7,204,275
188,33,274,271
178,19,269,266
175,16,249,265
175,6,274,262
180,12,247,273
176,9,285,280
177,18,233,266
170,11,262,278
172,22,226,259
179,15,226,268
175,9,234,284
178,18,249,252
179,21,218,250
176,11,241,254
179,1,280,258
170,9,275,267
163,4,279,280
161,7,264,290
158,11,267,313
165,12,305,336
151,-3,333,341
160,10,374,338
162,13,360,335
149,4,357,337
142,13,368,344
147,16,361,326
142,3,355,350
142,7,351,335
143,9,360,355
138,2,367,308
170,12,330,277
167,14,336,233
148,36,304,246
158,24,351,236
120,62,390,238
151,12,371,282
165,12,337,256
129,47,386,239
157,12,359,259
157,12,344,258
149,15,360,265
155,10,343,260
164,10,344,262
164,7,327,275
169,9,331,263
162,8,333,265
159,9,343,262
159,0,347,269
156,10,361,251
149,5,365,247
156,12,368,241
153,8,362,229
159,9,369,220
153,7,364,248
146,10,367,240
142,9,389,273
151,5,362,250
148,1,366,249
149,2,358,256
147,8,372,282
154,11,355,284
146,6,366,266
150,7,374,250
145,9,365,242
145,11,389,267
145,7,368,252
140,10,385,249
146,1,386,247
153,12,374,232
156,6,367,240
153,13,367,226
160,8,368,246
151,5,375,269
156,6,360,277
158,10,355,223
162,11,380,187
143,29,369,192
163,12,366,188
153,12,375,204
166,6,365,165
148,12,390,160
172,9,365,167
171,11,366,165
158,13,387,161
159,29,365,171
182,13,358,155
181,6,345,160
168,54,387,118
165,14,373,158
189,21,352,154
197,7,328,170
201,5,318,170
191,10,331,165
189,6,348,168
199,12,327,158
208,8,319,163
203,8,318,168
188,9,331,167
186,7,353,168
194,9,333,171
205,9,315,175
180,8,337,175
163,7,355,178
173,9,355,174
159,8,350,189
154,9,370,187
153,9,358,181
148,13,379,204
161,13,367,184
150,14,373,211
158,4,362,220
161,11,371,230
165,5,354,238
166,5,337,259
168,6,360,305
155,14,354,312
159,17,340,310
166,5,337,325
147,13,380,303
153,10,393,308
158,10,392,321
156,3,380,311
171,13,370,306
155,15,424,314
153,0,427,334
154,10,392,314
166,11,374,328
166,22,367,318
151,9,397,315
166,25,386,312
154,16,375,321
165,10,357,327
149,13,414,331
160,12,378,329
155,16,366,331
155,11,389,326
161,11,389,322
161,10,376,326
158,8,384,324
166,17,358,324
153,24,356,320
151,13,354,329
150,16,348,320
159,15,351,321
151,21,360,315
157,14,352,315
162,13,345,311
149,13,384,302
155,11,367,295
161,8,359,294
165,11,355,291
151,4,370,294
166,5,358,289
155,11,425,284
160,11,424,295
162,19,442,279
159,7,411,291
166,3,404,293
161,8,437,287
155,2,407,288
160,9,422,288
172,8,404,283
185,0,399,282
181,-1,411,293
177,8,410,279
192,9,390,300
178,10,426,279
187,7,418,288
206,-1,382,297
208,3,387,304
220,10,367,298
195,11,403,284
209,2,389,296
203,5,390,289
230,2,353,299
222,0,365,313
243,11,308,306
241,5,328,292
236,2,330,294
210,7,351,288
223,8,352,297
175,12,397,293
216,11,363,294
204,16,374,298
208,12,383,300
213,13,344,298
201,11,356,304
203,17,390,305
189,17,394,294
184,21,419,298
187,11,387,303
199,14,354,308
199,16,378,296
202,11,408,303
204,13,406,303
207,13,337,314
216,19,353,287
228,21,351,291
224,17,332,294
224,17,351,295
232,14,301,310
227,3,325,309
244,13,319,311
233,17,353,294
230,19,337,311
245,20,283,302
265,4,268,305
244,5,330,311
231,10,308,297
250,14,327,292
243,16,299,301
255,23,326,292
241,11,302,304
232,16,311,289
252,17,309,300
238,11,299,300
237,12,301,299
235,11,311,304
235,16,311,298
238,14,350,299
227,18,306,300
235,19,292,300
236,1,300,311
239,7,333,310
237,12,297,295
247,21,289,308
245,7,307,309
228,19,345,295
229,16,318,298
243,5,321,313
220,13,340,313
222,17,374,299
233,9,351,298
214,7,370,307
212,6,385,303
219,2,357,313
209,10,390,306
216,15,365,313
216,8,356,312
219,21,373,309
208,21,379,308
219,10,316,313
210,10,358,307
225,14,374,297
204,6,377,299
216,11,347,302
207,10,382,299
205,4,388,296
234,6,333,306
211,18,337,288
226,7,357,308
235,14,299,305
246,14,307,294
223,11,346,299
221,16,343,300
229,15,322,301
226,19,388,280
193,16,414,292
224,11,362,283
222,0,328,280
206,12,337,276
220,15,351,279
242,9,298,273
273,7,271,286
277,6,264,292
238,11,314,285
255,14,291,287
287,-5,254,291
266,14,309,293
270,13,266,276
285,13,259,289
274,15,278,286
287,8,277,301
271,0,285,283
284,11,266,290
298,-7,217,291
306,11,235,301
301,16,213,295
302,10,235,287
301,9,259,297
298,10,232,289
296,3,278,293
294,-5,252,292
294,15,248,312
292,12,271,298
289,2,251,293
294,14,256,298
290,10,219,301
287,8,253,294
290,-8,276,298
282,8,282,295
296,0,334,294
281,7,321,297
293,7,322,286
281,0,326,296
266,3,333,285
286,1,318,290
290,7,259,292
290,-4,311,284
293,4,268,298
300,0,221,298
294,3,265,303
293,3,303,293
292,5,260,287
292,0,288,298
287,0,260,299
290,2,289,290
283,11,249,295
280,8,263,300
271,0,273,297
258,1,287,303
251,10,270,288
249,6,215,280
257,13,179,287
241,9,186,279
254,11,167,291
274,13,145,288
296,11,128,292
279,67,131,279
265,4,145,302
298,34,124,274
287,82,119,259
270,90,134,268
300,87,103,220
240,124,141,192
255,144,153,168
245,159,165,139
243,180,161,116
244,191,164,100
245,186,162,105
241,185,171,104
237,195,171,91
238,194,174,92
236,187,174,97
237,189,170,95
239,194,173,90
239,193,174,94
240,188,172,97
241,186,170,98
239,193,174,92
238,186,178,97
241,180,171,101
235,178,178,110
241,182,179,103
231,182,189,102
232,177,202,106
227,172,207,103
225,176,216,98
223,177,217,76
220,175,211,70
206,172,175,80
224,174,139,79
243,179,114,69
260,178,97,67
271,181,97,63
273,182,97,60
281,186,95,60
284,189,97,64
281,194,96,57
285,196,95,59
284,192,96,58
280,188,94,63
278,192,96,58
278,189,96,60
277,192,95,56
277,195,97,52
277,187,96,59
276,190,96,54
275,189,95,56
273,188,96,54
271,185,94,54
270,187,95,52
271,187,93,48
267,177,98,57
269,179,94,56
269,178,93,55
267,179,95,55
267,179,94,55
268,178,97,58
268,181,96,54
269,182,94,53
269,183,97,54
269,183,96,53
268,184,96,51
267,186,96,51
266,186,98,51
267,184,97,52
265,183,95,55
266,182,97,57
262,176,99,63
263,169,97,71
262,167,98,73
261,162,99,77
262,154,101,85
260,149,104,81
260,152,107,75
252,153,115,68
245,152,118,67
241,156,123,66
231,165,127,62
222,166,130,70
209,167,137,77
195,179,140,76
183,179,147,90
169,196,152,72
157,196,159,81
148,185,159,94
137,187,165,97
132,184,174,100
124,186,166,100
123,185,169,101
132,184,154,116
150,186,140,128
157,185,124,130
159,182,122,131
161,187,123,126
161,185,119,125
164,191,120,117
161,200,124,110
162,190,119,116
162,193,121,110
166,199,119,109
166,190,126,116
169,184,115,120
171,191,120,111
172,192,116,112
170,191,121,116
172,198,119,105
169,195,118,105
177,194,116,109
180,191,120,110
172,193,116,110
176,194,120,107
180,200,119,101
174,200,118,102
180,193,116,110
174,196,118,110
171,192,118,107
177,196,116,106
176,196,117,106
177,202,117,99
174,195,120,108
179,200,115,106
175,203,115,100
172,202,119,99
176,202,119,102
174,203,123,102
176,203,121,102
172,206,121,102
174,206,122,105
173,203,120,112
172,206,117,109
173,210,122,104
172,205,125,114
166,207,129,114
161,203,141,117
153,199,151,122
150,197,156,120
143,188,164,117
141,185,174,118
139,181,175,128
140,172,173,134
142,170,169,143
142,156,165,155
141,155,158,161
144,145,151,169
138,145,150,166
136,143,151,175
143,135,140,178
146,133,132,181
146,134,133,185
141,134,136,188
144,135,131,185
145,134,129,188
140,133,132,194
141,124,131,206
144,119,137,201
150,122,138,184
150,107,147,189
133,104,181,169
121,108,194,146
117,98,218,149
108,86,227,157
102,96,234,155
105,94,242,157
99,96,243,154
106,117,241,136
112,115,231,140
112,116,235,143
110,130,231,129
106,140,239,124
101,143,223,123
93,144,218,126
83,167,211,112
74,171,208,105
65,186,206,99
57,178,206,111
50,190,207,106
46,192,193,108
37,200,188,103
35,205,193,99
30,217,194,90
27,214,205,98
31,219,203,115
25,221,204,119
29,228,201,114
32,226,205,116
37,229,203,113
45,228,200,115
44,233,199,113
48,230,203,116
52,233,197,112
59,230,197,115
58,232,200,113
65,229,195,117
63,234,201,110
64,232,199,114
67,231,199,113
67,231,199,116
63,229,200,115
61,230,198,117
59,235,206,108
61,233,201,111
64,232,202,110
63,234,202,111
63,235,201,115
63,232,199,110
63,232,201,112
64,230,201,115
64,230,200,113
59,230,203,115
59,230,201,112
59,234,204,108
61,227,200,113
60,229,200,113
63,233,203,112
66,232,201,111
65,230,201,112
64,228,200,116
65,220,195,120
63,221,198,124
66,226,203,115
62,224,201,118
67,229,197,114
65,229,199,112
61,231,201,113
61,228,199,119
61,229,196,113
60,232,201,115
60,230,199,115
64,232,203,113
64,237,202,110
62,231,202,110
58,230,203,111
61,229,199,118
62,234,204,107
63,232,201,111
65,233,200,111
57,232,205,109
61,229,198,114
60,231,202,112
61,230,200,112
58,226,201,114
63,229,203,112
55,230,206,111
59,229,199,113
56,226,201,112
58,228,199,113
67,229,203,112
63,231,201,111
60,230,205,109
60,226,202,113
62,226,203,111
66,225,204,115
