284,156,113,111
286,151,110,115
287,148,111,120
288,150,106,116
290,149,105,119
291,151,99,114
291,153,97,112
289,153,93,111
291,152,86,111
292,151,77,112
292,153,74,110
296,153,59,108
296,157,53,99
297,151,50,107
297,148,48,108
296,147,49,110
296,146,49,108
297,145,47,108
299,142,47,111
298,140,43,111
178,232,52,127
305,125,46,119
307,124,43,121
320,117,39,121
324,117,34,121
335,102,34,133
335,109,35,126
344,89,37,138
348,87,38,132
204,184,93,84
203,182,109,89
202,182,113,96
200,180,126,100
203,179,124,100
206,179,130,109
204,180,134,105
205,178,148,110
205,179,149,105
263,0,129,94
379,0,82,107
384,0,71,108
382,2,78,100
377,1,83,103
385,0,78,105
387,1,75,105
389,0,79,107
388,0,80,109
388,0,86,111
392,2,82,108
389,4,87,110
390,20,85,101
388,25,89,95
386,44,90,82
387,47,88,82
383,54,89,82
383,55,89,82
376,64,89,76
373,63,93,78
362,66,96,81
349,69,98,84
347,67,99,88
343,62,93,100
345,62,89,101
339,70,85,90
338,71,85,89
322,71,90,83
324,70,88,84
310,66,90,80
298,56,90,86
298,60,88,80
298,56,89,85
270,51,96,89
266,46,94,94
257,62,88,83
256,59,93,86
236,83,78,69
236,82,82,74
213,88,83,87
212,89,84,88
192,98,89,88
192,98,90,88
176,97,93,88
176,97,91,87
166,92,89,89
168,91,87,90
161,88,86,95
160,88,87,96
158,90,79,105
157,91,81,104
154,106,84,98
154,108,84,95
152,113,84,88
151,112,88,91
158,105,87,89
160,104,85,90
173,94,76,89
174,94,76,88
184,96,74,79
186,96,71,79
195,106,70,73
194,108,69,71
199,112,73,73
198,110,74,76
206,105,70,77
207,104,68,77
211,102,65,76
211,102,67,77
211,104,67,74
211,103,67,76
213,107,64,74
212,107,66,73
215,110,61,78
216,111,60,75
219,113,58,80
218,114,60,75
217,117,57,64
216,113,58,73
213,109,53,76
211,108,55,80
204,104,46,72
204,103,46,75
185,103,47,77
184,103,46,77
161,105,50,76
151,110,58,72
139,103,50,81
110,103,78,81
111,110,63,84
106,110,61,86
83,117,70,86
83,115,66,88
62,125,68,85
61,126,68,83
51,133,68,81
51,134,68,81
50,139,64,83
50,140,65,81
62,144,59,84
62,145,58,83
80,152,54,79
82,155,56,78
104,163,55,74
104,165,56,72
135,169,44,81
135,171,46,73
161,177,66,76
207,183,149,115
204,178,157,119
212,178,148,124
211,180,151,120
204,181,159,121
205,180,159,124
198,179,164,125
198,179,165,122
203,179,162,124
196,177,169,134
198,178,165,127
202,178,162,129
206,179,158,129
204,179,158,128
204,179,160,129
200,179,163,126
193,179,172,127
186,176,175,124
135,167,112,95
148,168,78,72
140,165,47,66
143,164,43,67
131,158,45,68
131,156,44,70
120,153,45,68
120,152,44,69
114,155,48,62
115,154,48,62
114,160,53,55
121,164,51,56
122,164,50,57
129,169,56,63
131,169,54,64
139,178,60,68
142,179,55,67
159,189,64,63
157,193,74,60
175,184,103,74
198,180,166,119
203,178,159,121
201,180,161,116
201,178,161,123
208,179,153,112
203,178,159,118
222,179,141,118
226,175,137,118
235,168,127,112
239,164,117,108
233,163,122,100
244,156,110,113
230,160,128,127
213,151,150,144
217,153,146,143
202,154,162,146
200,152,163,148
189,155,173,146
151,139,94,66
153,137,81,64
131,134,83,60
128,132,82,58
108,126,82,52
108,124,81,53
93,108,84,55
91,106,86,57
80,91,84,55
80,87,83,58
76,75,83,55
76,64,85,56
76,61,86,59
84,57,83,56
84,55,82,57
98,49,77,54
99,49,75,53
115,44,71,50
114,44,70,51
134,37,70,51
154,32,65,50
153,31,65,50
168,26,57,51
167,26,60,49
181,19,48,51
181,18,49,53
192,14,37,49
190,11,40,52
190,2,35,48
186,1,37,40
185,0,34,40
181,1,29,31
179,0,30,31
173,1,28,24
175,1,26,23
164,2,24,21
164,1,25,21
154,2,25,19
150,1,26,21
149,1,28,22
141,1,27,31
140,0,27,33
135,0,31,48
135,0,30,50
131,2,30,62
132,3,29,62
128,11,28,68
124,24,30,75
122,27,31,78
123,44,29,77
123,47,29,80
127,69,26,79
126,79,27,76
130,96,32,78
129,110,35,76
132,121,44,82
133,136,49,76
144,152,57,72
161,162,53,67
162,163,54,68
182,173,63,65
181,175,95,72
198,178,146,105
201,178,159,128
199,179,161,123
196,180,164,125
198,180,162,118
201,181,159,113
196,180,163,120
195,181,172,122
197,181,174,123
194,182,184,131
198,183,180,117
194,182,190,131
196,182,188,130
197,183,187,125
196,182,185,136
194,183,186,129
198,182,178,125
198,181,177,124
194,181,168,124
196,181,165,123
197,181,162,116
194,181,164,121
245,14,83,67
225,187,118,124
201,180,161,127
237,16,87,66
178,181,145,127
189,181,172,122
183,182,179,119
171,179,190,131
170,181,192,125
158,181,199,123
160,181,198,126
163,180,194,116
177,178,185,119
179,179,185,114
200,180,163,117
204,179,159,117
202,179,156,105
215,180,148,110
206,179,158,125
202,177,163,128
201,175,173,133
217,173,189,128
197,175,180,131
364,162,95,75
380,160,74,56
384,154,81,55
383,153,86,54
399,147,88,55
399,145,89,55
401,143,89,58
395,143,89,59
390,147,86,60
384,152,81,60
373,158,86,57
360,165,78,60
348,170,76,57
315,173,82,67
273,180,103,59
220,176,140,105
205,177,157,127
200,177,162,119
180,172,181,128
166,170,190,126
127,152,88,84
119,146,86,89
90,137,88,91
90,137,85,91
71,132,83,94
56,128,81,100
57,128,80,99
51,128,83,103
53,128,83,104
52,133,89,105
54,135,90,104
61,146,103,101
63,149,98,98
91,160,98,93
98,160,93,93
130,168,127,82
168,176,186,119
199,178,162,119
209,180,153,108
205,180,157,112
194,180,166,120
193,178,170,118
196,175,174,127
196,174,175,121
289,164,119,90
311,164,105,75
306,165,111,66
321,167,91,63
329,173,82,59
321,181,78,55
312,181,83,61
279,188,99,71
221,185,144,92
200,182,159,103
200,180,159,112
198,180,163,116
172,177,190,121
158,177,206,122
109,171,92,90
104,165,93,94
73,151,96,98
72,147,94,98
53,132,90,99
47,121,84,98
47,118,80,98
49,112,72,97
50,112,73,96
54,115,70,93
54,115,69,94
60,123,77,103
61,126,76,99
71,146,97,101
74,161,102,84
96,172,95,91
130,181,111,91
139,178,195,108
198,178,162,116
206,178,153,113
204,180,154,114
205,180,154,114
204,180,159,113
201,179,162,115
202,181,165,102
259,183,116,95
289,189,91,68
293,190,86,66
291,191,87,67
281,193,86,74
237,184,122,94
199,180,163,110
197,178,161,113
198,178,162,114
195,179,164,117
186,178,175,124
131,180,231,125
130,180,234,122
89,179,85,87
84,174,79,88
60,155,72,89
59,150,61,85
43,130,63,90
26,115,63,87
26,114,63,86
22,103,62,88
24,103,59,89
25,105,62,88
25,104,63,89
37,116,67,88
36,117,69,85
49,133,86,101
51,135,75,90
73,162,96,92
109,176,106,94
152,180,214,121
198,179,162,119
202,178,158,117
196,180,162,116
194,179,166,126
194,181,173,123
198,180,167,122
196,177,183,119
199,179,162,125
200,178,162,129
201,181,161,127
199,181,161,126
196,182,163,122
195,181,164,119
197,181,163,124
199,178,163,129
199,180,162,125
199,177,168,129
194,176,177,132
198,178,169,127
196,178,167,125
204,181,158,103
200,180,162,113
194,175,168,128
188,177,177,122
217,180,146,121
81,112,93,92
73,106,84,95
52,86,81,92
49,83,79,88
38,63,67,88
38,62,64,87
37,53,58,85
36,52,61,84
40,50,63,84
48,57,62,87
48,59,63,86
64,76,61,86
64,82,63,83
83,105,89,104
90,136,97,82
107,145,100,83
118,163,106,63
165,173,132,80
203,179,161,113
197,179,163,119
197,177,163,128
198,177,165,130
310,150,105,72
331,142,81,63
356,130,76,61
361,123,81,66
370,114,83,74
373,111,80,75
375,109,82,79
372,117,78,78
369,120,80,76
357,144,72,66
355,149,67,63
327,175,72,61
281,188,103,63
233,184,126,96
198,180,163,106
200,179,158,113
149,178,214,121
145,177,217,120
97,174,84,85
89,162,80,90
64,139,73,94
61,132,73,93
47,112,72,92
46,107,69,93
40,90,64,90
40,84,62,85
39,83,61,85
40,85,64,86
40,86,64,87
46,94,68,89
46,96,70,89
52,113,97,103
56,121,94,100
79,143,102,93
89,169,114,73
120,173,104,86
197,182,164,124
202,180,158,120
196,179,163,117
198,180,161,118
196,179,169,123
194,179,170,127
196,179,162,128
197,177,161,131
199,179,160,126
198,179,162,128
200,179,158,125
198,179,161,131
195,180,165,123
195,180,165,124
196,180,164,120
195,180,166,120
198,180,163,120
197,179,167,127
196,179,167,130
196,179,165,122
195,179,165,118
200,179,160,120
194,180,168,117
163,178,202,118
120,170,104,89
118,161,78,87
93,137,83,95
81,117,77,97
79,110,77,96
79,92,64,90
81,93,62,85
81,85,59,79
80,85,61,80
80,88,63,77
80,90,63,76
92,98,51,81
92,101,50,79
101,121,79,97
119,142,82,90
123,151,85,85
159,176,113,78
175,177,139,107
196,176,159,142
198,178,163,122
197,178,158,117
197,177,160,130
195,178,166,128
199,175,170,132
231,167,156,117
311,146,102,79
333,148,73,53
341,146,68,48
341,146,68,48
343,151,63,47
341,153,63,45
332,160,58,49
297,174,76,68
268,171,100,102
198,178,165,122
196,178,164,117
202,180,157,115
203,180,158,121
185,180,175,124
188,180,174,128
128,171,101,87
105,156,65,79
104,148,60,84
83,131,64,89
82,128,64,87
68,115,65,85
69,113,63,85
67,106,63,86
67,106,63,87
72,108,65,89
82,114,71,93
81,116,78,95
92,128,85,96
95,132,86,91
117,147,99,85
121,150,109,85
155,159,135,87
183,170,179,117
202,173,155,127
201,173,156,126
195,172,162,126
198,169,165,129
202,165,162,114
198,171,171,142
270,133,125,107
199,177,161,122
197,178,158,127
197,180,159,125
196,179,162,126
195,178,162,122
229,0,127,52
220,150,134,111
215,161,140,116
199,154,157,136
170,149,175,136
142,144,124,80
112,132,105,88
108,124,93,94
76,107,95,102
51,88,94,103
49,84,90,106
34,70,85,98
35,65,84,101
23,53,81,100
23,54,82,97
19,47,85,98
25,47,85,101
42,60,82,96
67,76,65,82
242,0,90,57
204,182,160,113
199,168,164,140
197,172,165,135
197,177,161,129
195,178,165,130
198,177,156,129
197,178,157,127
197,178,162,136
198,179,162,130
198,178,160,134
197,178,161,132
196,180,161,131
196,180,161,131
197,179,157,133
197,178,162,136
197,180,163,131
197,179,165,130
197,180,162,132
198,176,169,134
197,177,167,130
202,179,159,124
252,76,113,82
260,73,54,71
217,67,59,81
201,67,65,76
178,58,65,71
165,56,64,73
152,50,55,71
147,49,58,71
131,46,59,70
130,47,59,69
114,47,61,70
106,53,59,70
106,54,59,71
103,63,61,72
103,64,60,71
110,78,61,70
110,79,62,70
122,95,61,64
123,97,64,62
141,107,60,63
160,123,60,53
165,128,62,50
187,136,49,44
187,142,55,38
209,149,49,37
209,153,56,36
223,154,63,46
198,184,170,102
199,173,158,127
198,177,158,114
198,178,159,118
192,179,168,129
196,179,163,125
196,180,166,116
198,180,168,125
194,181,172,134
199,179,160,123
197,181,161,124
196,182,161,117
201,179,153,110
203,182,155,113
198,182,160,113
199,180,164,116
211,180,154,112
197,181,166,120
200,183,161,112
197,181,163,115
198,181,165,115
199,182,161,112
200,180,158,118
194,179,165,130
201,180,160,120
197,179,161,118
213,156,141,145
213,187,145,114
201,164,167,144
240,182,121,115
211,178,147,124
202,178,157,127
198,179,163,142
199,179,160,138
194,178,163,125
194,178,166,131
198,180,160,124
193,180,162,120
194,179,168,134
194,178,158,130
195,181,166,138
190,176,157,146
195,179,151,132
192,180,163,138
192,179,175,149
194,178,169,147
191,178,168,143
195,178,158,126
203,178,147,121
190,180,165,131
172,180,186,115
189,180,169,130
191,179,164,132
198,181,163,114
199,180,159,126
203,180,153,110
199,180,158,130
204,180,153,122
201,181,156,124
198,181,158,111
197,180,163,118
198,180,162,130
201,181,152,111
199,181,156,119
201,178,157,116
197,180,158,118
199,179,158,114
197,177,161,118
197,175,154,108
196,177,153,108
197,178,154,116
197,179,157,116
196,178,157,115
197,180,155,117
194,176,158,119
190,175,159,114
195,179,159,120
197,179,160,110
197,180,161,121
197,180,160,124
197,180,167,123
201,179,160,131
196,179,161,116
198,180,158,119
199,178,159,130
197,179,160,122
202,178,159,133
200,179,159,130
196,178,160,134
198,178,160,137
194,178,162,135
195,179,160,135
196,179,160,131
198,179,160,127
194,179,163,130
198,181,161,125
196,180,163,124
198,180,161,128
210,180,152,121
206,176,155,128
199,183,161,115
201,178,160,121
201,180,159,114
198,179,161,124
201,178,160,116
204,178,156,112
208,175,152,122
201,179,158,114
201,180,159,112
196,181,165,114
195,181,167,115
197,180,164,113
196,181,167,114
195,180,168,113
196,181,165,113
199,179,164,116
197,181,165,112
198,182,165,111
197,182,164,112
199,181,165,109
204,181,160,110
199,182,162,111
197,181,164,111
198,180,163,113
196,181,165,110
199,181,162,110
195,183,166,109
201,182,159,112
199,182,162,110
198,182,161,108
197,182,163,110
198,181,161,108
202,182,158,106
197,181,161,109
199,181,160,113
199,179,161,113
203,180,158,112
200,174,162,114
208,180,154,113
204,182,159,109
207,176,158,112
222,169,141,128
202,182,158,108
201,181,159,109
215,179,146,119
225,179,136,115
230,184,134,108
218,179,144,115
210,181,151,111
208,175,154,119
202,179,160,111
195,165,147,116
197,169,158,115
197,179,161,109
196,182,159,104
200,179,154,108
199,168,153,105
196,179,154,98
202,185,158,111
206,182,153,111
206,185,155,106
205,183,158,108
201,181,158,108
199,181,161,105
201,183,161,109
197,183,159,116
198,183,159,115
204,183,154,111
204,183,154,113
195,183,165,116
195,183,165,114
195,180,164,118
199,182,160,118
197,181,162,114
200,182,160,113
199,182,161,115
196,180,163,115
199,181,161,115
197,182,164,113
197,182,164,116
203,183,157,113
204,185,156,112
198,182,162,110
198,181,161,112
198,184,163,110
194,179,164,115
201,180,157,115
199,183,163,115
200,181,160,111
197,180,160,114
201,181,158,111
206,178,156,114
203,175,160,119
202,177,162,120
204,181,155,111
203,178,160,113
199,173,167,112
201,182,158,110
198,161,169,137
203,166,165,130
211,174,151,125
209,170,158,124
204,177,155,116
207,173,158,121
209,175,152,125
206,173,159,135
210,166,154,144
205,151,158,170
209,156,149,169
211,180,152,119
205,171,154,128
208,185,153,116
203,183,157,121
204,183,159,126
205,182,155,119
205,184,154,117
206,170,155,126
200,165,161,145
199,176,156,125
210,179,151,134
196,178,160,129
206,178,149,134
204,179,150,137
223,180,136,120
223,180,138,124
222,179,138,130
224,179,135,135
226,181,133,119
221,181,139,125
206,180,154,123
206,177,156,136
211,175,152,122
192,180,154,167
194,182,163,159
197,176,157,154
196,177,152,143
196,177,164,147
193,178,165,152
194,173,156,136
192,176,166,147
193,177,165,138
190,177,169,151
189,179,172,149
190,179,171,140
189,179,172,140
188,179,173,121
188,178,173,124
194,178,163,120
194,178,164,124
193,179,165,118
194,173,164,126
194,174,166,127
194,162,161,131
195,160,163,137
197,143,156,154
197,143,160,166
196,122,136,184
199,126,121,178
199,124,124,202
188,123,153,221
210,84,85,79
204,170,148,116
195,143,161,174
191,162,146,117
193,164,151,116
195,180,164,112
196,178,164,117
195,176,168,114
199,180,162,122
199,180,162,125
196,180,162,120
198,178,163,125
196,179,162,117
197,179,162,119
196,180,162,121
196,180,163,120
195,179,163,121
197,179,162,119
197,178,162,122
194,179,164,117
197,179,163,120
198,180,163,123
197,178,161,117
198,180,162,119
198,178,163,119
197,179,161,119
198,180,161,116
196,179,162,117
198,181,162,120
197,181,163,124
195,180,166,117
194,179,164,120
198,183,162,118
198,181,163,116
199,178,162,126
200,179,160,125
198,181,162,126
198,182,164,124
198,181,161,122
198,181,163,128
197,181,162,126
198,181,163,119
198,180,164,121
196,180,165,127
197,179,165,126
195,177,165,131
197,179,163,120
198,180,162,118
198,181,162,120
198,180,163,122
195,180,165,117
195,180,165,119
197,180,163,122
197,180,163,120
197,180,165,120
196,179,165,129
195,179,165,129
198,180,164,124
193,180,167,121
197,180,165,126
199,180,162,119
197,181,163,126
199,182,163,127
197,181,164,125
200,179,162,126
198,179,161,125
199,178,160,118
201,180,159,125
198,182,162,125
196,181,162,121
199,180,159,119
196,181,162,120
195,181,165,118
195,180,163,115
195,179,162,115
196,179,161,120
199,180,161,120
196,178,164,119
196,179,164,121
196,179,162,119
198,179,161,119
196,178,163,112
197,179,161,112
195,178,164,116
196,179,163,117
196,179,164,123
195,180,163,119
197,179,163,123
199,181,161,123
195,179,165,116
198,181,163,117
196,180,164,116
197,181,165,118
197,182,161,119
199,181,161,122
197,180,161,113
208,181,154,114
199,182,160,117
200,177,161,124
200,172,160,125
196,170,165,128
204,172,157,121
202,143,155,157
203,158,160,150
204,140,157,166
201,141,160,166
205,176,157,120
201,175,160,123
202,165,161,136
200,176,161,122
202,169,161,129
203,162,160,139
204,165,160,138
201,148,157,152
201,151,158,146
199,152,159,144
200,153,159,143
200,155,161,146
199,156,158,142
200,156,158,141
202,155,158,140
200,160,159,142
198,163,159,132
200,164,159,130
198,168,160,124
199,168,159,124
203,170,156,123
203,170,157,123
198,170,159,122
198,170,159,127
199,172,160,120
201,173,158,121
199,173,159,117
196,175,163,119
198,175,161,118
199,176,161,117
200,177,160,118
199,179,159,121
200,179,159,117
200,179,161,123
202,179,158,122
201,179,159,121
203,179,156,122
203,178,158,121
203,179,157,124
203,179,157,125
199,178,160,119
200,179,158,119
195,179,165,118
190,180,168,114
195,181,164,119
188,180,170,118
189,179,168,115
188,180,170,115
184,181,173,119
187,181,170,117
190,180,169,117
194,180,165,123
191,179,170,122
196,180,163,122
201,177,158,123
201,176,158,121
197,166,162,130
201,165,160,133
199,163,161,136
201,162,161,140
204,169,161,134
201,165,163,137
201,181,158,117
199,182,161,119
197,184,161,117
198,182,161,114
196,183,162,116
197,181,162,120
197,181,163,119
198,180,162,120
196,180,163,121
196,180,163,120
197,180,162,117
197,180,163,118
196,180,163,125
197,180,161,120
196,180,162,116
196,179,164,121
196,179,162,118
197,179,162,118
195,179,164,122
197,179,162,120
195,180,163,120
197,180,163,125
196,180,164,127
197,179,163,114
195,179,163,120
195,179,164,119
195,181,164,122
196,181,164,121
194,179,166,120
193,181,165,121
193,180,164,115
195,180,164,116
198,180,162,116
195,183,163,116
198,181,160,117
199,180,158,116
201,180,156,114
200,179,157,116
200,182,158,119
199,179,161,119
199,180,159,120
199,181,161,116
198,181,162,115
199,181,164,115
199,183,164,120
198,183,165,116
198,182,167,117
198,182,160,122
198,183,161,120
197,182,163,120
197,180,163,122
196,182,162,121
195,180,166,126
198,180,163,128
196,180,164,126
196,179,164,124
198,180,163,123
198,181,161,122
198,180,162,126
195,181,164,122
196,181,163,122
196,181,163,124
195,181,163,123
198,181,162,121
196,179,164,122
197,181,164,125
198,180,161,120
195,181,165,116
200,181,161,117
200,180,163,116
198,180,161,118
196,181,162,116
199,181,160,121
198,180,162,116
198,179,161,120
197,181,162,119
197,181,160,121
197,181,163,123
198,180,160,124
199,177,158,126
199,177,159,122
198,175,159,121
200,176,157,120
200,178,158,119
198,179,158,118
198,177,160,121
196,177,164,123
194,177,165,122
193,178,166,121
194,180,166,123
194,182,164,120
195,180,167,118
193,181,166,120
196,179,164,121
195,180,165,119
198,180,162,121
197,182,163,119
196,180,165,119
196,180,165,124
196,182,164,123
197,181,165,121
196,181,166,115
197,184,165,114
195,178,165,122
191,170,164,136
191,169,159,128
193,171,165,124
194,172,166,118
196,179,158,126
196,179,159,121
194,180,160,124
195,179,158,120
197,179,159,123
198,177,160,119
194,180,161,118
195,178,160,115
202,180,155,119
200,180,158,120
203,179,157,122
205,179,155,120
199,180,160,123
175,178,187,119
177,179,183,127
159,180,204,118
182,180,182,122
184,180,177,129
193,178,165,125
196,179,165,129
198,179,162,124
195,178,166,119
197,177,162,122
197,179,163,127
192,179,171,125
174,180,192,116
172,181,200,106
138,181,225,121
141,182,222,120
186,179,174,120
191,179,167,123
199,180,160,129
196,180,161,117
193,180,162,105
196,182,165,114
196,182,162,111
196,181,164,124
195,180,167,124
196,180,165,125
196,179,163,124
195,179,164,125
195,180,164,129
195,181,163,128
194,179,165,124
195,179,164,123
195,179,164,124
195,180,165,125
196,180,164,125
197,181,162,124
196,180,164,127
193,178,167,120
195,181,164,123
195,181,163,123
195,178,166,133
193,178,167,116
194,180,167,112
196,178,163,117
195,180,162,123
191,177,168,147
193,180,169,129
198,179,161,120
187,179,174,114
176,179,183,124
172,177,191,128
176,176,184,125
195,178,164,125
197,178,163,129
197,179,162,125
200,178,159,122
196,178,162,128
194,178,166,126
177,174,187,134
171,179,191,121
169,180,191,121
200,182,159,119
194,181,166,120
193,180,166,135
192,180,168,126
195,179,165,113
197,182,164,114
197,180,161,120
198,178,163,121
197,181,161,122
195,179,163,118
195,179,162,118
197,179,160,120
197,180,162,124
195,181,163,119
197,180,163,121
197,180,164,125
197,179,163,123
196,180,165,128
197,180,162,120
196,178,163,121
196,180,163,122
196,180,163,126
196,179,161,124
196,179,164,125
196,180,164,124
197,179,163,126
195,180,165,124
195,179,166,124
194,180,166,122
198,181,161,120
198,180,160,122
194,179,161,119
196,178,159,126
195,173,163,132
196,174,162,126
197,179,164,117
200,178,164,129
199,181,163,123
190,173,179,123
189,175,175,117
189,176,172,118
188,172,178,115
191,175,177,121
197,174,170,125
198,164,177,136
206,167,169,136
204,168,172,130
157,162,207,141
154,165,209,141
191,179,169,120
198,180,162,113
201,178,156,121
195,178,165,120
196,180,168,115
197,180,164,111
196,181,163,119
197,179,162,121
196,179,163,120
196,181,162,121
195,181,164,120
195,180,165,126
196,180,164,125
196,181,163,122
196,179,161,125
195,181,164,122
197,179,164,119
196,181,164,123
197,179,162,122
197,179,162,123
196,180,165,123
196,179,163,121
196,180,162,121
199,179,160,120
196,181,163,119
196,179,161,118
196,180,164,122
197,179,161,123
196,180,163,124
198,178,162,118
204,179,156,112
200,174,161,129
202,177,159,126
186,150,189,164
145,83,109,108
144,79,110,107
133,64,112,111
134,62,109,110
131,60,114,110
132,61,110,109
137,71,120,108
137,72,123,111
203,182,166,159
180,141,193,164
206,158,151,137
197,175,164,126
195,177,169,122
197,180,161,118
195,179,165,122
197,181,160,120
199,181,160,118
199,179,160,122
199,179,160,120
197,180,161,123
196,180,161,118
196,181,163,120
196,181,162,120
197,179,162,120
196,180,161,120
198,181,160,121
197,180,161,120
198,178,161,120
196,180,161,116
195,180,166,119
194,179,170,116
199,180,164,117
198,181,162,118
195,179,164,121
194,178,164,127
194,173,170,129
199,179,160,123
203,182,157,118
195,178,166,123
195,181,164,122
196,180,163,122
196,179,161,120
195,178,165,121
195,181,163,119
198,180,162,122
198,179,162,125
197,179,161,117
197,179,163,118
197,179,163,120
197,179,162,118
196,180,163,116
194,178,167,123
194,180,163,120
193,179,165,116
194,181,165,122
198,180,160,118
198,181,159,116
199,183,160,111
197,179,161,117
197,179,161,120
197,176,159,124
197,174,161,122
195,171,164,131
197,173,163,131
196,179,164,118
195,180,161,116
196,181,163,121
197,179,160,121
197,179,160,123
197,181,159,124
194,180,163,124
196,181,161,119
197,182,159,118
197,180,159,123
196,179,161,120
194,173,168,129
197,169,161,131
200,168,157,130
197,182,162,111
199,181,160,116
198,173,164,131
198,175,165,128
196,180,165,116
197,180,163,117
196,180,162,116
204,178,157,126
200,179,159,124
195,179,163,127
195,178,165,123
195,177,164,129
195,177,165,124
199,176,162,125
200,178,160,130
199,176,160,130
199,176,161,125
198,177,163,121
184,178,177,120
192,179,170,121
175,177,186,123
172,177,189,119
188,180,173,123
191,179,170,119
199,181,161,120
198,181,163,120
197,182,163,124
198,181,163,113
198,182,163,121
197,182,163,124
199,179,160,124
197,181,162,129
197,182,162,130
198,181,160,114
196,181,161,119
197,181,162,125
195,181,167,124
197,182,167,124
196,180,170,119
195,180,166,117
198,181,169,123
197,182,169,122
195,182,172,118
194,180,173,118
196,180,172,118
191,178,163,112
193,181,164,115
194,177,172,123
194,179,171,126
187,170,237,91
191,170,226,94
194,171,171,133
194,170,167,133
195,155,166,146
199,164,162,139
194,182,166,116
197,179,164,123
196,179,164,131
186,174,179,111
190,178,173,111
191,177,174,117
191,179,170,120
192,181,170,119
195,182,169,126
196,181,164,134
196,181,161,134
195,181,164,135
195,181,160,132
195,180,160,131
192,179,164,133
193,180,164,143
192,181,167,138
193,180,164,138
195,180,164,130
199,181,160,125
201,180,159,128
202,179,157,124
199,181,158,122
197,181,161,118
195,181,164,118
196,181,163,116
197,183,162,118
195,181,164,118
196,181,163,127
195,181,164,120
197,183,163,119
195,182,164,121
196,181,163,128
198,181,161,119
198,180,161,124
196,181,162,124
195,180,162,133
195,180,162,121
195,180,162,132
199,180,158,131
196,181,161,126
197,182,159,128
199,182,159,129
199,182,160,138
199,180,161,140
198,179,161,145
198,179,159,138
198,176,161,136
198,175,161,133
200,175,162,143
197,177,165,145
196,176,165,141
194,177,166,143
197,178,167,140
198,175,166,140
196,176,169,140
196,177,165,131
196,176,171,127
197,177,169,127
195,181,168,123
197,183,165,125
198,182,165,124
199,181,164,124
199,179,165,129
197,181,164,125
198,180,165,124
199,179,163,123
198,179,163,128
199,179,164,135
198,180,164,131
199,180,165,132
196,181,164,128
196,180,165,138
196,181,163,133
198,180,163,137
198,182,160,131
196,181,163,134
197,181,161,128
196,181,162,132
195,180,161,137
196,181,163,130
195,182,162,130
198,182,159,132
196,181,161,140
196,182,160,134
199,181,157,131
198,182,158,127
197,181,159,136
197,180,157,131
197,180,156,131
195,179,160,128
194,179,162,133
197,178,159,137
196,178,160,136
194,179,167,131
196,180,164,126
196,181,165,123
195,179,164,131
193,180,165,127
196,178,164,128
198,180,161,127
194,178,164,127
194,179,162,122
194,180,165,127
196,178,163,134
196,179,164,137
195,179,164,136
196,179,159,129
195,179,160,133
196,180,159,131
199,179,156,129
199,180,156,127
197,178,159,134
197,182,158,125
197,184,157,123
194,182,161,127
194,181,161,128
198,180,158,131
195,181,164,134
196,182,160,127
197,181,161,137
199,179,159,134
198,182,161,132
197,178,162,132
197,179,163,116
198,181,160,117
197,184,160,132
198,184,159,132
198,184,161,129
199,182,160,132
196,179,163,128
198,179,163,128
200,167,162,147
206,166,158,138
204,163,155,139
200,135,148,173
200,129,142,180
200,133,156,170
199,126,151,184
202,138,145,163
203,151,156,156
205,180,159,129
200,171,162,141
197,170,164,138
197,181,162,138
195,181,163,139
197,184,158,127
197,182,161,139
199,181,159,125
198,181,159,131
197,177,159,142
197,180,157,140
196,181,158,132
195,180,159,127
195,181,160,125
197,184,157,122
199,184,157,124
199,185,157,122
198,184,158,123
199,179,158,131
198,182,162,130
194,181,166,132
196,180,163,130
196,180,165,133
195,180,162,140
195,179,163,143
191,178,170,137
191,180,169,128
197,180,163,122
198,178,161,123
196,179,164,132
197,178,162,126
195,178,166,128
198,180,160,123
195,178,167,134
194,179,166,134
195,179,164,127
196,181,161,137
200,182,157,128
199,182,159,130
198,181,159,128
198,181,159,127
197,178,158,135
199,178,157,138
200,179,155,142
199,181,156,140
197,180,159,126
196,179,162,136
194,180,162,130
197,180,158,130
195,181,161,128
196,181,161,127
196,182,161,131
196,179,161,131
199,181,159,132
198,179,160,136
197,180,160,132
195,181,161,127
198,182,161,125
197,181,163,121
198,181,162,126
197,180,161,123
199,180,159,124
199,181,160,117
199,181,159,130
197,181,160,127
198,181,160,125
196,181,162,128
196,181,164,123
198,182,164,125
197,177,163,128
198,141,160,182
209,154,152,159
217,151,131,131
222,154,128,140
198,179,162,128
198,179,161,120
199,182,161,127
196,181,162,135
196,182,163,140
197,184,162,147
196,183,162,136
191,185,169,158
197,183,161,140
196,183,166,135
194,184,169,147
199,184,164,142
198,183,164,142
200,182,162,140
200,183,165,141
198,183,167,139
199,183,165,144
199,182,166,151
203,182,163,144
202,183,163,148
208,183,155,141
231,186,134,132
234,185,130,124
219,183,143,127
230,184,126,123
222,184,127,110
221,186,131,130
197,180,163,140
196,181,164,135
192,182,171,161
195,183,167,126
192,183,168,127
191,184,174,153
194,183,169,140
196,184,168,139
196,183,168,135
199,181,164,140
197,182,168,137
197,182,167,133
197,182,164,126
199,182,163,129
195,181,166,141
198,180,161,138
198,182,160,134
197,181,162,120
192,179,169,118
196,179,163,118
194,180,173,105
194,178,162,125
195,179,161,127
195,180,162,144
197,180,159,135
196,179,164,136
198,180,162,136
197,180,162,128
198,180,163,126
198,180,161,125
197,180,165,132
196,180,165,140
197,183,165,121
198,182,163,128
197,181,162,121
197,181,164,128
198,178,158,133
196,176,161,141
197,170,158,135
196,167,161,140
201,160,156,148
197,156,161,155
197,156,159,149
197,175,162,133
196,177,164,132
196,180,162,133
195,181,162,126
198,181,162,130
196,180,161,129
199,179,158,129
198,178,159,129
198,175,160,132
205,155,152,143
204,154,154,151
201,146,160,165
201,147,153,161
204,146,149,151
206,148,147,146
202,146,157,164
204,146,146,158
208,144,152,157
207,143,150,157
206,141,150,157
202,147,153,160
199,149,156,153
197,156,161,152
214,157,142,143
197,163,161,139
194,165,165,133
194,171,169,139
195,175,167,134
193,176,166,129
193,178,168,117
193,178,168,130
195,177,166,125
194,177,167,127
196,178,168,131
194,178,171,129
196,177,165,129
196,180,164,127
198,181,165,127
197,182,166,126
199,181,161,120
199,182,164,127
200,181,159,120
199,183,164,118
201,183,159,106
201,182,162,114
199,184,163,104
199,184,164,105
200,182,160,108
203,184,161,117
201,183,162,114
199,183,158,100
202,183,159,110
198,182,164,115
201,181,159,105
192,177,175,115
188,180,178,135
190,180,181,128
192,180,181,131
196,180,160,125
194,181,169,135
195,181,169,121
196,182,168,127
196,181,168,130
196,181,168,128
194,180,168,126
195,180,164,131
195,182,164,126
196,182,167,125
194,180,167,127
194,180,167,140
193,180,168,128
190,178,177,134
192,180,175,129
196,178,165,129
197,180,163,118
203,183,158,108
198,181,162,120
202,181,158,110
200,180,161,120
195,179,165,117
180,174,183,121
177,171,183,123
168,170,194,129
176,168,185,135
174,163,185,138
184,168,176,139
185,167,176,143
199,179,162,125
202,179,159,118
196,182,165,110
198,183,165,115
194,181,166,117
194,181,171,132
195,182,174,123
195,179,163,132
191,179,168,128
196,181,161,126
197,181,166,125
197,180,164,127
196,182,166,126
199,181,160,119
197,181,164,122
197,182,166,125
198,182,166,130
197,181,163,125
195,182,166,131
195,182,167,134
198,180,160,124
197,181,164,132
193,180,163,117
196,182,167,124
194,179,168,131
192,180,170,118
192,181,171,122
197,181,167,121
199,179,162,117
201,180,160,128
198,179,164,133
188,163,177,145
189,163,173,146
197,175,174,142
206,176,161,134
215,174,150,131
196,171,174,142
192,174,176,140
204,173,169,140
198,166,178,150
184,159,182,155
186,160,178,151
205,178,153,118
203,179,156,121
201,182,160,112
193,182,169,113
189,180,182,130
193,182,170,132
196,182,164,133
197,181,159,121
196,182,163,126
196,182,163,127
198,180,162,129
196,181,164,126
194,181,168,123
192,181,169,126
194,181,165,131
194,180,165,129
194,180,166,123
194,180,166,123
191,179,170,115
193,181,169,117
198,180,160,122
195,182,162,121
195,182,162,130
196,181,168,133
195,182,166,126
195,179,175,138
195,179,171,129
201,175,151,116
196,173,159,124
207,154,148,146
201,139,159,181
203,155,161,163
192,146,174,178
194,155,173,163
192,178,172,141
192,178,173,142
193,170,176,151
197,179,171,139
199,160,168,163
204,170,162,145
203,175,158,127
195,180,165,136
195,180,165,133
195,180,166,148
194,179,163,146
194,181,165,138
193,181,164,134
196,180,159,126
197,180,158,127
196,180,161,128
197,181,161,134
196,180,160,127
194,180,167,139
197,180,160,125
194,181,165,133
195,181,164,132
195,181,164,134
196,182,164,131
193,180,166,129
192,180,162,116
194,181,162,126
198,180,164,126
198,182,167,126
196,180,171,142
198,181,164,126
196,178,158,117
197,179,160,120
196,181,166,136
190,180,174,124
182,179,182,129
202,173,172,128
203,170,174,126
204,174,163,141
205,171,166,136
201,175,163,132
195,180,167,134
195,180,166,142
200,167,165,126
202,174,165,127
203,168,161,125
205,171,156,118
187,163,182,118
185,167,180,106
148,172,209,119
151,176,207,111
196,183,165,121
196,182,164,117
199,183,159,117
196,179,153,111
195,179,156,121
196,178,156,140
196,180,158,135
