197,172,61,61
194,169,64,66
192,169,67,67
192,169,65,68
192,169,65,69
191,169,66,67
189,171,67,66
189,171,66,66
189,173,66,65
187,173,67,65
187,174,66,66
186,174,66,68
185,175,65,67
183,176,66,67
179,176,66,67
177,177,67,72
178,180,63,65
178,180,58,68
177,185,56,58
177,187,55,59
171,190,59,60
170,194,58,60
165,197,60,64
164,202,61,62
166,203,56,63
162,207,62,61
164,207,60,64
165,208,59,61
170,209,58,60
173,209,57,56
173,207,57,61
178,206,55,55
177,205,56,60
186,202,51,53
188,198,52,52
193,192,49,53
194,189,52,53
197,183,50,54
196,179,52,55
202,176,47,53
201,176,45,41
199,175,48,42
199,178,50,41
199,179,52,41
202,183,54,38
204,187,54,37
206,192,53,39
210,200,45,33
218,209,38,27
220,219,40,27
221,230,42,32
221,243,44,35
221,258,47,37
222,273,45,41
220,288,45,42
219,302,47,43
221,317,44,39
229,329,35,30
191,200,46,43
192,205,49,48
194,213,50,41
197,219,48,42
199,225,45,44
200,230,45,42
198,234,48,33
201,235,44,50
202,234,44,35
200,233,46,43
199,230,47,44
198,227,48,45
197,222,48,44
195,216,47,41
194,207,48,36
192,197,45,33
187,187,43,40
182,176,41,33
176,159,45,41
169,146,44,42
245,218,53,47
257,193,44,37
272,160,40,37
275,127,38,39
278,99,38,37
282,73,37,37
287,49,36,38
291,29,35,37
295,10,35,37
300,0,34,32
306,1,33,18
309,0,32,10
321,2,34,22
337,2,74,56
214,125,25,58
144,134,42,45
142,130,47,52
138,128,47,53
139,127,43,50
138,127,40,49
137,128,42,51
136,129,40,50
135,131,40,54
133,133,42,54
133,133,41,54
133,135,40,54
134,137,42,54
134,137,41,54
134,137,41,54
134,137,41,55
137,137,38,55
138,138,37,53
141,137,37,54
143,137,35,53
145,139,40,51
147,138,43,48
150,137,40,51
152,136,43,47
152,133,50,41
150,126,62,72
157,129,61,76
156,135,66,77
162,132,59,71
169,135,53,55
173,141,42,37
174,145,51,45
167,155,39,52
178,146,46,38
181,146,53,48
227,274,82,26
244,271,36,25
253,268,31,23
253,268,31,23
218,207,32,52
259,257,36,24
228,210,25,50
286,242,36,21
286,242,36,21
286,242,36,21
228,211,36,42
228,211,36,42
192,197,73,66
217,162,43,40
222,163,43,32
261,236,29,39
256,231,39,47
267,247,35,38
277,255,30,35
278,262,35,32
282,264,36,34
271,190,38,32
276,195,35,28
280,200,40,31
280,200,41,34
281,201,42,34
287,203,37,32
285,205,41,34
290,205,38,34
291,207,39,34
290,210,43,45
293,212,43,37
299,214,39,34
301,216,39,34
300,217,39,35
302,217,39,36
300,215,40,36
297,211,43,38
298,208,41,31
297,205,37,29
296,201,36,26
287,197,40,31
286,193,39,29
279,189,37,30
274,185,39,33
266,180,43,26
254,178,45,30
245,176,41,29
239,172,44,27
267,229,34,36
258,220,35,38
257,217,28,32
251,209,42,30
248,294,29,27
245,288,39,28
255,287,31,28
257,286,32,22
257,286,32,22
263,279,31,23
265,278,26,22
265,278,26,22
270,336,50,24
264,333,51,26
254,330,50,29
244,332,49,28
237,331,50,28
227,331,51,28
213,331,53,28
198,329,56,30
181,324,62,35
173,314,61,45
166,302,65,56
163,284,63,70
164,270,63,68
167,259,58,64
163,246,62,62
168,233,57,64
171,221,56,64
177,210,55,62
179,200,55,60
183,192,54,54
187,185,54,55
190,182,54,54
192,178,54,57
195,176,54,58
198,176,54,53
199,181,53,47
199,186,54,46
199,191,54,46
198,200,53,46
195,208,53,52
190,218,52,53
186,223,50,60
183,235,49,55
189,245,46,54
176,256,52,57
176,265,49,57
180,270,46,56
175,271,51,57
181,269,46,55
181,263,49,56
189,256,43,52
190,246,46,50
195,233,50,51
201,218,47,46
201,202,53,45
201,186,54,39
204,170,48,47
203,155,45,44
199,140,45,40
197,127,45,43
194,116,44,44
191,106,44,45
188,98,44,45
184,92,44,44
181,88,43,45
177,85,43,45
172,83,44,46
167,84,45,45
162,86,46,46
157,91,47,46
151,97,48,47
146,106,49,48
140,114,51,47
137,119,51,49
133,120,52,50
131,120,51,47
128,118,50,46
125,112,50,47
122,107,51,48
120,100,51,49
121,93,49,50
119,87,51,54
120,82,50,55
120,78,51,54
122,75,49,54
124,74,50,54
125,74,51,55
129,75,50,54
131,77,51,54
137,82,49,53
141,87,49,51
145,95,49,52
150,104,48,49
155,115,48,52
157,129,50,53
157,130,51,52
165,144,46,47
165,145,47,45
177,163,38,78
180,182,42,68
177,201,49,52
171,214,61,45
176,229,58,40
180,237,56,47
183,248,55,56
191,257,50,53
187,267,53,44
204,263,44,46
196,258,55,51
204,257,50,48
218,250,43,47
229,238,41,46
232,224,43,49
240,208,42,39
239,191,46,45
240,176,48,41
252,158,39,43
250,142,42,45
250,129,43,47
249,118,44,48
252,109,42,46
253,103,42,44
254,98,43,45
254,94,43,46
256,91,43,47
256,91,43,46
257,93,42,46
258,96,43,46
259,101,42,46
259,108,43,45
258,117,44,45
259,128,44,43
259,141,45,44
258,156,46,47
257,175,47,43
257,193,46,39
255,209,49,39
253,222,47,41
249,233,46,47
248,242,43,49
219,246,67,55
231,249,48,58
235,254,42,53
224,260,51,48
227,247,44,57
230,239,38,65
233,217,30,76
236,221,26,69
246,226,22,50
237,186,30,40
202,135,46,38
254,205,36,58
264,219,30,37
274,218,26,37
279,221,24,32
283,219,21,33
288,213,18,37
291,214,16,38
295,214,15,33
300,212,14,26
300,212,14,26
300,212,14,26
241,158,47,25
245,131,45,41
158,234,49,34
163,231,45,53
163,225,46,54
165,220,49,53
168,212,48,53
171,203,43,56
176,198,38,60
178,193,38,62
176,192,40,60
173,188,43,63
171,188,39,61
169,190,43,57
164,194,45,52
205,123,44,44
200,125,44,41
247,193,33,62
243,201,41,56
242,207,44,50
246,214,44,47
241,220,49,44
238,229,50,44
233,234,53,50
231,239,51,49
225,242,54,51
220,242,54,55
213,239,56,57
210,234,55,57
209,228,55,55
208,218,53,54
206,206,54,56
204,192,53,57
205,179,52,50
205,167,48,50
200,156,51,54
203,146,44,56
196,138,49,56
192,133,51,58
194,130,47,58
187,130,50,57
187,132,47,55
185,136,47,57
184,142,46,57
182,148,46,56
181,155,45,56
178,160,44,55
176,164,41,53
173,164,42,53
174,165,41,53
171,165,44,52
171,164,43,47
167,164,47,45
168,165,47,47
169,166,45,43
169,166,46,43
170,168,48,42
170,168,48,43
171,170,43,41
171,171,45,41
172,174,46,39
172,176,48,43
174,180,45,39
177,183,44,39
179,189,51,43
183,193,45,37
184,196,47,44
185,201,47,42
187,205,54,41
189,210,51,39
192,216,47,36
194,219,46,41
193,225,47,36
197,228,43,42
197,231,43,39
198,233,43,40
200,234,42,43
198,236,43,44
199,237,42,44
200,238,41,45
199,238,43,45
196,238,48,46
194,238,50,45
196,237,48,47
201,235,45,46
206,233,42,41
206,231,45,46
207,228,46,43
205,224,49,42
204,221,51,42
203,218,50,44
197,215,55,44
184,211,65,54
186,207,62,59
187,203,60,61
191,201,55,62
195,202,50,60
199,203,42,60
202,204,58,64
209,204,64,55
211,207,59,66
213,210,47,73
208,219,44,74
206,218,58,76
204,247,54,70
204,265,55,60
202,273,47,51
197,277,47,58
143,210,48,56
143,216,43,51
209,247,46,33
204,298,42,54
208,243,47,36
139,215,38,55
207,233,40,36
206,279,43,43
217,268,32,42
215,259,36,38
216,244,34,38
215,231,39,33
219,209,37,36
213,189,47,36
193,135,44,46
126,124,45,55
125,121,43,51
124,118,43,52
124,116,45,58
125,116,43,51
123,117,42,51
124,121,43,48
122,120,41,48
120,124,43,51
117,125,43,51
116,125,44,53
113,124,44,48
111,124,43,51
110,125,44,53
107,127,45,49
105,129,43,48
104,129,41,48
100,130,44,43
99,131,45,46
98,132,46,50
95,132,47,50
94,132,45,49
93,133,47,45
91,132,42,47
89,131,39,46
89,132,40,46
88,131,43,47
88,132,46,44
90,133,38,44
92,135,40,43
94,135,37,42
97,134,36,41
98,135,43,42
100,137,39,36
103,136,46,41
105,139,39,35
118,169,47,57
114,135,48,42
108,140,54,63
105,139,59,69
107,140,58,44
108,143,49,35
111,142,51,32
111,142,49,35
112,142,51,34
111,141,49,35
112,142,47,37
87,182,75,70
183,253,38,48
160,264,65,28
166,263,61,35
160,271,54,30
178,263,43,26
158,270,61,22
164,266,55,27
165,274,39,22
152,262,65,32
158,274,52,24
159,278,37,20
154,269,50,34
154,285,30,33
112,190,60,49
121,138,48,32
132,139,47,41
134,138,46,32
135,138,46,33
126,181,60,79
132,133,61,91
