333,84,23,96
332,84,23,97
334,80,23,96
334,80,23,96
334,82,23,98
333,84,24,96
334,84,23,97
333,83,23,97
333,81,22,98
331,82,24,98
330,81,26,97
328,81,28,95
331,82,25,98
329,82,26,95
330,81,26,98
329,79,26,98
332,82,24,97
330,80,26,97
333,82,24,96
329,80,27,99
333,78,24,99
333,78,24,102
333,78,24,102
333,78,24,102
333,76,26,104
333,76,26,105
333,73,28,108
330,70,29,112
333,71,27,110
333,70,28,111
331,70,29,113
334,65,28,116
335,63,27,117
336,62,27,120
337,62,28,117
336,62,30,117
338,62,30,117
336,59,34,120
339,56,34,124
341,54,34,124
339,54,38,126
336,53,44,128
350,46,33,131
348,47,37,132
353,46,39,132
360,46,39,131
364,45,42,133
370,40,42,138
374,40,42,139
378,39,41,137
382,40,40,139
386,45,41,131
389,47,38,134
396,51,33,134
398,55,30,136
407,64,32,130
404,68,35,126
409,63,46,123
406,66,38,130
412,71,40,119
412,68,46,113
418,63,47,112
421,61,41,113
420,63,44,114
424,63,42,107
428,58,36,115
428,59,39,115
427,60,41,116
429,56,38,117
430,61,37,116
432,59,35,117
434,58,35,121
432,57,36,124
431,59,36,119
429,60,38,120
428,59,35,122
429,59,33,126
429,62,33,129
425,58,39,126
419,61,46,111
418,60,47,122
410,60,55,125
407,59,60,133
407,59,60,133
407,59,60,133
407,59,60,133
407,59,60,133
407,59,60,133
407,59,60,133
407,59,60,133
367,75,81,122
368,72,101,122
354,69,127,126
352,69,147,130
348,71,155,127
348,71,155,127
348,71,155,127
348,71,155,127
348,71,155,127
348,71,155,127
348,71,155,127
351,90,144,118
351,93,142,112
348,96,139,108
350,102,145,106
351,102,143,107
349,106,140,104
349,106,140,104
349,106,140,104
352,110,137,99
352,110,137,99
354,112,134,103
350,112,140,99
345,111,149,106
346,110,142,107
342,111,147,114
339,107,160,121
338,109,159,123
335,109,166,130
332,108,174,132
333,110,158,139
330,113,178,154
328,114,180,161
324,112,185,163
320,122,180,163
318,127,184,164
317,126,180,164
306,123,185,174
303,128,192,170
302,137,196,154
305,131,174,160
308,133,167,150
306,139,186,139
305,121,177,164
308,117,182,173
309,105,162,176
309,88,164,191
307,84,169,192
312,77,171,206
312,72,158,207
313,74,156,208
319,75,148,211
321,82,144,205
330,102,138,193
334,120,140,179
334,131,141,168
333,142,154,155
322,163,194,141
317,171,205,133
308,174,220,126
317,171,211,127
320,172,210,121
320,172,216,117
322,174,208,111
324,178,197,102
325,172,191,91
336,169,188,88
360,160,180,98
338,156,177,87
347,147,179,95
354,137,179,116
356,114,174,144
365,108,169,161
373,95,163,172
375,92,164,174
383,88,152,182
390,87,149,187
400,80,134,194
409,69,124,202
420,72,119,197
431,65,104,209
436,52,100,225
436,41,101,235
448,42,85,234
446,36,87,233
447,38,86,222
444,33,81,216
441,39,77,214
432,39,78,213
430,48,83,203
414,53,108,208
404,60,111,191
393,61,107,153
380,75,113,127
370,80,115,125
357,97,128,119
351,108,135,110
348,118,143,111
347,131,152,103
342,135,149,117
335,141,166,136
328,146,185,140
326,158,200,150
320,166,208,159
316,171,212,161
325,184,189,154
320,189,192,140
322,194,181,132
322,199,185,136
319,191,191,134
318,181,195,137
322,176,182,133
316,172,186,131
323,162,198,140
317,152,202,136
318,139,195,146
321,127,199,156
318,116,203,167
319,114,194,162
322,118,173,161
327,122,158,154
318,138,168,145
317,151,191,143
309,164,198,142
308,177,204,139
310,195,204,131
315,205,191,135
317,212,203,139
319,208,188,150
324,201,172,161
320,203,187,158
318,201,177,160
313,196,191,154
312,179,172,172
316,163,156,161
316,145,154,160
314,121,153,163
321,112,149,153
320,106,154,142
324,99,149,138
331,96,144,141
329,98,155,131
325,97,164,143
328,99,154,149
329,106,154,151
329,115,158,158
328,119,162,160
328,128,161,169
328,134,166,172
326,135,167,193
326,137,163,191
322,142,172,189
322,140,174,188
329,134,163,193
323,128,170,191
328,126,160,182
329,121,165,176
329,117,168,166
331,117,180,161
334,110,178,166
333,111,180,161
335,109,175,165
342,109,170,162
339,113,175,161
345,113,166,162
334,109,179,168
335,109,172,165
331,108,174,163
328,106,177,161
328,105,171,164
323,106,170,167
315,108,176,163
315,114,174,154
309,113,176,155
310,114,173,158
309,111,170,162
307,115,170,153
311,114,178,149
307,128,192,132
305,147,193,105
292,173,196,75
290,182,207,61
291,177,214,59
288,175,212,60
294,183,199,49
288,182,184,48
346,180,193,52
281,186,207,38
292,175,200,52
276,183,215,40
276,188,213,40
284,197,206,46
314,204,216,55
304,195,224,71
289,194,240,78
266,194,242,75
281,200,233,65
281,188,219,65
277,194,234,60
267,200,209,53
295,201,224,50
297,203,223,47
304,205,226,46
305,205,236,44
286,174,231,52
246,190,218,48
277,180,228,61
276,186,212,60
283,184,216,61
295,205,190,44
288,202,178,49
295,188,169,65
303,195,164,57
306,197,166,60
284,182,182,70
275,183,185,56
272,178,196,70
269,166,172,86
280,147,162,110
279,135,165,130
279,130,167,128
282,118,155,138
280,110,159,144
281,109,149,150
280,102,152,151
280,101,163,150
284,96,157,159
286,95,151,158
288,96,147,152
291,96,138,153
290,93,143,150
292,99,144,145
287,96,155,147
285,100,158,144
288,96,167,144
287,98,158,147
288,100,160,148
284,98,155,149
292,99,153,155
285,99,160,150
286,101,167,150
287,99,152,153
286,102,156,148
287,105,154,143
281,101,160,146
290,102,151,143
285,99,154,147
286,98,158,147
283,100,155,146
283,94,158,151
284,93,152,149
282,95,161,149
286,96,158,148
281,97,163,151
282,95,158,153
283,95,158,152
284,98,149,150
283,97,144,146
282,95,150,146
281,84,151,155
286,84,144,153
285,73,152,162
278,69,163,163
283,75,150,160
281,69,159,158
280,63,146,168
276,64,143,156
271,61,162,155
257,68,185,144
244,71,186,135
241,79,186,123
234,87,186,108
242,80,188,121
249,79,177,116
272,82,151,123
421,25,153,151
307,58,125,146
465,3,108,155
327,75,116,141
330,65,146,133
322,55,160,138
320,32,173,160
332,6,175,185
323,0,215,201
314,8,213,184
321,3,211,196
308,5,230,192
317,11,195,199
314,2,192,205
320,1,185,212
319,1,182,217
324,3,181,220
327,5,196,218
336,12,183,218
335,7,179,227
343,12,178,216
350,9,172,228
347,13,174,217
350,9,180,229
346,8,180,236
345,5,185,237
347,8,182,232
350,13,186,228
350,12,187,227
353,13,186,227
349,16,193,224
348,18,187,227
337,19,202,220
338,22,192,214
345,22,180,227
342,27,178,215
339,30,176,210
332,37,181,210
329,41,182,197
330,45,176,195
326,55,175,182
326,48,174,179
327,51,166,176
330,63,159,173
332,56,162,173
338,57,153,169
340,56,139,169
344,62,139,158
346,66,132,154
357,69,121,140
352,70,122,136
357,67,121,142
357,67,112,138
359,64,127,142
357,68,120,130
356,68,117,133
352,63,122,139
350,66,132,146
352,60,127,150
354,62,135,159
353,64,147,155
355,61,158,158
354,57,142,155
355,60,138,168
354,60,130,160
353,58,125,160
354,63,120,150
350,62,106,131
359,68,98,135
363,61,104,137
356,66,93,154
351,69,100,173
339,65,107,182
337,66,115,181
334,66,121,179
323,63,139,176
323,59,140,172
323,55,140,178
326,54,141,173
323,54,147,180
320,52,154,190
310,39,169,202
306,36,172,213
300,40,182,213
301,44,180,218
297,42,190,218
293,46,200,213
301,42,182,225
298,38,195,225
305,42,175,220
301,38,184,218
304,39,179,213
304,32,180,219
307,29,179,211
319,31,179,216
321,29,181,232
328,36,168,233
329,35,170,218
320,49,180,186
326,52,166,166
317,62,181,153
316,71,182,143
327,89,165,131
320,110,179,103
324,119,178,92
317,137,175,86
317,142,174,84
321,139,163,98
326,131,156,111
329,129,159,118
336,121,152,124
337,112,150,136
342,104,141,142
349,87,134,160
361,82,123,168
375,77,119,179
380,65,110,198
405,55,85,223
409,48,92,220
396,76,126,183
368,102,114,170
378,123,119,132
373,151,98,100
369,151,107,95
371,154,110,93
370,155,120,93
368,145,129,105
366,144,127,106
363,138,132,111
359,138,131,113
354,144,133,103
354,150,140,89
345,156,141,80
344,159,143,72
341,163,153,61
349,164,141,51
338,153,149,59
344,143,143,80
347,131,139,98
348,122,139,110
349,116,129,118
354,108,130,127
356,104,125,143
361,95,116,147
373,91,111,172
381,90,118,189
388,90,104,197
391,88,98,199
380,99,119,194
367,107,143,184
355,113,169,176
346,120,176,173
342,117,180,178
348,116,176,180
340,114,193,181
348,111,183,186
349,112,196,183
344,116,202,176
338,121,205,168
342,126,204,162
347,115,190,174
342,121,201,165
344,118,200,170
343,111,202,167
340,117,203,163
342,114,190,164
336,120,188,153
330,118,186,124
336,110,159,118
339,106,155,124
345,81,137,150
350,70,123,165
350,61,119,197
355,55,114,200
359,49,106,181
359,45,108,176
362,45,101,166
357,42,104,163
357,45,98,155
356,41,88,154
353,43,90,151
350,44,92,150
357,42,90,159
364,46,94,148
363,47,98,145
359,55,88,137
366,54,74,135
367,51,57,137
369,59,54,126
363,62,54,124
361,62,47,122
360,65,43,126
357,66,42,129
354,69,46,126
352,69,43,124
353,70,40,125
348,69,45,125
348,70,44,126
351,67,42,123
351,66,41,122
349,62,42,121
347,62,42,119
348,63,42,120
345,64,40,117
349,61,37,120
344,63,39,118
344,66,38,117
343,65,37,117
345,64,34,121
343,65,37,118
340,66,37,118
342,69,35,112
344,67,35,113
342,70,33,108
340,76,33,105
341,76,31,106
339,77,32,107
339,78,32,105
339,79,32,102
338,82,30,98
337,81,29,100
338,82,25,100
336,80,26,100
333,80,28,99
331,81,27,99
329,81,25,96
333,80,25,96
335,80,23,99
333,80,24,98
336,79,24,98
334,80,26,99
335,78,25,102
334,78,27,102
334,82,26,98
335,82,28,97
334,82,27,94
335,83,27,97
335,82,26,95
334,83,28,98
334,82,29,98
332,81,30,100
335,80,26,99
336,84,24,95
337,83,24,99
336,83,24,105
337,83,24,107
337,83,24,111
337,79,23,102
337,81,23,99
336,82,23,93
336,82,24,91
335,80,25,85
336,81,23,75
338,82,23,71
336,81,26,75
335,81,27,66
337,82,23,58
337,82,23,58
337,82,23,58
337,82,23,58
337,82,23,58
336,109,24,60
336,107,25,65
336,106,26,72
334,102,26,77
336,102,26,78
337,103,24,78
335,101,24,79
335,102,25,78
335,101,23,78
335,103,25,78
335,104,26,76
335,104,25,79
334,105,28,75
336,107,26,73
336,106,25,74
336,108,26,71
336,106,25,74
336,106,26,73
334,105,24,75
335,108,25,73
336,109,26,72
335,108,26,71
336,108,24,71
336,111,26,69
334,111,24,69
334,111,26,69
335,112,26,69
335,111,25,68
336,109,23,69
336,109,24,71
336,107,25,73
336,108,24,72
336,109,24,70
336,109,23,71
335,111,26,69
334,112,24,68
335,115,25,66
336,119,26,61
334,119,26,59
335,120,26,60
336,122,24,58
336,125,25,55
336,125,25,52
337,129,26,51
335,130,25,49
336,131,26,50
334,134,28,47
337,138,23,43
335,138,26,42
335,82,24,37
332,98,27,36
332,98,27,36
332,98,27,36
332,98,27,36
331,90,26,39
331,90,26,39
350,97,22,44
361,100,21,46
370,105,19,48
379,109,18,48
382,111,18,52
385,113,18,55
335,82,22,55
334,82,25,52
336,83,23,54
334,81,25,47
333,84,26,41
336,84,23,37
377,109,25,37
375,99,26,40
375,90,22,43
373,83,19,36
366,81,22,42
357,76,23,43
347,69,26,46
333,70,31,42
325,69,33,39
319,63,29,41
318,65,24,38
312,64,25,37
307,62,25,37
304,59,23,42
302,63,23,39
299,62,24,40
297,63,24,39
297,65,22,38
294,70,24,35
293,72,22,32
293,73,23,33
293,75,23,36
290,74,23,39
289,76,24,33
288,74,23,35
285,71,24,30
284,71,23,25
283,69,22,25
282,69,22,25
280,68,24,25
281,64,22,26
281,65,22,28
278,65,24,29
279,66,23,29
277,65,23,29
280,67,21,28
277,66,22,26
276,66,22,26
276,70,21,23
276,71,19,20
276,71,19,19
274,73,18,20
275,73,19,21
274,74,17,19
272,76,18,20
272,77,18,21
271,78,17,21
269,81,18,22
270,80,18,24
269,81,18,24
270,83,17,20
270,83,17,21
268,85,17,19
269,84,17,20
267,116,17,23
268,82,17,24
266,83,18,23
268,84,18,22
267,83,19,21
267,84,18,18
269,83,17,19
269,83,17,19
284,85,18,23
284,85,18,23
295,85,21,26
289,68,20,29
336,112,24,33
336,107,22,38
337,106,23,40
336,107,24,43
334,105,25,44
334,106,25,41
336,106,23,40
336,105,23,45
337,106,22,43
337,106,23,41
337,106,23,44
336,107,24,47
338,108,23,50
336,109,25,57
336,111,24,68
335,111,25,68
336,113,26,69
334,112,26,68
334,115,27,64
336,117,26,63
334,120,27,60
335,121,24,59
335,121,25,58
336,124,23,56
336,125,25,56
337,125,24,53
338,125,24,52
336,121,26,57
335,136,29,59
336,139,37,61
336,139,37,61
316,63,42,60
329,83,30,62
335,83,27,62
335,83,26,52
335,95,25,54
334,105,25,54
336,106,24,63
337,107,23,68
335,93,25,77
335,85,25,90
336,84,25,93
335,83,24,95
335,82,24,95
334,82,24,90
335,80,25,85
334,79,24,78
336,80,23,69
336,82,24,72
335,81,23,67
357,97,23,64
357,97,23,64
357,97,23,64
357,97,23,64
357,97,23,64
341,135,23,75
335,129,26,75
330,114,28,83
323,107,34,88
327,102,33,82
332,103,30,80
340,99,21,80
338,95,22,84
340,93,20,87
340,89,20,90
340,85,18,92
342,83,17,94
342,84,17,94
342,86,17,92
342,87,18,92
342,89,17,88
341,92,19,86
339,96,20,83
340,97,21,82
340,101,21,80
338,103,22,75
338,107,22,73
339,109,22,71
340,111,22,70
338,114,22,69
339,114,23,68
339,112,24,70
338,110,24,71
336,110,24,72
338,110,24,72
333,110,27,70
334,109,26,70
333,112,27,69
336,114,25,68
336,115,24,64
336,114,24,64
337,119,24,60
334,118,27,61
337,116,26,63
335,117,27,63
335,118,26,62
336,120,25,60
335,125,26,56
337,130,26,50
337,138,24,45
335,88,25,47
337,106,23,44
338,107,23,44
337,106,21,47
337,104,23,50
337,107,24,54
336,108,22,55
335,92,24,60
335,84,24,65
335,83,23,74
336,82,23,78
333,82,25,79
336,84,23,73
336,85,23,70
338,83,22,72
334,84,25,68
336,85,23,64
337,84,24,62
335,83,24,61
335,91,25,62
335,96,24,56
336,84,26,64
335,83,25,66
336,84,23,70
336,83,22,70
336,82,24,73
337,83,23,70
336,82,25,71
336,82,24,71
335,82,22,71
336,83,23,73
336,83,23,71
336,83,24,72
336,83,22,71
338,82,22,71
339,81,22,74
338,79,24,73
340,78,23,74
342,78,23,74
340,75,26,76
340,74,27,76
342,72,27,77
344,70,28,81
345,67,28,82
347,64,26,83
346,63,29,85
349,63,28,84
349,61,31,91
353,57,31,89
353,53,34,94
356,52,34,97
356,47,36,100
361,44,35,107
364,41,37,110
368,38,39,113
369,36,43,116
374,38,45,119
374,40,53,121
376,47,65,120
377,54,86,121
379,62,87,119
381,67,86,122
390,72,80,121
399,80,79,118
571,2,68,109
586,4,49,109
592,3,44,103
590,3,46,105
588,5,47,102
589,4,48,99
587,5,49,110
587,5,51,118
579,5,61,117
566,5,69,134
556,4,79,136
559,6,80,131
555,6,80,129
546,6,92,134
370,97,97,107
546,8,92,127
544,8,96,131
539,5,101,130
529,7,112,134
506,6,128,145
492,3,141,150
482,6,153,161
480,3,154,169
485,5,155,167
485,0,151,183
473,4,164,168
480,4,156,179
491,7,152,169
463,6,168,157
463,9,165,134
468,16,168,125
464,12,167,139
464,13,172,144
454,12,177,165
464,5,160,182
475,10,153,203
479,5,151,201
475,4,154,216
472,6,157,221
460,0,164,229
469,7,163,227
466,14,164,231
460,1,172,247
453,7,181,215
454,8,176,183
455,4,172,180
458,14,177,163
451,12,177,161
456,20,174,150
467,12,165,158
469,7,169,156
458,16,171,146
469,14,163,145
475,9,161,150
478,14,160,143
479,16,155,139
482,12,155,141
481,15,165,133
485,14,151,138
488,18,150,132
480,15,157,137
488,18,148,136
488,20,154,137
490,16,154,144
490,14,151,147
489,19,152,144
490,20,142,137
486,20,141,141
481,19,143,145
478,18,150,143
484,24,142,144
478,21,152,139
474,21,150,141
476,24,150,141
471,21,154,151
462,11,168,157
462,14,170,161
456,15,171,150
463,13,171,170
457,10,174,172
453,3,177,175
455,15,172,161
450,21,173,145
456,15,167,151
458,17,168,147
457,19,173,140
455,26,176,132
451,10,173,153
466,19,168,143
461,11,171,148
457,12,167,147
468,7,170,143
463,10,165,148
467,10,161,140
456,8,172,143
461,9,170,141
466,17,158,128
468,11,166,137
463,20,170,122
462,10,162,134
471,13,166,127
473,19,159,115
464,15,163,117
481,18,156,124
487,9,151,150
475,6,168,163
480,6,153,169
481,6,151,171
474,6,155,174
484,8,150,161
476,3,158,176
486,2,153,164
482,5,147,162
490,3,147,160
491,4,137,161
486,1,149,165
494,2,140,163
494,4,147,165
492,4,142,161
486,2,148,165
488,5,152,162
492,3,140,154
497,3,135,165
498,0,134,150
500,3,130,144
501,4,132,148
506,2,127,148
507,1,126,145
492,5,140,148
489,4,145,159
491,3,144,173
489,1,145,180
493,0,145,186
497,2,141,178
497,3,137,182
492,0,142,186
491,4,141,181
491,5,148,174
492,4,147,169
493,6,147,162
487,9,149,146
487,6,148,164
485,6,147,161
483,11,148,161
480,7,156,154
475,8,159,154
475,12,155,149
479,12,154,156
482,10,151,156
482,11,146,153
481,15,152,139
481,7,154,139
477,10,155,131
472,9,159,124
479,11,151,115
477,8,159,108
468,11,163,100
463,8,168,98
467,11,168,91
460,7,176,92
456,8,178,91
475,8,157,85
498,8,140,76
495,12,141,67
531,17,121,70
530,5,107,78
550,14,87,80
557,9,79,73
552,19,82,62
556,20,79,55
556,21,80,49
548,22,89,45
476,69,91,56
543,20,89,52
551,22,83,58
548,24,87,75
548,25,84,89
552,18,82,93
553,25,83,87
548,22,88,87
554,21,81,85
550,23,84,85
552,20,87,91
550,22,85,90
548,22,88,90
551,20,83,95
548,19,91,94
553,20,85,92
548,15,89,101
551,18,90,95
547,15,89,99
545,18,90,95
549,15,88,99
549,19,88,96
552,21,84,97
551,17,85,99
550,16,84,99
549,19,88,96
552,17,85,97
559,16,79,103
549,17,89,100
562,19,77,94
556,19,79,95
555,20,79,96
563,19,75,97
552,18,86,93
553,23,82,91
551,19,83,96
552,14,84,101
555,13,81,101
550,15,81,101
547,14,85,103
545,14,87,100
555,12,82,105
558,7,80,114
569,5,72,112
564,8,75,112
570,5,70,115
561,6,75,113
548,3,90,113
545,3,93,110
545,3,92,108
546,1,91,109
552,2,85,99
550,3,91,103
548,4,89,104
543,3,93,99
540,3,94,105
551,3,81,112
542,3,91,109
544,3,88,104
544,2,91,110
543,5,94,118
551,4,87,116
548,0,91,113
548,1,91,122
549,0,91,120
551,1,88,121
550,4,88,119
552,1,88,112
549,2,89,120
553,2,80,105
555,2,80,111
556,2,79,120
557,2,77,120
559,1,76,123
560,1,77,103
554,3,82,104
565,3,71,99
562,3,74,100
562,5,76,101
557,5,82,101
547,5,88,102
563,2,73,101
574,5,63,99
576,5,61,99
571,5,67,99
575,3,62,103
560,4,73,103
565,3,71,105
561,2,74,105
557,5,76,104
561,6,78,102
545,6,92,105
532,5,101,110
535,4,102,109
532,13,99,103
533,17,102,101
533,22,100,95
531,25,101,97
528,28,102,100
516,28,110,95
522,29,104,94
515,34,104,91
523,32,95,92
513,36,98,92
524,36,92,90
518,37,96,89
520,36,91,90
515,38,94,90
521,36,89,91
517,38,92,91
519,37,92,91
498,38,109,86
504,32,109,95
518,30,94,97
505,33,106,91
514,38,100,89
517,35,97,92
517,36,100,94
516,34,109,93
516,34,110,91
518,29,111,94
517,27,110,100
518,27,113,101
518,22,117,104
520,21,110,106
525,12,109,113
517,6,117,117
517,5,119,118
499,5,137,121
506,3,134,124
500,4,139,124
501,10,135,124
497,5,140,122
495,4,145,126
498,5,141,122
500,2,137,123
497,9,143,122
497,9,139,118
509,5,127,120
495,2,142,122
498,6,137,114
507,4,134,116
495,5,143,115
480,2,151,119
478,6,150,118
479,4,160,119
467,4,166,117
460,3,169,119
453,2,177,126
454,3,177,119
447,3,178,126
465,5,167,119
455,6,181,118
457,0,174,123
457,2,176,128
452,2,176,128
445,6,179,126
452,6,174,122
455,4,177,128
444,4,183,127
437,4,183,130
433,3,185,133
439,3,181,128
441,0,183,129
432,8,191,124
426,5,193,132
432,3,187,129
429,4,192,129
430,2,188,130
430,1,188,125
418,12,202,119
419,7,193,120
412,6,205,125
398,6,217,122
405,8,208,120
416,1,193,127
407,1,202,124
399,10,206,119
416,2,194,122
402,11,202,116
420,4,185,124
424,1,176,121
422,3,181,120
415,3,191,121
398,2,199,120
382,18,213,108
402,6,206,116
383,0,215,125
379,5,224,120
377,27,229,101
395,13,206,118
402,5,198,123
412,0,194,126
394,5,209,123
403,8,194,118
402,5,201,120
391,-1,220,131
383,0,227,133
377,11,230,125
382,8,235,125
390,9,232,124
404,0,211,130
404,3,216,128
397,5,229,127
401,2,223,130
412,7,212,128
420,9,208,125
428,7,203,124
440,5,189,126
449,6,182,120
455,2,176,125
479,6,153,126
480,2,143,121
494,3,137,120
500,3,129,129
491,2,140,131
500,2,136,115
504,2,132,110
504,0,131,113
508,0,123,111
508,1,127,114
511,1,127,98
517,1,120,100
511,2,125,121
523,4,114,90
533,3,103,105
527,3,108,107
518,2,118,117
523,0,111,131
526,2,110,124
523,1,115,134
525,-1,107,138
516,4,116,140
522,4,113,156
516,4,115,152
519,3,116,169
515,-2,115,171
516,6,114,154
521,3,111,150
505,6,126,147
502,6,130,143
499,4,129,145
499,8,131,147
496,5,133,153
490,4,147,161
491,6,143,167
493,6,140,173
501,3,130,179
500,6,131,178
502,5,127,186
502,4,127,188
499,7,133,189
501,7,130,191
502,7,128,193
505,3,128,190
504,4,127,187
512,6,122,192
508,7,125,180
505,5,125,179
515,4,121,177
510,6,121,165
512,5,120,164
507,2,126,165
497,8,141,159
506,6,128,164
505,5,128,170
514,5,126,177
518,2,118,168
524,5,114,161
516,4,117,164
527,4,108,159
515,8,120,160
516,5,118,167
520,3,113,178
513,5,120,167
517,6,114,170
515,1,114,179
525,4,109,177
519,3,118,174
520,6,117,173
514,7,117,169
520,7,115,167
516,1,117,160
515,3,122,155
513,0,125,147
517,5,118,138
526,3,110,132
537,6,103,130
547,4,91,125
546,3,89,122
550,5,86,122
546,3,92,120
549,5,87,123
546,7,87,126
543,4,92,119
540,5,93,128
541,4,93,112
544,2,93,111
533,4,104,122
537,7,100,127
542,6,94,113
544,4,89,113
548,3,86,120
545,4,90,123
545,4,88,125
543,5,90,129
542,5,93,131
539,5,93,133
538,7,98,132
533,6,95,140
532,5,99,139
528,11,98,134
526,7,102,139
522,7,105,134
521,8,110,140
522,7,106,138
518,10,111,133
519,8,108,132
518,11,110,130
516,9,109,134
516,11,113,129
511,11,118,125
501,10,125,127
489,9,136,128
491,11,138,153
488,9,141,164
485,7,142,155
480,12,148,128
483,11,142,135
484,10,143,147
491,12,135,141
489,12,136,135
490,13,134,142
483,14,141,129
487,10,136,136
485,13,141,146
482,11,145,175
481,13,143,184
481,14,146,197
469,12,147,180
468,8,157,167
474,12,144,202
469,9,153,217
468,10,153,231
460,7,164,251
456,11,168,227
462,8,165,240
452,11,171,201
453,9,170,233
447,13,173,218
449,16,172,204
451,14,167,204
450,19,172,175
451,19,164,192
459,16,162,173
457,13,166,180
454,11,166,186
460,14,159,190
461,14,156,187
467,16,155,172
468,14,148,195
462,16,155,188
463,12,149,206
473,15,147,187
467,15,150,178
466,11,150,200
464,11,146,186
468,13,152,189
463,16,151,182
467,17,148,182
466,18,148,192
463,12,147,192
462,15,158,182
464,18,152,192
463,15,151,199
465,13,151,190
469,14,155,192
468,20,151,201
469,17,156,183
469,18,146,182
478,15,147,191
469,14,155,189
482,13,144,196
479,11,145,206
486,14,138,213
487,14,144,215
481,14,144,193
486,9,136,185
494,11,128,177
492,9,129,186
510,13,113,174
515,13,111,160
521,10,101,158
525,9,106,154
530,10,99,136
534,10,100,133
542,11,89,120
547,11,84,114
550,11,84,115
551,10,83,111
561,8,74,115
565,8,68,112
570,6,63,111
571,4,63,110
571,8,64,108
574,6,61,110
575,9,59,110
578,8,55,109
578,5,54,109
581,6,53,112
582,5,51,111
584,6,50,114
583,4,51,112
584,9,50,108
586,7,47,106
590,7,43,108
592,7,42,109
591,5,43,108
593,6,41,104
595,6,41,99
594,5,38,92
595,7,38,87
591,3,42,84
589,5,43,75
591,4,42,69
591,5,44,65
591,4,40,58
592,3,39,57
592,3,39,55
591,4,40,56
591,4,40,60
587,3,46,71
581,4,52,80
580,3,53,83
577,3,57,95
574,6,59,105
569,5,65,111
570,4,65,109
563,4,70,113
551,5,83,114
547,6,90,114
538,8,94,112
535,8,93,119
529,10,100,119
529,10,100,117
527,9,103,119
525,10,101,115
526,13,103,129
521,9,106,124
522,16,106,116
522,10,108,125
515,13,113,119
518,15,108,117
517,16,106,115
518,12,104,119
515,16,108,112
511,14,108,114
509,18,119,122
508,14,118,130
496,11,129,156
490,10,136,179
488,14,134,175
488,11,136,180
478,13,147,180
483,18,144,167
489,16,130,174
491,14,137,183
490,14,136,191
484,14,140,197
474,14,146,205
481,11,144,215
479,14,143,209
472,15,147,201
472,12,157,205
467,17,148,207
469,15,142,180
464,19,159,198
456,14,156,209
464,16,152,208
457,14,156,214
460,19,152,194
460,16,160,195
455,17,161,205
449,19,169,183
460,17,169,201
451,22,163,188
456,17,169,196
454,15,171,207
452,17,183,194
448,20,183,185
454,17,171,201
457,18,169,198
459,15,168,188
455,17,163,198
462,12,167,222
465,6,161,238
468,11,159,249
473,10,154,200
473,13,148,203
484,10,135,192
501,13,127,198
505,9,129,201
506,7,122,215
502,6,126,203
481,6,152,182
488,4,142,206
493,3,137,223
512,0,118,247
504,1,132,254
516,5,108,244
537,6,94,234
539,-1,96,247
548,0,89,252
552,0,80,256
555,3,79,258
554,-1,84,254
522,-15,113,241
510,6,122,241
493,0,135,188
496,10,124,175
523,20,95,160
530,11,87,162
535,6,91,174
540,9,89,174
548,3,83,178
556,6,76,177
560,4,76,181
567,0,63,177
565,7,66,174
571,7,62,176
567,10,70,172
572,3,63,184
